id,project,test_class,test_name,test_file_path,focal_file_path,focal_class,focal_package,dataset_type
joda-time_2,joda-time,TestMutableDateTime_Basics,testGet_DateTimeField_oe,src/test/java/org/joda/time/TestMutableDateTime_Basics.java,,,,mixed
joda-time_3,joda-time,TestMutableDateTime_Basics,testGet_DateTimeFieldType_oe,src/test/java/org/joda/time/TestMutableDateTime_Basics.java,,,,mixed
joda-time_6,joda-time,TestMutableDateTime_Basics,testCompareTo_oe,src/test/java/org/joda/time/TestMutableDateTime_Basics.java,,,,mixed
joda-time_37,joda-time,TestMutableDateTime_Basics,testProperty_oe,src/test/java/org/joda/time/TestMutableDateTime_Basics.java,,,,mixed
joda-time_38,joda-time,TestLocalDateTime_Basics,testGet_DateTimeFieldType_oe,src/test/java/org/joda/time/TestLocalDateTime_Basics.java,,,,mixed
joda-time_49,joda-time,TestLocalDateTime_Basics,testCompareTo_oe,src/test/java/org/joda/time/TestLocalDateTime_Basics.java,,,,mixed
joda-time_50,joda-time,TestLocalDateTime_Basics,testIsEqual_LocalDateTime_oe,src/test/java/org/joda/time/TestLocalDateTime_Basics.java,,,,mixed
joda-time_51,joda-time,TestLocalDateTime_Basics,testIsBefore_LocalDateTime_oe,src/test/java/org/joda/time/TestLocalDateTime_Basics.java,,,,mixed
joda-time_52,joda-time,TestLocalDateTime_Basics,testIsAfter_LocalDateTime_oe,src/test/java/org/joda/time/TestLocalDateTime_Basics.java,,,,mixed
joda-time_100,joda-time,TestLocalDateTime_Basics,testProperty_oe,src/test/java/org/joda/time/TestLocalDateTime_Basics.java,,,,mixed
joda-time_106,joda-time,TestMonthDay_Basics,testGet_oe,src/test/java/org/joda/time/TestMonthDay_Basics.java,,,,mixed
joda-time_116,joda-time,TestMonthDay_Basics,testCompareTo_oe,src/test/java/org/joda/time/TestMonthDay_Basics.java,,,,mixed
joda-time_117,joda-time,TestMonthDay_Basics,testIsEqual_MD_oe,src/test/java/org/joda/time/TestMonthDay_Basics.java,,,,mixed
joda-time_118,joda-time,TestMonthDay_Basics,testIsBefore_MD_oe,src/test/java/org/joda/time/TestMonthDay_Basics.java,,,,mixed
joda-time_119,joda-time,TestMonthDay_Basics,testIsAfter_MD_oe,src/test/java/org/joda/time/TestMonthDay_Basics.java,,,,mixed
joda-time_169,joda-time,TestMonthDay_Basics,testToLocalDate_oe,src/test/java/org/joda/time/TestMonthDay_Basics.java,,,,mixed
joda-time_173,joda-time,TestMonthDay_Basics,testProperty_oe,src/test/java/org/joda/time/TestMonthDay_Basics.java,,,,mixed
joda-time_289,joda-time,TestDateTimeUtils,SuppressWarnings_oe,src/test/java/org/joda/time/TestDateTimeUtils.java,,,,mixed
joda-time_290,joda-time,TestDateTimeUtils,SuppressWarnings_oe,src/test/java/org/joda/time/TestDateTimeUtils.java,,,,mixed
joda-time_329,joda-time,TestMutableDateTime_Constructors,testConstructor_int_int_int_int_int_int_int_oe,src/test/java/org/joda/time/TestMutableDateTime_Constructors.java,,,,mixed
joda-time_330,joda-time,TestMutableDateTime_Constructors,testConstructor_int_int_int_int_int_int_int_DateTimeZone_oe,src/test/java/org/joda/time/TestMutableDateTime_Constructors.java,,,,mixed
joda-time_332,joda-time,TestMutableDateTime_Constructors,testConstructor_int_int_int_int_int_int_int_Chronology_oe,src/test/java/org/joda/time/TestMutableDateTime_Constructors.java,,,,mixed
joda-time_376,joda-time,TestMonthDay_Properties,testPropertyCompareToMonthOfYear_oe,src/test/java/org/joda/time/TestMonthDay_Properties.java,,,,mixed
joda-time_380,joda-time,TestMonthDay_Properties,testPropertyCompareToDayOfMonth_oe,src/test/java/org/joda/time/TestMonthDay_Properties.java,,,,mixed
joda-time_386,joda-time,TestPartial_Match,testIsMatch_Partial_oe,src/test/java/org/joda/time/TestPartial_Match.java,,,,mixed
joda-time_411,joda-time,TestPeriod_Basics,testWithFields3_oe,src/test/java/org/joda/time/TestPeriod_Basics.java,,,,mixed
joda-time_421,joda-time,TestPeriod_Basics,testWith_oe,src/test/java/org/joda/time/TestPeriod_Basics.java,,,,mixed
joda-time_422,joda-time,TestPeriod_Basics,testPlus_oe,src/test/java/org/joda/time/TestPeriod_Basics.java,,,,mixed
joda-time_423,joda-time,TestPeriod_Basics,testMinus_oe,src/test/java/org/joda/time/TestPeriod_Basics.java,,,,mixed
joda-time_424,joda-time,TestPeriod_Basics,testPlusFields_oe,src/test/java/org/joda/time/TestPeriod_Basics.java,,,,mixed
joda-time_426,joda-time,TestPeriod_Basics,testMinusFields_oe,src/test/java/org/joda/time/TestPeriod_Basics.java,,,,mixed
joda-time_427,joda-time,TestPeriod_Basics,testMultipliedBy_oe,src/test/java/org/joda/time/TestPeriod_Basics.java,,,,mixed
joda-time_428,joda-time,TestPeriod_Basics,testNegated_oe,src/test/java/org/joda/time/TestPeriod_Basics.java,,,,mixed
joda-time_429,joda-time,TestPeriod_Basics,testToStandardWeeks_oe,src/test/java/org/joda/time/TestPeriod_Basics.java,,,,mixed
joda-time_430,joda-time,TestPeriod_Basics,testToStandardWeeks_years_oe,src/test/java/org/joda/time/TestPeriod_Basics.java,,,,mixed
joda-time_431,joda-time,TestPeriod_Basics,testToStandardWeeks_months_oe,src/test/java/org/joda/time/TestPeriod_Basics.java,,,,mixed
joda-time_432,joda-time,TestPeriod_Basics,testToStandardDays_oe,src/test/java/org/joda/time/TestPeriod_Basics.java,,,,mixed
joda-time_433,joda-time,TestPeriod_Basics,testToStandardDays_years_oe,src/test/java/org/joda/time/TestPeriod_Basics.java,,,,mixed
joda-time_434,joda-time,TestPeriod_Basics,testToStandardDays_months_oe,src/test/java/org/joda/time/TestPeriod_Basics.java,,,,mixed
joda-time_435,joda-time,TestPeriod_Basics,testToStandardHours_oe,src/test/java/org/joda/time/TestPeriod_Basics.java,,,,mixed
joda-time_436,joda-time,TestPeriod_Basics,testToStandardHours_years_oe,src/test/java/org/joda/time/TestPeriod_Basics.java,,,,mixed
joda-time_437,joda-time,TestPeriod_Basics,testToStandardHours_months_oe,src/test/java/org/joda/time/TestPeriod_Basics.java,,,,mixed
joda-time_438,joda-time,TestPeriod_Basics,testToStandardMinutes_oe,src/test/java/org/joda/time/TestPeriod_Basics.java,,,,mixed
joda-time_439,joda-time,TestPeriod_Basics,testToStandardMinutes_years_oe,src/test/java/org/joda/time/TestPeriod_Basics.java,,,,mixed
joda-time_440,joda-time,TestPeriod_Basics,testToStandardMinutes_months_oe,src/test/java/org/joda/time/TestPeriod_Basics.java,,,,mixed
joda-time_441,joda-time,TestPeriod_Basics,testToStandardSeconds_oe,src/test/java/org/joda/time/TestPeriod_Basics.java,,,,mixed
joda-time_442,joda-time,TestPeriod_Basics,testToStandardSeconds_years_oe,src/test/java/org/joda/time/TestPeriod_Basics.java,,,,mixed
joda-time_443,joda-time,TestPeriod_Basics,testToStandardSeconds_months_oe,src/test/java/org/joda/time/TestPeriod_Basics.java,,,,mixed
joda-time_444,joda-time,TestPeriod_Basics,testToStandardDuration_oe,src/test/java/org/joda/time/TestPeriod_Basics.java,,,,mixed
joda-time_445,joda-time,TestPeriod_Basics,testToStandardDuration_years_oe,src/test/java/org/joda/time/TestPeriod_Basics.java,,,,mixed
joda-time_446,joda-time,TestPeriod_Basics,testToStandardDuration_months_oe,src/test/java/org/joda/time/TestPeriod_Basics.java,,,,mixed
joda-time_471,joda-time,TestYearMonth_Properties,testPropertyCompareToYear_oe,src/test/java/org/joda/time/TestYearMonth_Properties.java,,,,mixed
joda-time_475,joda-time,TestYearMonth_Properties,testPropertyCompareToMonth_oe,src/test/java/org/joda/time/TestYearMonth_Properties.java,,,,mixed
joda-time_481,joda-time,TestDateMidnight_Basics,testGet_DateTimeField_oe,src/test/java/org/joda/time/TestDateMidnight_Basics.java,,,,mixed
joda-time_482,joda-time,TestDateMidnight_Basics,testGet_DateTimeFieldType_oe,src/test/java/org/joda/time/TestDateMidnight_Basics.java,,,,mixed
joda-time_486,joda-time,TestDateMidnight_Basics,testCompareTo_oe,src/test/java/org/joda/time/TestDateMidnight_Basics.java,,,,mixed
joda-time_537,joda-time,TestDateMidnight_Basics,testProperty_oe,src/test/java/org/joda/time/TestDateMidnight_Basics.java,,,,mixed
joda-time_539,joda-time,TestMinMaxLong,testDateTime_max_math_oe,src/test/java/org/joda/time/TestMinMaxLong.java,,,,mixed
joda-time_546,joda-time,TestMinMaxLong,testDateTime_min_math_oe,src/test/java/org/joda/time/TestMinMaxLong.java,,,,mixed
joda-time_553,joda-time,TestMonthDay_Constructors,testFactory_FromCalendarFields_oe,src/test/java/org/joda/time/TestMonthDay_Constructors.java,,,,mixed
joda-time_554,joda-time,TestMonthDay_Constructors,testFactory_FromDateFields_oe,src/test/java/org/joda/time/TestMonthDay_Constructors.java,,,,mixed
joda-time_577,joda-time,TestMonthDay_Constructors,testConstructor_int_int_oe,src/test/java/org/joda/time/TestMonthDay_Constructors.java,,,,mixed
joda-time_578,joda-time,TestMonthDay_Constructors,testConstructor_int_int_Chronology_oe,src/test/java/org/joda/time/TestMonthDay_Constructors.java,,,,mixed
joda-time_585,joda-time,TestSeconds,testFactory_standardSecondsIn_RPeriod_oe,src/test/java/org/joda/time/TestSeconds.java,,,,mixed
joda-time_586,joda-time,TestSeconds,testFactory_parseSeconds_String_oe,src/test/java/org/joda/time/TestSeconds.java,,,,mixed
joda-time_599,joda-time,TestSeconds,testPlus_int_oe,src/test/java/org/joda/time/TestSeconds.java,,,,mixed
joda-time_600,joda-time,TestSeconds,testPlus_Seconds_oe,src/test/java/org/joda/time/TestSeconds.java,,,,mixed
joda-time_601,joda-time,TestSeconds,testMinus_int_oe,src/test/java/org/joda/time/TestSeconds.java,,,,mixed
joda-time_602,joda-time,TestSeconds,testMinus_Seconds_oe,src/test/java/org/joda/time/TestSeconds.java,,,,mixed
joda-time_603,joda-time,TestSeconds,testMultipliedBy_int_oe,src/test/java/org/joda/time/TestSeconds.java,,,,mixed
joda-time_604,joda-time,TestSeconds,testDividedBy_int_oe,src/test/java/org/joda/time/TestSeconds.java,,,,mixed
joda-time_605,joda-time,TestSeconds,testNegated_oe,src/test/java/org/joda/time/TestSeconds.java,,,,mixed
joda-time_608,joda-time,TestDateTime_Basics,testGet_DateTimeField_oe,src/test/java/org/joda/time/TestDateTime_Basics.java,,,,mixed
joda-time_609,joda-time,TestDateTime_Basics,testGet_DateTimeFieldType_oe,src/test/java/org/joda/time/TestDateTime_Basics.java,,,,mixed
joda-time_614,joda-time,TestDateTime_Basics,testCompareTo_oe,src/test/java/org/joda/time/TestDateTime_Basics.java,,,,mixed
joda-time_651,joda-time,TestDateTime_Basics,testWithDate_int_int_int_oe,src/test/java/org/joda/time/TestDateTime_Basics.java,,,,mixed
joda-time_655,joda-time,TestDateTime_Basics,testWithDate_LocalDate_oe,src/test/java/org/joda/time/TestDateTime_Basics.java,,,,mixed
joda-time_656,joda-time,TestDateTime_Basics,testWithTime_int_int_int_int_oe,src/test/java/org/joda/time/TestDateTime_Basics.java,,,,mixed
joda-time_658,joda-time,TestDateTime_Basics,testWithTime_LocalTime_oe,src/test/java/org/joda/time/TestDateTime_Basics.java,,,,mixed
joda-time_696,joda-time,TestDateTime_Basics,testProperty_oe,src/test/java/org/joda/time/TestDateTime_Basics.java,,,,mixed
joda-time_697,joda-time,TestDateTimeZone,testDefault_oe,src/test/java/org/joda/time/TestDateTimeZone.java,,,,mixed
joda-time_699,joda-time,TestDateTimeZone,testForID_String_oe,src/test/java/org/joda/time/TestDateTimeZone.java,,,,mixed
joda-time_702,joda-time,TestDateTimeZone,testForOffsetHours_int_oe,src/test/java/org/joda/time/TestDateTimeZone.java,,,,mixed
joda-time_703,joda-time,TestDateTimeZone,testForOffsetHoursMinutes_int_int_oe,src/test/java/org/joda/time/TestDateTimeZone.java,,,,mixed
joda-time_709,joda-time,TestDateTimeZone,testProvider_oe,src/test/java/org/joda/time/TestDateTimeZone.java,,,,mixed
joda-time_764,joda-time,TestMutableDateTime_Sets,testSet_DateTimeFieldType_int2_oe,src/test/java/org/joda/time/TestMutableDateTime_Sets.java,,,,mixed
joda-time_765,joda-time,TestMutableDateTime_Sets,testSet_DateTimeFieldType_int3_oe,src/test/java/org/joda/time/TestMutableDateTime_Sets.java,,,,mixed
joda-time_767,joda-time,TestMutableDateTime_Sets,testSetDate_int_int_int2_oe,src/test/java/org/joda/time/TestMutableDateTime_Sets.java,,,,mixed
joda-time_775,joda-time,TestMutableDateTime_Sets,testSetTime_int_int_int2_oe,src/test/java/org/joda/time/TestMutableDateTime_Sets.java,,,,mixed
joda-time_781,joda-time,TestMutableDateTime_Sets,testSetDateTime_int_int_int_int_int_int_int2_oe,src/test/java/org/joda/time/TestMutableDateTime_Sets.java,,,,mixed
joda-time_786,joda-time,TestMutableDateTime_Sets,testSetMonthOfYear_int2_oe,src/test/java/org/joda/time/TestMutableDateTime_Sets.java,,,,mixed
joda-time_788,joda-time,TestMutableDateTime_Sets,testSetDayOfMonth_int2_oe,src/test/java/org/joda/time/TestMutableDateTime_Sets.java,,,,mixed
joda-time_794,joda-time,TestMutableDateTime_Sets,testSetDayOfYear_int2_oe,src/test/java/org/joda/time/TestMutableDateTime_Sets.java,,,,mixed
joda-time_797,joda-time,TestMutableDateTime_Sets,testSetWeekOfWeekyear_int2_oe,src/test/java/org/joda/time/TestMutableDateTime_Sets.java,,,,mixed
joda-time_799,joda-time,TestMutableDateTime_Sets,testSetDayOfWeek_int2_oe,src/test/java/org/joda/time/TestMutableDateTime_Sets.java,,,,mixed
joda-time_801,joda-time,TestMutableDateTime_Sets,testSetHourOfDay_int2_oe,src/test/java/org/joda/time/TestMutableDateTime_Sets.java,,,,mixed
joda-time_803,joda-time,TestMutableDateTime_Sets,testSetMinuteOfHour_int2_oe,src/test/java/org/joda/time/TestMutableDateTime_Sets.java,,,,mixed
joda-time_805,joda-time,TestMutableDateTime_Sets,testSetMinuteOfDay_int2_oe,src/test/java/org/joda/time/TestMutableDateTime_Sets.java,,,,mixed
joda-time_807,joda-time,TestMutableDateTime_Sets,testSetSecondOfMinute_int2_oe,src/test/java/org/joda/time/TestMutableDateTime_Sets.java,,,,mixed
joda-time_809,joda-time,TestMutableDateTime_Sets,testSetSecondOfDay_int2_oe,src/test/java/org/joda/time/TestMutableDateTime_Sets.java,,,,mixed
joda-time_811,joda-time,TestMutableDateTime_Sets,testSetMilliOfSecond_int2_oe,src/test/java/org/joda/time/TestMutableDateTime_Sets.java,,,,mixed
joda-time_813,joda-time,TestMutableDateTime_Sets,testSetMilliOfDay_int2_oe,src/test/java/org/joda/time/TestMutableDateTime_Sets.java,,,,mixed
joda-time_814,joda-time,TestYearMonthDay_Basics,testGet_oe,src/test/java/org/joda/time/TestYearMonthDay_Basics.java,,,,mixed
joda-time_824,joda-time,TestYearMonthDay_Basics,testCompareTo_oe,src/test/java/org/joda/time/TestYearMonthDay_Basics.java,,,,mixed
joda-time_825,joda-time,TestYearMonthDay_Basics,testIsEqual_YMD_oe,src/test/java/org/joda/time/TestYearMonthDay_Basics.java,,,,mixed
joda-time_826,joda-time,TestYearMonthDay_Basics,testIsBefore_YMD_oe,src/test/java/org/joda/time/TestYearMonthDay_Basics.java,,,,mixed
joda-time_827,joda-time,TestYearMonthDay_Basics,testIsAfter_YMD_oe,src/test/java/org/joda/time/TestYearMonthDay_Basics.java,,,,mixed
joda-time_870,joda-time,TestYearMonthDay_Basics,testProperty_oe,src/test/java/org/joda/time/TestYearMonthDay_Basics.java,,,,mixed
joda-time_917,joda-time,TestMonths,testFactory_parseMonths_String_oe,src/test/java/org/joda/time/TestMonths.java,,,,mixed
joda-time_925,joda-time,TestMonths,testPlus_int_oe,src/test/java/org/joda/time/TestMonths.java,,,,mixed
joda-time_926,joda-time,TestMonths,testPlus_Months_oe,src/test/java/org/joda/time/TestMonths.java,,,,mixed
joda-time_927,joda-time,TestMonths,testMinus_int_oe,src/test/java/org/joda/time/TestMonths.java,,,,mixed
joda-time_928,joda-time,TestMonths,testMinus_Months_oe,src/test/java/org/joda/time/TestMonths.java,,,,mixed
joda-time_929,joda-time,TestMonths,testMultipliedBy_int_oe,src/test/java/org/joda/time/TestMonths.java,,,,mixed
joda-time_930,joda-time,TestMonths,testDividedBy_int_oe,src/test/java/org/joda/time/TestMonths.java,,,,mixed
joda-time_931,joda-time,TestMonths,testNegated_oe,src/test/java/org/joda/time/TestMonths.java,,,,mixed
joda-time_985,joda-time,TestLocalDate_Constructors,testConstructor_int_int_int_oe,src/test/java/org/joda/time/TestLocalDate_Constructors.java,,,,mixed
joda-time_986,joda-time,TestLocalDate_Constructors,testConstructor_int_int_int_Chronology_oe,src/test/java/org/joda/time/TestLocalDate_Constructors.java,,,,mixed
joda-time_1001,joda-time,TestMutableDateTime_Adds,testAdd_DurationFieldType_int2_oe,src/test/java/org/joda/time/TestMutableDateTime_Adds.java,,,,mixed
joda-time_1002,joda-time,TestMutableDateTime_Adds,testAdd_DurationFieldType_int3_oe,src/test/java/org/joda/time/TestMutableDateTime_Adds.java,,,,mixed
joda-time_1039,joda-time,TestLocalTime_Basics,testGet_DateTimeFieldType_oe,src/test/java/org/joda/time/TestLocalTime_Basics.java,,,,mixed
joda-time_1050,joda-time,TestLocalTime_Basics,SuppressWarnings_oe,src/test/java/org/joda/time/TestLocalTime_Basics.java,,,,mixed
joda-time_1051,joda-time,TestLocalTime_Basics,testIsEqual_LocalTime_oe,src/test/java/org/joda/time/TestLocalTime_Basics.java,,,,mixed
joda-time_1052,joda-time,TestLocalTime_Basics,testIsBefore_LocalTime_oe,src/test/java/org/joda/time/TestLocalTime_Basics.java,,,,mixed
joda-time_1053,joda-time,TestLocalTime_Basics,testIsAfter_LocalTime_oe,src/test/java/org/joda/time/TestLocalTime_Basics.java,,,,mixed
joda-time_1083,joda-time,TestLocalTime_Basics,testProperty_oe,src/test/java/org/joda/time/TestLocalTime_Basics.java,,,,mixed
joda-time_1097,joda-time,TestDateTime_Properties,testPropertyAddYear_oe,src/test/java/org/joda/time/TestDateTime_Properties.java,,,,mixed
joda-time_1101,joda-time,TestDateTime_Properties,testPropertyCompareToYear_oe,src/test/java/org/joda/time/TestDateTime_Properties.java,,,,mixed
joda-time_1102,joda-time,TestDateTime_Properties,SuppressWarnings_oe,src/test/java/org/joda/time/TestDateTime_Properties.java,,,,mixed
joda-time_1108,joda-time,TestDateTime_Properties,testPropertySetMonthOfYear_oe,src/test/java/org/joda/time/TestDateTime_Properties.java,,,,mixed
joda-time_1110,joda-time,TestDateTime_Properties,testPropertyCompareToMonthOfYear_oe,src/test/java/org/joda/time/TestDateTime_Properties.java,,,,mixed
joda-time_1115,joda-time,TestDateTime_Properties,testPropertySetDayOfMonth_oe,src/test/java/org/joda/time/TestDateTime_Properties.java,,,,mixed
joda-time_1121,joda-time,TestDateTime_Properties,testPropertyCompareToDayOfMonth_oe,src/test/java/org/joda/time/TestDateTime_Properties.java,,,,mixed
joda-time_1126,joda-time,TestDateTime_Properties,testPropertySetDayOfYear_oe,src/test/java/org/joda/time/TestDateTime_Properties.java,,,,mixed
joda-time_1128,joda-time,TestDateTime_Properties,testPropertyCompareToDayOfYear_oe,src/test/java/org/joda/time/TestDateTime_Properties.java,,,,mixed
joda-time_1133,joda-time,TestDateTime_Properties,testPropertySetWeekOfWeekyear_oe,src/test/java/org/joda/time/TestDateTime_Properties.java,,,,mixed
joda-time_1135,joda-time,TestDateTime_Properties,testPropertyCompareToWeekOfWeekyear_oe,src/test/java/org/joda/time/TestDateTime_Properties.java,,,,mixed
joda-time_1140,joda-time,TestDateTime_Properties,testPropertySetDayOfWeek_oe,src/test/java/org/joda/time/TestDateTime_Properties.java,,,,mixed
joda-time_1142,joda-time,TestDateTime_Properties,testPropertyCompareToDayOfWeek_oe,src/test/java/org/joda/time/TestDateTime_Properties.java,,,,mixed
joda-time_1175,joda-time,TestDays,testFactory_standardDaysIn_RPeriod_oe,src/test/java/org/joda/time/TestDays.java,,,,mixed
joda-time_1176,joda-time,TestDays,testFactory_parseDays_String_oe,src/test/java/org/joda/time/TestDays.java,,,,mixed
joda-time_1185,joda-time,TestDays,testToStandardHours_oe,src/test/java/org/joda/time/TestDays.java,,,,mixed
joda-time_1186,joda-time,TestDays,testToStandardMinutes_oe,src/test/java/org/joda/time/TestDays.java,,,,mixed
joda-time_1187,joda-time,TestDays,testToStandardSeconds_oe,src/test/java/org/joda/time/TestDays.java,,,,mixed
joda-time_1189,joda-time,TestDays,testPlus_int_oe,src/test/java/org/joda/time/TestDays.java,,,,mixed
joda-time_1190,joda-time,TestDays,testPlus_Days_oe,src/test/java/org/joda/time/TestDays.java,,,,mixed
joda-time_1191,joda-time,TestDays,testMinus_int_oe,src/test/java/org/joda/time/TestDays.java,,,,mixed
joda-time_1192,joda-time,TestDays,testMinus_Days_oe,src/test/java/org/joda/time/TestDays.java,,,,mixed
joda-time_1193,joda-time,TestDays,testMultipliedBy_int_oe,src/test/java/org/joda/time/TestDays.java,,,,mixed
joda-time_1194,joda-time,TestDays,testDividedBy_int_oe,src/test/java/org/joda/time/TestDays.java,,,,mixed
joda-time_1195,joda-time,TestDays,testNegated_oe,src/test/java/org/joda/time/TestDays.java,,,,mixed
joda-time_1279,joda-time,TestDateTimeFieldType,test_other_oe,src/test/java/org/joda/time/TestDateTimeFieldType.java,,,,mixed
joda-time_1280,joda-time,TestBasePartial,testSetMethods_oe,src/test/java/org/joda/time/TestBasePartial.java,,,,mixed
joda-time_1284,joda-time,TestYearMonthDay_Properties,testPropertyCompareToYear_oe,src/test/java/org/joda/time/TestYearMonthDay_Properties.java,,,,mixed
joda-time_1288,joda-time,TestYearMonthDay_Properties,testPropertyCompareToMonth_oe,src/test/java/org/joda/time/TestYearMonthDay_Properties.java,,,,mixed
joda-time_1292,joda-time,TestYearMonthDay_Properties,testPropertyCompareToDay_oe,src/test/java/org/joda/time/TestYearMonthDay_Properties.java,,,,mixed
joda-time_1297,joda-time,TestPartial_Basics,testGet_oe,src/test/java/org/joda/time/TestPartial_Basics.java,,,,mixed
joda-time_1307,joda-time,TestPartial_Basics,SuppressWarnings_oe,src/test/java/org/joda/time/TestPartial_Basics.java,,,,mixed
joda-time_1308,joda-time,TestPartial_Basics,testIsEqual_TOD_oe,src/test/java/org/joda/time/TestPartial_Basics.java,,,,mixed
joda-time_1309,joda-time,TestPartial_Basics,testIsBefore_TOD_oe,src/test/java/org/joda/time/TestPartial_Basics.java,,,,mixed
joda-time_1310,joda-time,TestPartial_Basics,testIsAfter_TOD_oe,src/test/java/org/joda/time/TestPartial_Basics.java,,,,mixed
joda-time_1350,joda-time,TestPartial_Basics,testProperty_oe,src/test/java/org/joda/time/TestPartial_Basics.java,,,,mixed
joda-time_1367,joda-time,TestTimeOfDay_Properties,testPropertyCompareToHour_oe,src/test/java/org/joda/time/TestTimeOfDay_Properties.java,,,,mixed
joda-time_1372,joda-time,TestTimeOfDay_Properties,testPropertyCompareToMinute_oe,src/test/java/org/joda/time/TestTimeOfDay_Properties.java,,,,mixed
joda-time_1377,joda-time,TestTimeOfDay_Properties,testPropertyCompareToSecond_oe,src/test/java/org/joda/time/TestTimeOfDay_Properties.java,,,,mixed
joda-time_1382,joda-time,TestTimeOfDay_Properties,testPropertyCompareToMilli_oe,src/test/java/org/joda/time/TestTimeOfDay_Properties.java,,,,mixed
joda-time_1384,joda-time,TestInstant_Basics,testGet_DateTimeFieldType_oe,src/test/java/org/joda/time/TestInstant_Basics.java,,,,mixed
joda-time_1385,joda-time,TestInstant_Basics,testGet_DateTimeField_oe,src/test/java/org/joda/time/TestInstant_Basics.java,,,,mixed
joda-time_1388,joda-time,TestInstant_Basics,testCompareTo_oe,src/test/java/org/joda/time/TestInstant_Basics.java,,,,mixed
joda-time_1418,joda-time,TestBaseSingleFieldPeriod,testFactory_between_RInstant_oe,src/test/java/org/joda/time/TestBaseSingleFieldPeriod.java,,,,mixed
joda-time_1419,joda-time,TestBaseSingleFieldPeriod,SuppressWarnings_oe,src/test/java/org/joda/time/TestBaseSingleFieldPeriod.java,,,,mixed
joda-time_1420,joda-time,TestBaseSingleFieldPeriod,testFactory_standardPeriodIn_RPeriod_oe,src/test/java/org/joda/time/TestBaseSingleFieldPeriod.java,,,,mixed
joda-time_1421,joda-time,TestBaseSingleFieldPeriod,testValueIndexMethods_oe,src/test/java/org/joda/time/TestBaseSingleFieldPeriod.java,,,,mixed
joda-time_1422,joda-time,TestBaseSingleFieldPeriod,testFieldTypeIndexMethods_oe,src/test/java/org/joda/time/TestBaseSingleFieldPeriod.java,,,,mixed
joda-time_1426,joda-time,TestBaseSingleFieldPeriod,testCompareTo_oe,src/test/java/org/joda/time/TestBaseSingleFieldPeriod.java,,,,mixed
joda-time_1501,joda-time,TestPartial_Properties,testPropertyCompareToHour_oe,src/test/java/org/joda/time/TestPartial_Properties.java,,,,mixed
joda-time_1506,joda-time,TestPartial_Properties,testPropertyCompareToMinute_oe,src/test/java/org/joda/time/TestPartial_Properties.java,,,,mixed
joda-time_1530,joda-time,TestYearMonth_Constructors,testFactory_FromCalendarFields_oe,src/test/java/org/joda/time/TestYearMonth_Constructors.java,,,,mixed
joda-time_1531,joda-time,TestYearMonth_Constructors,testFactory_FromDateFields_oe,src/test/java/org/joda/time/TestYearMonth_Constructors.java,,,,mixed
joda-time_1554,joda-time,TestYearMonth_Constructors,testConstructor_int_int_oe,src/test/java/org/joda/time/TestYearMonth_Constructors.java,,,,mixed
joda-time_1555,joda-time,TestYearMonth_Constructors,testConstructor_int_int_Chronology_oe,src/test/java/org/joda/time/TestYearMonth_Constructors.java,,,,mixed
joda-time_1557,joda-time,TestAbstractPartial,testGetValue_oe,src/test/java/org/joda/time/TestAbstractPartial.java,,,,mixed
joda-time_1559,joda-time,TestAbstractPartial,testGetField_oe,src/test/java/org/joda/time/TestAbstractPartial.java,,,,mixed
joda-time_1560,joda-time,TestAbstractPartial,testGetFieldType_oe,src/test/java/org/joda/time/TestAbstractPartial.java,,,,mixed
joda-time_1575,joda-time,TestDurationFieldType,test_other_oe,src/test/java/org/joda/time/TestDurationFieldType.java,,,,mixed
joda-time_1581,joda-time,TestWeeks,testFactory_standardWeeksIn_RPeriod_oe,src/test/java/org/joda/time/TestWeeks.java,,,,mixed
joda-time_1582,joda-time,TestWeeks,testFactory_parseWeeks_String_oe,src/test/java/org/joda/time/TestWeeks.java,,,,mixed
joda-time_1590,joda-time,TestWeeks,testToStandardDays_oe,src/test/java/org/joda/time/TestWeeks.java,,,,mixed
joda-time_1591,joda-time,TestWeeks,testToStandardHours_oe,src/test/java/org/joda/time/TestWeeks.java,,,,mixed
joda-time_1592,joda-time,TestWeeks,testToStandardMinutes_oe,src/test/java/org/joda/time/TestWeeks.java,,,,mixed
joda-time_1593,joda-time,TestWeeks,testToStandardSeconds_oe,src/test/java/org/joda/time/TestWeeks.java,,,,mixed
joda-time_1595,joda-time,TestWeeks,testPlus_int_oe,src/test/java/org/joda/time/TestWeeks.java,,,,mixed
joda-time_1596,joda-time,TestWeeks,testPlus_Weeks_oe,src/test/java/org/joda/time/TestWeeks.java,,,,mixed
joda-time_1597,joda-time,TestWeeks,testMinus_int_oe,src/test/java/org/joda/time/TestWeeks.java,,,,mixed
joda-time_1598,joda-time,TestWeeks,testMinus_Weeks_oe,src/test/java/org/joda/time/TestWeeks.java,,,,mixed
joda-time_1599,joda-time,TestWeeks,testMultipliedBy_int_oe,src/test/java/org/joda/time/TestWeeks.java,,,,mixed
joda-time_1600,joda-time,TestWeeks,testDividedBy_int_oe,src/test/java/org/joda/time/TestWeeks.java,,,,mixed
joda-time_1601,joda-time,TestWeeks,testNegated_oe,src/test/java/org/joda/time/TestWeeks.java,,,,mixed
joda-time_1667,joda-time,TestYearMonthDay_Constructors,testFactory_FromCalendarFields_oe,src/test/java/org/joda/time/TestYearMonthDay_Constructors.java,,,,mixed
joda-time_1668,joda-time,TestYearMonthDay_Constructors,testFactory_FromDateFields_oe,src/test/java/org/joda/time/TestYearMonthDay_Constructors.java,,,,mixed
joda-time_1694,joda-time,TestYearMonthDay_Constructors,testConstructor_int_int_int_oe,src/test/java/org/joda/time/TestYearMonthDay_Constructors.java,,,,mixed
joda-time_1695,joda-time,TestYearMonthDay_Constructors,testConstructor_int_int_int_Chronology_oe,src/test/java/org/joda/time/TestYearMonthDay_Constructors.java,,,,mixed
joda-time_1734,joda-time,TestDateMidnight_Constructors,testConstructor_int_int_int_oe,src/test/java/org/joda/time/TestDateMidnight_Constructors.java,,,,mixed
joda-time_1735,joda-time,TestDateMidnight_Constructors,testConstructor_int_int_int_DateTimeZone_oe,src/test/java/org/joda/time/TestDateMidnight_Constructors.java,,,,mixed
joda-time_1737,joda-time,TestDateMidnight_Constructors,testConstructor_int_int_int_Chronology_oe,src/test/java/org/joda/time/TestDateMidnight_Constructors.java,,,,mixed
joda-time_1739,joda-time,TestIllegalFieldValueException,testVerifyValueBounds_oe,src/test/java/org/joda/time/TestIllegalFieldValueException.java,,,,mixed
joda-time_1740,joda-time,TestIllegalFieldValueException,testSkipDateTimeField_oe,src/test/java/org/joda/time/TestIllegalFieldValueException.java,,,,mixed
joda-time_1741,joda-time,TestIllegalFieldValueException,testSetText_oe,src/test/java/org/joda/time/TestIllegalFieldValueException.java,,,,mixed
joda-time_1742,joda-time,TestIllegalFieldValueException,testZoneTransition_oe,src/test/java/org/joda/time/TestIllegalFieldValueException.java,,,,mixed
joda-time_1743,joda-time,TestIllegalFieldValueException,testJulianYearZero_oe,src/test/java/org/joda/time/TestIllegalFieldValueException.java,,,,mixed
joda-time_1744,joda-time,TestIllegalFieldValueException,testGJCutover_oe,src/test/java/org/joda/time/TestIllegalFieldValueException.java,,,,mixed
joda-time_1745,joda-time,TestIllegalFieldValueException,SuppressWarnings_oe,src/test/java/org/joda/time/TestIllegalFieldValueException.java,,,,mixed
joda-time_1748,joda-time,TestTimeOfDay_Constructors,testFactory_FromCalendarFields_oe,src/test/java/org/joda/time/TestTimeOfDay_Constructors.java,,,,mixed
joda-time_1780,joda-time,TestTimeOfDay_Constructors,testConstructor2_Object_Chronology_oe,src/test/java/org/joda/time/TestTimeOfDay_Constructors.java,,,,mixed
joda-time_1784,joda-time,TestTimeOfDay_Constructors,testConstructor_int_int_oe,src/test/java/org/joda/time/TestTimeOfDay_Constructors.java,,,,mixed
joda-time_1785,joda-time,TestTimeOfDay_Constructors,testConstructor_int_int_Chronology_oe,src/test/java/org/joda/time/TestTimeOfDay_Constructors.java,,,,mixed
joda-time_1787,joda-time,TestTimeOfDay_Constructors,testConstructor_int_int_int_oe,src/test/java/org/joda/time/TestTimeOfDay_Constructors.java,,,,mixed
joda-time_1788,joda-time,TestTimeOfDay_Constructors,testConstructor_int_int_int_Chronology_oe,src/test/java/org/joda/time/TestTimeOfDay_Constructors.java,,,,mixed
joda-time_1790,joda-time,TestTimeOfDay_Constructors,testConstructor_int_int_int_int_oe,src/test/java/org/joda/time/TestTimeOfDay_Constructors.java,,,,mixed
joda-time_1791,joda-time,TestTimeOfDay_Constructors,testConstructor_int_int_int_int_Chronology_oe,src/test/java/org/joda/time/TestTimeOfDay_Constructors.java,,,,mixed
joda-time_1798,joda-time,TestMinutes,testFactory_standardMinutesIn_RPeriod_oe,src/test/java/org/joda/time/TestMinutes.java,,,,mixed
joda-time_1799,joda-time,TestMinutes,testFactory_parseMinutes_String_oe,src/test/java/org/joda/time/TestMinutes.java,,,,mixed
joda-time_1810,joda-time,TestMinutes,testToStandardSeconds_oe,src/test/java/org/joda/time/TestMinutes.java,,,,mixed
joda-time_1812,joda-time,TestMinutes,testPlus_int_oe,src/test/java/org/joda/time/TestMinutes.java,,,,mixed
joda-time_1813,joda-time,TestMinutes,testPlus_Minutes_oe,src/test/java/org/joda/time/TestMinutes.java,,,,mixed
joda-time_1814,joda-time,TestMinutes,testMinus_int_oe,src/test/java/org/joda/time/TestMinutes.java,,,,mixed
joda-time_1815,joda-time,TestMinutes,testMinus_Minutes_oe,src/test/java/org/joda/time/TestMinutes.java,,,,mixed
joda-time_1816,joda-time,TestMinutes,testMultipliedBy_int_oe,src/test/java/org/joda/time/TestMinutes.java,,,,mixed
joda-time_1817,joda-time,TestMinutes,testDividedBy_int_oe,src/test/java/org/joda/time/TestMinutes.java,,,,mixed
joda-time_1818,joda-time,TestMinutes,testNegated_oe,src/test/java/org/joda/time/TestMinutes.java,,,,mixed
joda-time_1823,joda-time,TestLocalTime_Constructors,testFactory_FromCalendarFields_Calendar_oe,src/test/java/org/joda/time/TestLocalTime_Constructors.java,,,,mixed
joda-time_1870,joda-time,TestLocalTime_Constructors,testConstructor_Object2_Chronology_oe,src/test/java/org/joda/time/TestLocalTime_Constructors.java,,,,mixed
joda-time_1874,joda-time,TestLocalTime_Constructors,testConstructor_int_int_oe,src/test/java/org/joda/time/TestLocalTime_Constructors.java,,,,mixed
joda-time_1875,joda-time,TestLocalTime_Constructors,testConstructor_int_int_int_oe,src/test/java/org/joda/time/TestLocalTime_Constructors.java,,,,mixed
joda-time_1876,joda-time,TestLocalTime_Constructors,testConstructor_int_int_int_int_oe,src/test/java/org/joda/time/TestLocalTime_Constructors.java,,,,mixed
joda-time_1877,joda-time,TestLocalTime_Constructors,testConstructor_int_int_int_int_Chronology_oe,src/test/java/org/joda/time/TestLocalTime_Constructors.java,,,,mixed
joda-time_1884,joda-time,TestYears,testFactory_parseYears_String_oe,src/test/java/org/joda/time/TestYears.java,,,,mixed
joda-time_1892,joda-time,TestYears,testPlus_int_oe,src/test/java/org/joda/time/TestYears.java,,,,mixed
joda-time_1893,joda-time,TestYears,testPlus_Years_oe,src/test/java/org/joda/time/TestYears.java,,,,mixed
joda-time_1894,joda-time,TestYears,testMinus_int_oe,src/test/java/org/joda/time/TestYears.java,,,,mixed
joda-time_1895,joda-time,TestYears,testMinus_Years_oe,src/test/java/org/joda/time/TestYears.java,,,,mixed
joda-time_1896,joda-time,TestYears,testMultipliedBy_int_oe,src/test/java/org/joda/time/TestYears.java,,,,mixed
joda-time_1897,joda-time,TestYears,testDividedBy_int_oe,src/test/java/org/joda/time/TestYears.java,,,,mixed
joda-time_1898,joda-time,TestYears,testNegated_oe,src/test/java/org/joda/time/TestYears.java,,,,mixed
joda-time_1900,joda-time,TestTimeOfDay_Basics,testGet_oe,src/test/java/org/joda/time/TestTimeOfDay_Basics.java,,,,mixed
joda-time_1910,joda-time,TestTimeOfDay_Basics,testCompareTo_oe,src/test/java/org/joda/time/TestTimeOfDay_Basics.java,,,,mixed
joda-time_1911,joda-time,TestTimeOfDay_Basics,testIsEqual_TOD_oe,src/test/java/org/joda/time/TestTimeOfDay_Basics.java,,,,mixed
joda-time_1912,joda-time,TestTimeOfDay_Basics,testIsBefore_TOD_oe,src/test/java/org/joda/time/TestTimeOfDay_Basics.java,,,,mixed
joda-time_1913,joda-time,TestTimeOfDay_Basics,testIsAfter_TOD_oe,src/test/java/org/joda/time/TestTimeOfDay_Basics.java,,,,mixed
joda-time_1946,joda-time,TestTimeOfDay_Basics,testProperty_oe,src/test/java/org/joda/time/TestTimeOfDay_Basics.java,,,,mixed
joda-time_2070,joda-time,TestMutablePeriod_Updates,testSetYears_oe,src/test/java/org/joda/time/TestMutablePeriod_Updates.java,,,,mixed
joda-time_2078,joda-time,TestMutablePeriod_Updates,testSet_Field_oe,src/test/java/org/joda/time/TestMutablePeriod_Updates.java,,,,mixed
joda-time_2079,joda-time,TestMutablePeriod_Updates,testAdd_Field_oe,src/test/java/org/joda/time/TestMutablePeriod_Updates.java,,,,mixed
joda-time_2081,joda-time,TestMutablePeriod_Updates,testSetPeriod_8ints2_oe,src/test/java/org/joda/time/TestMutablePeriod_Updates.java,,,,mixed
joda-time_2085,joda-time,TestMutablePeriod_Updates,testSetPeriod_RP2_oe,src/test/java/org/joda/time/TestMutablePeriod_Updates.java,,,,mixed
joda-time_2111,joda-time,TestMutablePeriod_Updates,testAdd_8ints2_oe,src/test/java/org/joda/time/TestMutablePeriod_Updates.java,,,,mixed
joda-time_2124,joda-time,TestMutablePeriod_Updates,testAdd_RP4_oe,src/test/java/org/joda/time/TestMutablePeriod_Updates.java,,,,mixed
joda-time_2133,joda-time,TestMutablePeriod_Updates,testMergePeriod_RP2_oe,src/test/java/org/joda/time/TestMutablePeriod_Updates.java,,,,mixed
joda-time_2142,joda-time,TestHours,testFactory_standardHoursIn_RPeriod_oe,src/test/java/org/joda/time/TestHours.java,,,,mixed
joda-time_2143,joda-time,TestHours,testFactory_parseHours_String_oe,src/test/java/org/joda/time/TestHours.java,,,,mixed
joda-time_2153,joda-time,TestHours,testToStandardMinutes_oe,src/test/java/org/joda/time/TestHours.java,,,,mixed
joda-time_2154,joda-time,TestHours,testToStandardSeconds_oe,src/test/java/org/joda/time/TestHours.java,,,,mixed
joda-time_2156,joda-time,TestHours,testPlus_int_oe,src/test/java/org/joda/time/TestHours.java,,,,mixed
joda-time_2157,joda-time,TestHours,testPlus_Hours_oe,src/test/java/org/joda/time/TestHours.java,,,,mixed
joda-time_2158,joda-time,TestHours,testMinus_int_oe,src/test/java/org/joda/time/TestHours.java,,,,mixed
joda-time_2159,joda-time,TestHours,testMinus_Hours_oe,src/test/java/org/joda/time/TestHours.java,,,,mixed
joda-time_2160,joda-time,TestHours,testMultipliedBy_int_oe,src/test/java/org/joda/time/TestHours.java,,,,mixed
joda-time_2161,joda-time,TestHours,testDividedBy_int_oe,src/test/java/org/joda/time/TestHours.java,,,,mixed
joda-time_2162,joda-time,TestHours,testNegated_oe,src/test/java/org/joda/time/TestHours.java,,,,mixed
joda-time_2198,joda-time,TestLocalDate_Basics,testGet_DateTimeFieldType_oe,src/test/java/org/joda/time/TestLocalDate_Basics.java,,,,mixed
joda-time_2212,joda-time,TestLocalDate_Basics,SuppressWarnings_oe,src/test/java/org/joda/time/TestLocalDate_Basics.java,,,,mixed
joda-time_2213,joda-time,TestLocalDate_Basics,testIsEqual_LocalDate_oe,src/test/java/org/joda/time/TestLocalDate_Basics.java,,,,mixed
joda-time_2214,joda-time,TestLocalDate_Basics,testIsBefore_LocalDate_oe,src/test/java/org/joda/time/TestLocalDate_Basics.java,,,,mixed
joda-time_2215,joda-time,TestLocalDate_Basics,testIsAfter_LocalDate_oe,src/test/java/org/joda/time/TestLocalDate_Basics.java,,,,mixed
joda-time_2275,joda-time,TestLocalDate_Basics,testProperty_oe,src/test/java/org/joda/time/TestLocalDate_Basics.java,,,,mixed
joda-time_2339,joda-time,TestDateTime_Constructors,testConstructor_int_int_int_int_int_int_int_oe,src/test/java/org/joda/time/TestDateTime_Constructors.java,,,,mixed
joda-time_2340,joda-time,TestDateTime_Constructors,testConstructor_int_int_int_int_int_int_int_DateTimeZone_oe,src/test/java/org/joda/time/TestDateTime_Constructors.java,,,,mixed
joda-time_2342,joda-time,TestDateTime_Constructors,testConstructor_int_int_int_int_int_int_int_Chronology_oe,src/test/java/org/joda/time/TestDateTime_Constructors.java,,,,mixed
joda-time_2347,joda-time,TestDateTimeZoneCutover,test_DateTime_setHourZero_Gaza_oe,src/test/java/org/joda/time/TestDateTimeZoneCutover.java,,,,mixed
joda-time_2348,joda-time,TestDateTimeZoneCutover,test_DateTime_withHourZero_Gaza_oe,src/test/java/org/joda/time/TestDateTimeZoneCutover.java,,,,mixed
joda-time_2359,joda-time,TestDateTimeZoneCutover,test_LocalDate_toDateMidnight_Gaza_oe,src/test/java/org/joda/time/TestDateTimeZoneCutover.java,,,,mixed
joda-time_2360,joda-time,TestDateTimeZoneCutover,test_DateTime_new_Gaza_oe,src/test/java/org/joda/time/TestDateTimeZoneCutover.java,,,,mixed
joda-time_2361,joda-time,TestDateTimeZoneCutover,test_DateTime_parse_Gaza_oe,src/test/java/org/joda/time/TestDateTimeZoneCutover.java,,,,mixed
joda-time_2366,joda-time,TestDateTimeZoneCutover,test_DateTime_setHourZero_Turk_oe,src/test/java/org/joda/time/TestDateTimeZoneCutover.java,,,,mixed
joda-time_2367,joda-time,TestDateTimeZoneCutover,test_DateTime_withHourZero_Turk_oe,src/test/java/org/joda/time/TestDateTimeZoneCutover.java,,,,mixed
joda-time_2378,joda-time,TestDateTimeZoneCutover,test_LocalDate_toDateMidnight_Turk_oe,src/test/java/org/joda/time/TestDateTimeZoneCutover.java,,,,mixed
joda-time_2379,joda-time,TestDateTimeZoneCutover,test_DateTime_new_Turk_oe,src/test/java/org/joda/time/TestDateTimeZoneCutover.java,,,,mixed
joda-time_2380,joda-time,TestDateTimeZoneCutover,test_DateTime_parse_Turk_oe,src/test/java/org/joda/time/TestDateTimeZoneCutover.java,,,,mixed
joda-time_2383,joda-time,TestDateTimeZoneCutover,test_DateTime_setHourForward_NewYork_Spring_oe,src/test/java/org/joda/time/TestDateTimeZoneCutover.java,,,,mixed
joda-time_2384,joda-time,TestDateTimeZoneCutover,test_DateTime_setHourBack_NewYork_Spring_oe,src/test/java/org/joda/time/TestDateTimeZoneCutover.java,,,,mixed
joda-time_2419,joda-time,TestDateTimeZoneCutover,test_DateTime_setHourForward_Moscow_Spring_oe,src/test/java/org/joda/time/TestDateTimeZoneCutover.java,,,,mixed
joda-time_2420,joda-time,TestDateTimeZoneCutover,test_DateTime_setHourBack_Moscow_Spring_oe,src/test/java/org/joda/time/TestDateTimeZoneCutover.java,,,,mixed
joda-time_2457,joda-time,TestLocalTime_Properties,testPropertyCompareToHour_oe,src/test/java/org/joda/time/TestLocalTime_Properties.java,,,,mixed
joda-time_2462,joda-time,TestLocalTime_Properties,testPropertyCompareToMinute_oe,src/test/java/org/joda/time/TestLocalTime_Properties.java,,,,mixed
joda-time_2467,joda-time,TestLocalTime_Properties,testPropertyCompareToSecond_oe,src/test/java/org/joda/time/TestLocalTime_Properties.java,,,,mixed
joda-time_2472,joda-time,TestLocalTime_Properties,testPropertyCompareToMilli_oe,src/test/java/org/joda/time/TestLocalTime_Properties.java,,,,mixed
joda-time_2481,joda-time,TestInterval_Constructors,testConstructor_long_long_minMax_oe,src/test/java/org/joda/time/TestInterval_Constructors.java,,,,mixed
joda-time_2589,joda-time,TestDurationField,test_subtract_oe,src/test/java/org/joda/time/TestDurationField.java,,,,mixed
joda-time_2593,joda-time,TestLocalDate_Properties,testPropertyCompareToYear_oe,src/test/java/org/joda/time/TestLocalDate_Properties.java,,,,mixed
joda-time_2597,joda-time,TestLocalDate_Properties,testPropertyCompareToMonth_oe,src/test/java/org/joda/time/TestLocalDate_Properties.java,,,,mixed
joda-time_2601,joda-time,TestLocalDate_Properties,testPropertyCompareToDay_oe,src/test/java/org/joda/time/TestLocalDate_Properties.java,,,,mixed
joda-time_2609,joda-time,TestLocalDateTime_Properties,testPropertyCompareToYear_oe,src/test/java/org/joda/time/TestLocalDateTime_Properties.java,,,,mixed
joda-time_2613,joda-time,TestLocalDateTime_Properties,testPropertyCompareToMonth_oe,src/test/java/org/joda/time/TestLocalDateTime_Properties.java,,,,mixed
joda-time_2617,joda-time,TestLocalDateTime_Properties,testPropertyCompareToDay_oe,src/test/java/org/joda/time/TestLocalDateTime_Properties.java,,,,mixed
joda-time_2623,joda-time,TestLocalDateTime_Properties,testPropertyCompareToHour_oe,src/test/java/org/joda/time/TestLocalDateTime_Properties.java,,,,mixed
joda-time_2627,joda-time,TestLocalDateTime_Properties,testPropertyCompareToMinute_oe,src/test/java/org/joda/time/TestLocalDateTime_Properties.java,,,,mixed
joda-time_2631,joda-time,TestLocalDateTime_Properties,testPropertyCompareToSecond_oe,src/test/java/org/joda/time/TestLocalDateTime_Properties.java,,,,mixed
joda-time_2635,joda-time,TestLocalDateTime_Properties,testPropertyCompareToMilli_oe,src/test/java/org/joda/time/TestLocalDateTime_Properties.java,,,,mixed
joda-time_2639,joda-time,TestDuration_Basics,testCompareTo_oe,src/test/java/org/joda/time/TestDuration_Basics.java,,,,mixed
joda-time_2703,joda-time,TestYearMonth_Basics,testGet_oe,src/test/java/org/joda/time/TestYearMonth_Basics.java,,,,mixed
joda-time_2713,joda-time,TestYearMonth_Basics,testCompareTo_oe,src/test/java/org/joda/time/TestYearMonth_Basics.java,,,,mixed
joda-time_2714,joda-time,TestYearMonth_Basics,testIsEqual_YM_oe,src/test/java/org/joda/time/TestYearMonth_Basics.java,,,,mixed
joda-time_2715,joda-time,TestYearMonth_Basics,testIsBefore_YM_oe,src/test/java/org/joda/time/TestYearMonth_Basics.java,,,,mixed
joda-time_2716,joda-time,TestYearMonth_Basics,testIsAfter_YM_oe,src/test/java/org/joda/time/TestYearMonth_Basics.java,,,,mixed
joda-time_2736,joda-time,TestYearMonth_Basics,testToLocalDate_oe,src/test/java/org/joda/time/TestYearMonth_Basics.java,,,,mixed
joda-time_2743,joda-time,TestYearMonth_Basics,testProperty_oe,src/test/java/org/joda/time/TestYearMonth_Basics.java,,,,mixed
joda-time_2823,joda-time,TestLocalDateTime_Constructors,testConstructor_int_int_int_int_int_int_int_oe,src/test/java/org/joda/time/TestLocalDateTime_Constructors.java,,,,mixed
joda-time_2824,joda-time,TestLocalDateTime_Constructors,testConstructor_int_int_int_Chronology_oe,src/test/java/org/joda/time/TestLocalDateTime_Constructors.java,,,,mixed
joda-time_2866,joda-time,TestGJChronology,testFactory_Zone_long_int_oe,src/test/java/org/joda/time/chrono/TestGJChronology.java,,,,mixed
joda-time_2868,joda-time,TestGJChronology,testFactory_Zone_RI_int_oe,src/test/java/org/joda/time/chrono/TestGJChronology.java,,,,mixed
joda-time_2897,joda-time,TestCopticChronology,testEra_oe,src/test/java/org/joda/time/chrono/TestCopticChronology.java,,,,mixed
joda-time_2914,joda-time,TestISOChronology,testMaxYear_oe,src/test/java/org/joda/time/chrono/TestISOChronology.java,,,,mixed
joda-time_2915,joda-time,TestISOChronology,testMinYear_oe,src/test/java/org/joda/time/chrono/TestISOChronology.java,,,,mixed
joda-time_2933,joda-time,TestEthiopicChronology,testEra_oe,src/test/java/org/joda/time/chrono/TestEthiopicChronology.java,,,,mixed
joda-time_2964,joda-time,TestIslamicChronology,testEra_oe,src/test/java/org/joda/time/chrono/TestIslamicChronology.java,,,,mixed
joda-time_2977,joda-time,TestGregorianChronology,testFactory_Zone_int_oe,src/test/java/org/joda/time/chrono/TestGregorianChronology.java,,,,mixed
joda-time_3009,joda-time,TestBuddhistChronology,testEra_oe,src/test/java/org/joda/time/chrono/TestBuddhistChronology.java,,,,mixed
joda-time_3014,joda-time,TestJulianChronology,testFactory_Zone_int_oe,src/test/java/org/joda/time/chrono/TestJulianChronology.java,,,,mixed
joda-time_3114,joda-time,TestReadablePartialConverter,testGetPartialValues_oe,src/test/java/org/joda/time/convert/TestReadablePartialConverter.java,,,,mixed
joda-time_3117,joda-time,TestConverterManager,testGetInstantConverter_oe,src/test/java/org/joda/time/convert/TestConverterManager.java,,,,mixed
joda-time_3118,joda-time,TestConverterManager,testGetInstantConverterRemovedNull_oe,src/test/java/org/joda/time/convert/TestConverterManager.java,,,,mixed
joda-time_3120,joda-time,TestConverterManager,testGetInstantConverterBadMultipleMatches_oe,src/test/java/org/joda/time/convert/TestConverterManager.java,,,,mixed
joda-time_3126,joda-time,TestConverterManager,testAddInstantConverterSecurity_oe,src/test/java/org/joda/time/convert/TestConverterManager.java,,,,mixed
joda-time_3130,joda-time,TestConverterManager,testRemoveInstantConverterSecurity_oe,src/test/java/org/joda/time/convert/TestConverterManager.java,,,,mixed
joda-time_3131,joda-time,TestConverterManager,testGetPartialConverter_oe,src/test/java/org/joda/time/convert/TestConverterManager.java,,,,mixed
joda-time_3132,joda-time,TestConverterManager,testGetPartialConverterRemovedNull_oe,src/test/java/org/joda/time/convert/TestConverterManager.java,,,,mixed
joda-time_3134,joda-time,TestConverterManager,testGetPartialConverterBadMultipleMatches_oe,src/test/java/org/joda/time/convert/TestConverterManager.java,,,,mixed
joda-time_3140,joda-time,TestConverterManager,testAddPartialConverterSecurity_oe,src/test/java/org/joda/time/convert/TestConverterManager.java,,,,mixed
joda-time_3144,joda-time,TestConverterManager,testRemovePartialConverterSecurity_oe,src/test/java/org/joda/time/convert/TestConverterManager.java,,,,mixed
joda-time_3145,joda-time,TestConverterManager,testGetDurationConverter_oe,src/test/java/org/joda/time/convert/TestConverterManager.java,,,,mixed
joda-time_3146,joda-time,TestConverterManager,testGetDurationConverterRemovedNull_oe,src/test/java/org/joda/time/convert/TestConverterManager.java,,,,mixed
joda-time_3151,joda-time,TestConverterManager,testAddDurationConverterSecurity_oe,src/test/java/org/joda/time/convert/TestConverterManager.java,,,,mixed
joda-time_3155,joda-time,TestConverterManager,testRemoveDurationConverterSecurity_oe,src/test/java/org/joda/time/convert/TestConverterManager.java,,,,mixed
joda-time_3156,joda-time,TestConverterManager,testGetPeriodConverter_oe,src/test/java/org/joda/time/convert/TestConverterManager.java,,,,mixed
joda-time_3157,joda-time,TestConverterManager,testGetPeriodConverterRemovedNull_oe,src/test/java/org/joda/time/convert/TestConverterManager.java,,,,mixed
joda-time_3162,joda-time,TestConverterManager,testAddPeriodConverterSecurity_oe,src/test/java/org/joda/time/convert/TestConverterManager.java,,,,mixed
joda-time_3166,joda-time,TestConverterManager,testRemovePeriodConverterSecurity_oe,src/test/java/org/joda/time/convert/TestConverterManager.java,,,,mixed
joda-time_3167,joda-time,TestConverterManager,testGetIntervalConverter_oe,src/test/java/org/joda/time/convert/TestConverterManager.java,,,,mixed
joda-time_3168,joda-time,TestConverterManager,testGetIntervalConverterRemovedNull_oe,src/test/java/org/joda/time/convert/TestConverterManager.java,,,,mixed
joda-time_3173,joda-time,TestConverterManager,testAddIntervalConverterSecurity_oe,src/test/java/org/joda/time/convert/TestConverterManager.java,,,,mixed
joda-time_3177,joda-time,TestConverterManager,testRemoveIntervalConverterSecurity_oe,src/test/java/org/joda/time/convert/TestConverterManager.java,,,,mixed
joda-time_3193,joda-time,TestConverterSet,testRemoveBadIndex1_oe,src/test/java/org/joda/time/convert/TestConverterSet.java,,,,mixed
joda-time_3194,joda-time,TestConverterSet,testRemoveBadIndex2_oe,src/test/java/org/joda/time/convert/TestConverterSet.java,,,,mixed
joda-time_3261,joda-time,TestDateTimeFormat,testFormat_yearOfEra_twoDigit_oe,src/test/java/org/joda/time/format/TestDateTimeFormat.java,,,,mixed
joda-time_3263,joda-time,TestDateTimeFormat,testFormat_year_oe,src/test/java/org/joda/time/format/TestDateTimeFormat.java,,,,mixed
joda-time_3264,joda-time,TestDateTimeFormat,testFormat_year_twoDigit_oe,src/test/java/org/joda/time/format/TestDateTimeFormat.java,,,,mixed
joda-time_3267,joda-time,TestDateTimeFormat,testFormat_weekyearOfEra_twoDigit_oe,src/test/java/org/joda/time/format/TestDateTimeFormat.java,,,,mixed
joda-time_3294,joda-time,TestDateTimeFormat,testFormat_shortBasicParse_oe,src/test/java/org/joda/time/format/TestDateTimeFormat.java,,,,mixed
joda-time_3308,joda-time,TestDateTimeFormat,testFormatParse_textYear_UK_oe,src/test/java/org/joda/time/format/TestDateTimeFormat.java,,,,mixed
joda-time_3309,joda-time,TestDateTimeFormat,testFormatParse_textYear_France_oe,src/test/java/org/joda/time/format/TestDateTimeFormat.java,,,,mixed
joda-time_3326,joda-time,TestPeriodFormat,test_getDefault_checkRedundantSeparator_oe,src/test/java/org/joda/time/format/TestPeriodFormat.java,,,,mixed
joda-time_3367,joda-time,TestPeriodFormat,test_wordBased_ja_checkRedundantSeparator_oe,src/test/java/org/joda/time/format/TestPeriodFormat.java,,,,mixed
joda-time_3373,joda-time,TestPeriodFormat,test_wordBased_pl_checkRedundantSeparator_oe,src/test/java/org/joda/time/format/TestPeriodFormat.java,,,,mixed
joda-time_3383,joda-time,TestPeriodFormat,test_wordBased_ru_checkRedundantSeparator_oe,src/test/java/org/joda/time/format/TestPeriodFormat.java,,,,mixed
joda-time_3397,joda-time,TestPeriodFormatter,testPrint_bufferMethods_oe,src/test/java/org/joda/time/format/TestPeriodFormatter.java,,,,mixed
joda-time_3398,joda-time,TestPeriodFormatter,testPrint_writerMethods_oe,src/test/java/org/joda/time/format/TestPeriodFormatter.java,,,,mixed
joda-time_3401,joda-time,TestPeriodFormatter,testPrinterParserMethods_oe,src/test/java/org/joda/time/format/TestPeriodFormatter.java,,,,mixed
joda-time_3402,joda-time,TestPeriodFormatter,testParsePeriod_simple_oe,src/test/java/org/joda/time/format/TestPeriodFormatter.java,,,,mixed
joda-time_3403,joda-time,TestPeriodFormatter,testParsePeriod_parseType_oe,src/test/java/org/joda/time/format/TestPeriodFormatter.java,,,,mixed
joda-time_3404,joda-time,TestPeriodFormatter,testParseMutablePeriod_simple_oe,src/test/java/org/joda/time/format/TestPeriodFormatter.java,,,,mixed
joda-time_3405,joda-time,TestPeriodFormatter,testParseInto_simple_oe,src/test/java/org/joda/time/format/TestPeriodFormatter.java,,,,mixed
joda-time_3445,joda-time,TestDateTimeFormatterBuilder,test_toFormatter_oe,src/test/java/org/joda/time/format/TestDateTimeFormatterBuilder.java,,,,mixed
joda-time_3446,joda-time,TestDateTimeFormatterBuilder,test_toPrinter_oe,src/test/java/org/joda/time/format/TestDateTimeFormatterBuilder.java,,,,mixed
joda-time_3447,joda-time,TestDateTimeFormatterBuilder,test_toParser_oe,src/test/java/org/joda/time/format/TestDateTimeFormatterBuilder.java,,,,mixed
joda-time_3460,joda-time,TestDateTimeFormatterBuilder,test_appendFixedDecimal_oe,src/test/java/org/joda/time/format/TestDateTimeFormatterBuilder.java,,,,mixed
joda-time_3461,joda-time,TestDateTimeFormatterBuilder,test_appendFixedSignedDecimal_oe,src/test/java/org/joda/time/format/TestDateTimeFormatterBuilder.java,,,,mixed
joda-time_3471,joda-time,TestDateTimeFormatterBuilder,test_appendTimeZoneId_oe,src/test/java/org/joda/time/format/TestDateTimeFormatterBuilder.java,,,,mixed
joda-time_3497,joda-time,TestDateTimeFormatterBuilder,test_printParseShortName_oe,src/test/java/org/joda/time/format/TestDateTimeFormatterBuilder.java,,,,mixed
joda-time_3498,joda-time,TestDateTimeFormatterBuilder,test_printParseShortNameWithLookup_oe,src/test/java/org/joda/time/format/TestDateTimeFormatterBuilder.java,,,,mixed
joda-time_3499,joda-time,TestDateTimeFormatterBuilder,test_printParseShortNameWithAutoLookup_oe,src/test/java/org/joda/time/format/TestDateTimeFormatterBuilder.java,,,,mixed
joda-time_3500,joda-time,TestDateTimeFormatterBuilder,test_printParseLongName_oe,src/test/java/org/joda/time/format/TestDateTimeFormatterBuilder.java,,,,mixed
joda-time_3501,joda-time,TestDateTimeFormatterBuilder,test_printParseLongNameWithLookup_oe,src/test/java/org/joda/time/format/TestDateTimeFormatterBuilder.java,,,,mixed
joda-time_3506,joda-time,TestDateTimeFormatter,SuppressWarnings_oe,src/test/java/org/joda/time/format/TestDateTimeFormatter.java,,,,mixed
joda-time_3507,joda-time,TestDateTimeFormatter,SuppressWarnings_oe,src/test/java/org/joda/time/format/TestDateTimeFormatter.java,,,,mixed
joda-time_3508,joda-time,TestDateTimeFormatter,SuppressWarnings_oe,src/test/java/org/joda/time/format/TestDateTimeFormatter.java,,,,mixed
joda-time_3509,joda-time,TestDateTimeFormatter,testPrint_appendableMethods_oe,src/test/java/org/joda/time/format/TestDateTimeFormatter.java,,,,mixed
joda-time_3516,joda-time,TestDateTimeFormatter,testPrinterParserMethods_oe,src/test/java/org/joda/time/format/TestDateTimeFormatter.java,,,,mixed
joda-time_3517,joda-time,TestDateTimeFormatter,testParseLocalDate_simple_oe,src/test/java/org/joda/time/format/TestDateTimeFormatter.java,,,,mixed
joda-time_3532,joda-time,TestDateTimeFormatter,testParseLocalTime_simple_oe,src/test/java/org/joda/time/format/TestDateTimeFormatter.java,,,,mixed
joda-time_3533,joda-time,TestDateTimeFormatter,testParseLocalDateTime_simple_oe,src/test/java/org/joda/time/format/TestDateTimeFormatter.java,,,,mixed
joda-time_3536,joda-time,TestDateTimeFormatter,testParseDateTime_simple_oe,src/test/java/org/joda/time/format/TestDateTimeFormatter.java,,,,mixed
joda-time_3543,joda-time,TestDateTimeFormatter,testParseMutableDateTime_simple_oe,src/test/java/org/joda/time/format/TestDateTimeFormatter.java,,,,mixed
joda-time_3550,joda-time,TestDateTimeFormatter,testParseInto_simple_oe,src/test/java/org/joda/time/format/TestDateTimeFormatter.java,,,,mixed
joda-time_3657,joda-time,TestPeriodFormatterBuilder,testFormatAppend_PrinterParser_Printer_null_oe,src/test/java/org/joda/time/format/TestPeriodFormatterBuilder.java,,,,mixed
joda-time_3658,joda-time,TestPeriodFormatterBuilder,testFormatAppend_PrinterParser_null_Parser_oe,src/test/java/org/joda/time/format/TestPeriodFormatterBuilder.java,,,,mixed
joda-time_3660,joda-time,TestPeriodFormatterBuilder,testFormatAppend_PrinterParser_Printer_null_null_Parser_oe,src/test/java/org/joda/time/format/TestPeriodFormatterBuilder.java,,,,mixed
joda-time_3663,joda-time,TestPeriodFormatterBuilder,testAppendSeparatorIfFieldsBeforeThrowsIllegalStateExceptionAndAppendPrefixTakingString_oe,src/test/java/org/joda/time/format/TestPeriodFormatterBuilder.java,,,,mixed
joda-time_3664,joda-time,TestPeriodFormatterBuilder,testAppendSeparatorIfFieldsBeforeThrowsIllegalStateExceptionAndAppendSeparatorIfFieldsAfter_oe,src/test/java/org/joda/time/format/TestPeriodFormatterBuilder.java,,,,mixed
joda-time_3665,joda-time,TestPeriodFormatterBuilder,testAppendSeparatorTaking3ArgumentsWithEmptyStringAndNull_oe,src/test/java/org/joda/time/format/TestPeriodFormatterBuilder.java,,,,mixed
joda-time_3666,joda-time,TestPeriodFormatterBuilder,testAppendSeparatorTaking3ArgumentsWithNullAndNonEmptyArray_oe,src/test/java/org/joda/time/format/TestPeriodFormatterBuilder.java,,,,mixed
joda-time_3667,joda-time,TestPeriodFormatterBuilder,testAppendSuffixTaking2StringArraysThrowsIllegalStateException_oe,src/test/java/org/joda/time/format/TestPeriodFormatterBuilder.java,,,,mixed
joda-time_3668,joda-time,TestPeriodFormatterBuilder,testAppendLiteralThrowsIllegalArgumentException_oe,src/test/java/org/joda/time/format/TestPeriodFormatterBuilder.java,,,,mixed
joda-time_3669,joda-time,TestPeriodFormatterBuilder,testAppendTakingPeriodFormatterThrowsIllegalArgumentException_oe,src/test/java/org/joda/time/format/TestPeriodFormatterBuilder.java,,,,mixed
joda-time_3680,joda-time,TestISODateTimeFormat_Fields,testForFields_calBased_YD_oe,src/test/java/org/joda/time/format/TestISODateTimeFormat_Fields.java,,,,mixed
joda-time_3687,joda-time,TestISODateTimeFormat_Fields,testForFields_weekBased_YD_oe,src/test/java/org/joda/time/format/TestISODateTimeFormat_Fields.java,,,,mixed
joda-time_3700,joda-time,TestISODateTimeFormat_Fields,testForFields_time_m_oe,src/test/java/org/joda/time/format/TestISODateTimeFormat_Fields.java,,,,mixed
joda-time_3701,joda-time,TestISODateTimeFormat_Fields,testForFields_time_Hm_oe,src/test/java/org/joda/time/format/TestISODateTimeFormat_Fields.java,,,,mixed
joda-time_3702,joda-time,TestISODateTimeFormat_Fields,testForFields_time_HS_oe,src/test/java/org/joda/time/format/TestISODateTimeFormat_Fields.java,,,,mixed
joda-time_3703,joda-time,TestISODateTimeFormat_Fields,testForFields_time_Mm_oe,src/test/java/org/joda/time/format/TestISODateTimeFormat_Fields.java,,,,mixed
joda-time_3704,joda-time,TestISODateTimeFormat_Fields,testForFields_time_HSm_oe,src/test/java/org/joda/time/format/TestISODateTimeFormat_Fields.java,,,,mixed
joda-time_3705,joda-time,TestISODateTimeFormat_Fields,testForFields_time_HMm_oe,src/test/java/org/joda/time/format/TestISODateTimeFormat_Fields.java,,,,mixed
joda-time_3708,joda-time,TestISODateTimeFormat_Fields,testForFields_datetime_YH_oe,src/test/java/org/joda/time/format/TestISODateTimeFormat_Fields.java,,,,mixed
joda-time_3709,joda-time,TestISODateTimeFormat_Fields,testForFields_datetime_DM_oe,src/test/java/org/joda/time/format/TestISODateTimeFormat_Fields.java,,,,mixed
joda-time_3771,joda-time,TestPreciseDurationField,test_getValue_long_oe,src/test/java/org/joda/time/field/TestPreciseDurationField.java,,,,mixed
joda-time_3773,joda-time,TestPreciseDurationField,test_getValue_long_long_oe,src/test/java/org/joda/time/field/TestPreciseDurationField.java,,,,mixed
joda-time_3776,joda-time,TestPreciseDurationField,test_getMillis_long_oe,src/test/java/org/joda/time/field/TestPreciseDurationField.java,,,,mixed
joda-time_3778,joda-time,TestPreciseDurationField,test_getMillis_long_long_oe,src/test/java/org/joda/time/field/TestPreciseDurationField.java,,,,mixed
joda-time_3779,joda-time,TestPreciseDurationField,test_add_long_int_oe,src/test/java/org/joda/time/field/TestPreciseDurationField.java,,,,mixed
joda-time_3780,joda-time,TestPreciseDurationField,test_add_long_long_oe,src/test/java/org/joda/time/field/TestPreciseDurationField.java,,,,mixed
joda-time_3781,joda-time,TestPreciseDurationField,test_getDifference_long_int_oe,src/test/java/org/joda/time/field/TestPreciseDurationField.java,,,,mixed
joda-time_3782,joda-time,TestPreciseDurationField,test_getDifferenceAsLong_long_long_oe,src/test/java/org/joda/time/field/TestPreciseDurationField.java,,,,mixed
joda-time_3785,joda-time,TestPreciseDurationField,test_compareTo_oe,src/test/java/org/joda/time/field/TestPreciseDurationField.java,,,,mixed
joda-time_3793,joda-time,TestMillisDurationField,test_getValue_long_oe,src/test/java/org/joda/time/field/TestMillisDurationField.java,,,,mixed
joda-time_3795,joda-time,TestMillisDurationField,test_getValue_long_long_oe,src/test/java/org/joda/time/field/TestMillisDurationField.java,,,,mixed
joda-time_3801,joda-time,TestMillisDurationField,test_add_long_int_oe,src/test/java/org/joda/time/field/TestMillisDurationField.java,,,,mixed
joda-time_3802,joda-time,TestMillisDurationField,test_add_long_long_oe,src/test/java/org/joda/time/field/TestMillisDurationField.java,,,,mixed
joda-time_3803,joda-time,TestMillisDurationField,test_getDifference_long_int_oe,src/test/java/org/joda/time/field/TestMillisDurationField.java,,,,mixed
joda-time_3804,joda-time,TestMillisDurationField,test_getDifferenceAsLong_long_long_oe,src/test/java/org/joda/time/field/TestMillisDurationField.java,,,,mixed
joda-time_3805,joda-time,TestMillisDurationField,test_compareTo_oe,src/test/java/org/joda/time/field/TestMillisDurationField.java,,,,mixed
joda-time_3807,joda-time,TestBaseDateTimeField,test_constructor_oe,src/test/java/org/joda/time/field/TestBaseDateTimeField.java,,,,mixed
joda-time_3825,joda-time,TestBaseDateTimeField,test_add_RP_int_intarray_int_oe,src/test/java/org/joda/time/field/TestBaseDateTimeField.java,,,,mixed
joda-time_3831,joda-time,TestBaseDateTimeField,test_set_RP_int_intarray_int_oe,src/test/java/org/joda/time/field/TestBaseDateTimeField.java,,,,mixed
joda-time_3834,joda-time,TestBaseDateTimeField,test_set_RP_int_intarray_String_Locale_oe,src/test/java/org/joda/time/field/TestBaseDateTimeField.java,,,,mixed
joda-time_3835,joda-time,TestBaseDateTimeField,test_convertText_oe,src/test/java/org/joda/time/field/TestBaseDateTimeField.java,,,,mixed
joda-time_3855,joda-time,TestOffsetDateTimeField,test_constructor1_oe,src/test/java/org/joda/time/field/TestOffsetDateTimeField.java,,,,mixed
joda-time_3856,joda-time,TestOffsetDateTimeField,test_constructor2_oe,src/test/java/org/joda/time/field/TestOffsetDateTimeField.java,,,,mixed
joda-time_3876,joda-time,TestOffsetDateTimeField,test_add_RP_int_intarray_int_oe,src/test/java/org/joda/time/field/TestOffsetDateTimeField.java,,,,mixed
joda-time_3882,joda-time,TestOffsetDateTimeField,test_set_RP_int_intarray_int_oe,src/test/java/org/joda/time/field/TestOffsetDateTimeField.java,,,,mixed
joda-time_3885,joda-time,TestOffsetDateTimeField,test_set_RP_int_intarray_String_Locale_oe,src/test/java/org/joda/time/field/TestOffsetDateTimeField.java,,,,mixed
joda-time_3886,joda-time,TestOffsetDateTimeField,test_convertText_oe,src/test/java/org/joda/time/field/TestOffsetDateTimeField.java,,,,mixed
joda-time_3906,joda-time,TestFieldUtils,testSafeAddInt_oe,src/test/java/org/joda/time/field/TestFieldUtils.java,,,,mixed
joda-time_3907,joda-time,TestFieldUtils,testSafeAddLong_oe,src/test/java/org/joda/time/field/TestFieldUtils.java,,,,mixed
joda-time_3908,joda-time,TestFieldUtils,testSafeSubtractLong_oe,src/test/java/org/joda/time/field/TestFieldUtils.java,,,,mixed
joda-time_3909,joda-time,TestFieldUtils,testSafeMultiplyLongLong_oe,src/test/java/org/joda/time/field/TestFieldUtils.java,,,,mixed
joda-time_3910,joda-time,TestFieldUtils,testSafeMultiplyLongInt_oe,src/test/java/org/joda/time/field/TestFieldUtils.java,,,,mixed
joda-time_3911,joda-time,TestFieldUtils,testSafeDivideLongLong_oe,src/test/java/org/joda/time/field/TestFieldUtils.java,,,,mixed
joda-time_3912,joda-time,TestFieldUtils,testSafeDivideRoundingModeLong_oe,src/test/java/org/joda/time/field/TestFieldUtils.java,,,,mixed
joda-time_3921,joda-time,TestPreciseDurationDateTimeField,test_constructor_oe,src/test/java/org/joda/time/field/TestPreciseDurationDateTimeField.java,,,,mixed
joda-time_3940,joda-time,TestPreciseDurationDateTimeField,test_add_RP_int_intarray_int_oe,src/test/java/org/joda/time/field/TestPreciseDurationDateTimeField.java,,,,mixed
joda-time_3946,joda-time,TestPreciseDurationDateTimeField,test_set_RP_int_intarray_int_oe,src/test/java/org/joda/time/field/TestPreciseDurationDateTimeField.java,,,,mixed
joda-time_3949,joda-time,TestPreciseDurationDateTimeField,test_set_RP_int_intarray_String_Locale_oe,src/test/java/org/joda/time/field/TestPreciseDurationDateTimeField.java,,,,mixed
joda-time_3950,joda-time,TestPreciseDurationDateTimeField,test_convertText_oe,src/test/java/org/joda/time/field/TestPreciseDurationDateTimeField.java,,,,mixed
joda-time_3978,joda-time,TestScaledDurationField,test_getValue_long_oe,src/test/java/org/joda/time/field/TestScaledDurationField.java,,,,mixed
joda-time_3980,joda-time,TestScaledDurationField,test_getValue_long_long_oe,src/test/java/org/joda/time/field/TestScaledDurationField.java,,,,mixed
joda-time_3983,joda-time,TestScaledDurationField,test_getMillis_long_oe,src/test/java/org/joda/time/field/TestScaledDurationField.java,,,,mixed
joda-time_3985,joda-time,TestScaledDurationField,test_getMillis_long_long_oe,src/test/java/org/joda/time/field/TestScaledDurationField.java,,,,mixed
joda-time_3986,joda-time,TestScaledDurationField,test_add_long_int_oe,src/test/java/org/joda/time/field/TestScaledDurationField.java,,,,mixed
joda-time_3987,joda-time,TestScaledDurationField,test_add_long_long_oe,src/test/java/org/joda/time/field/TestScaledDurationField.java,,,,mixed
joda-time_3988,joda-time,TestScaledDurationField,test_getDifference_long_int_oe,src/test/java/org/joda/time/field/TestScaledDurationField.java,,,,mixed
joda-time_3989,joda-time,TestScaledDurationField,test_getDifferenceAsLong_long_long_oe,src/test/java/org/joda/time/field/TestScaledDurationField.java,,,,mixed
joda-time_3992,joda-time,TestScaledDurationField,test_compareTo_oe,src/test/java/org/joda/time/field/TestScaledDurationField.java,,,,mixed
joda-time_3994,joda-time,TestPreciseDateTimeField,test_constructor_oe,src/test/java/org/joda/time/field/TestPreciseDateTimeField.java,,,,mixed
joda-time_4013,joda-time,TestPreciseDateTimeField,test_add_RP_int_intarray_int_oe,src/test/java/org/joda/time/field/TestPreciseDateTimeField.java,,,,mixed
joda-time_4019,joda-time,TestPreciseDateTimeField,test_set_RP_int_intarray_int_oe,src/test/java/org/joda/time/field/TestPreciseDateTimeField.java,,,,mixed
joda-time_4022,joda-time,TestPreciseDateTimeField,test_set_RP_int_intarray_String_Locale_oe,src/test/java/org/joda/time/field/TestPreciseDateTimeField.java,,,,mixed
joda-time_4023,joda-time,TestPreciseDateTimeField,test_convertText_oe,src/test/java/org/joda/time/field/TestPreciseDateTimeField.java,,,,mixed
joda-time_4049,joda-time,TestZoneInfoCompiler,testWriteZoneInfoMapThrowsIllegalArgumentException_oe,src/test/java/org/joda/time/tz/TestZoneInfoCompiler.java,,,,mixed
joda-time_4067,joda-time,TestCompiler,testCompileOnBrokenTimeZoneFile_oe,src/test/java/org/joda/time/tz/TestCompiler.java,,,,mixed
joda-time_4068,joda-time,TestCompiler,testCompileOnBrokenTimeZoneFile_2_oe,src/test/java/org/joda/time/tz/TestCompiler.java,,,,mixed
