id,test_prefix,test_name
commons-geometry_1,"@Test
    void testIndexPageExample_oe() {
        // construct a precision instance to handle floating-point comparisons
        final Precision.DoubleEquivalence precision = Precision.doubleEquivalenceOfEpsilon(1e-6);

        // create a BSP tree representing the unit cube
        final RegionBSPTree3D tree = Parallelepiped.unitCube(precision).toTree();

        // create a sphere centered on the origin
        final Sphere sphere = Sphere.from(Vector3D.ZERO, 0.65, precision);

        // subtract a BSP tree approximation of the sphere containing 512 facets
        // from the cube, modifying the cube tree in place
        tree.difference(sphere.toTree(3));

        // compute some properties of the resulting region
        final double size = tree.getSize(); // 0.11509505362599505
        final Vector3D centroid = tree.getCentroid(); // (0, 0, 0)

        // convert to a triangle mesh
        final TriangleMesh mesh = tree.toTriangleMesh(precision);

        // save as an OBJ file
        IO3D.write(mesh, Paths.get(""target/cube-minus-sphere.obj""));

        // -----------
        Assertions.assertEquals(0.11509505362599505, size, TEST_EPS);
        EuclideanTestUtils.assertCoordinatesEqual(Vector3D.ZERO, centroid, TEST_EPS);
    }",DocumentationExamplesTest::testIndexPageExample_oe
commons-geometry_2,"@Test
    void testIO3DExample_oe() throws Exception {

        final Path inputPath = Paths.get(EuclideanIOTestUtils.resource(""/models/cube.obj"").toURI());
        final Path outputPath = tempDir.resolve(""scaled.csv"");

        final Precision.DoubleEquivalence precision = Precision.doubleEquivalenceOfEpsilon(1e-6);

        final GeometryInput input = new FileGeometryInput(inputPath);
        final GeometryOutput scaledOutput = new FileGeometryOutput(outputPath);
        final AffineTransformMatrix3D transform = AffineTransformMatrix3D.createScale(2);

        // Use the input triangle stream in a try-with-resources statement to ensure
        // all resources are properly released.
        try (Stream<Triangle3D> stream = IO3D.triangles(input, null, precision)) {
            IO3D.write(stream.map(t -> t.transform(transform)), scaledOutput, null);
        }

        // -------------
        final RegionBSPTree3D result = IO3D.read(outputPath, precision).toTree();

        Assertions.assertEquals(8.0, result.getSize(), TEST_EPS);

    }",DocumentationExamplesTest::testIO3DExample_oe
commons-geometry_3,"@Test
    void testToPolygon_noNormal_oe() {
        // arrange
        final SimpleFacetDefinition f = new SimpleFacetDefinition(FACET_PTS);

        // act
        final ConvexPolygon3D p = FacetDefinitions.toPolygon(f, TEST_PRECISION);

        // assert
        Assertions.assertSame(TEST_PRECISION, p.getPlane().getPrecision());

        EuclideanTestUtils.assertCoordinatesEqual(Vector3D.Unit.PLUS_Z, p.getPlane().getNormal(), TEST_EPS);
        Assertions.assertEquals(4, p.getVertices().size());
        Assertions.assertEquals(1.0, p.getSize(), TEST_EPS);
    }",FacetDefinitionsTest::testToPolygon_noNormal_oe
commons-geometry_4,"@Test
    void testToPolygon_withNormal_similarDirection_oe() {
        // arrange
        final Vector3D normal = Vector3D.of(0.1, 0.2, 0.3);
        final SimpleFacetDefinition f = new SimpleFacetDefinition(FACET_PTS, normal);

        // act
        final ConvexPolygon3D p = FacetDefinitions.toPolygon(f, TEST_PRECISION);

        // assert
        Assertions.assertSame(TEST_PRECISION, p.getPlane().getPrecision());

        EuclideanTestUtils.assertCoordinatesEqual(Vector3D.Unit.PLUS_Z, p.getPlane().getNormal(), TEST_EPS);
        Assertions.assertEquals(4, p.getVertices().size());
        Assertions.assertEquals(1.0, p.getSize(), TEST_EPS);
    }",FacetDefinitionsTest::testToPolygon_withNormal_similarDirection_oe
commons-geometry_5,"@Test
    void testToPolygon_withNormal_differentDirection_oe() {
        // arrange
        final Vector3D normal = Vector3D.of(0.1, 0.2, -0.3);
        final SimpleFacetDefinition f = new SimpleFacetDefinition(FACET_PTS, normal);

        // act
        final ConvexPolygon3D p = FacetDefinitions.toPolygon(f, TEST_PRECISION);

        // assert
        Assertions.assertSame(TEST_PRECISION, p.getPlane().getPrecision());

        EuclideanTestUtils.assertCoordinatesEqual(Vector3D.Unit.MINUS_Z, p.getPlane().getNormal(), TEST_EPS);
        Assertions.assertEquals(4, p.getVertices().size());
        Assertions.assertEquals(1.0, p.getSize(), TEST_EPS);
    }",FacetDefinitionsTest::testToPolygon_withNormal_differentDirection_oe
commons-geometry_6,"@Test
    void testToPolygon_failure_oe() {
        // arrange
        final SimpleFacetDefinition f = new SimpleFacetDefinition(Arrays.asList(
                Vector3D.ZERO, Vector3D.ZERO, Vector3D.ZERO));

        // act/assert
        Assertions.assertThrows(IllegalArgumentException.class, () -> FacetDefinitions.toPolygon(f, TEST_PRECISION));
    }",FacetDefinitionsTest::testToPolygon_failure_oe
commons-geometry_7,"@Test
    void testToPolygon_invalidArgs_oe() {
        // arrange
        final SimpleFacetDefinition f = new SimpleFacetDefinition(Arrays.asList(
                Vector3D.ZERO, Vector3D.ZERO, Vector3D.ZERO));

        // act/assert
        GeometryTestUtils.assertThrowsWithMessage(
                () -> FacetDefinitions.toPolygon(null, TEST_PRECISION),
                NullPointerException.class, ""Facet cannot be null"");

        GeometryTestUtils.assertThrowsWithMessage(
                () -> FacetDefinitions.toPolygon(f, null),
                NullPointerException.class, ""Precision context cannot be null"");
    }",FacetDefinitionsTest::testToPolygon_invalidArgs_oe
commons-geometry_8,"@Test
    void testStreamExample_oe() {
        final Path origFile = tempDir.resolve(""orig.obj"");
        final Path scaledFile = tempDir.resolve(""scaled.csv"");

        final Precision.DoubleEquivalence precision = Precision.doubleEquivalenceOfEpsilon(1e-10);
        final BoundarySource3D src = Parallelepiped.unitCube(precision);

        IO3D.write(src, origFile);

        final AffineTransformMatrix3D transform = AffineTransformMatrix3D.createScale(2);

        try (Stream<Triangle3D> stream = IO3D.triangles(origFile, precision)) {
            IO3D.write(stream.map(t -> t.transform(transform)), scaledFile);
        }

        final RegionBSPTree3D result = IO3D.read(scaledFile, precision).toTree();

        // assert
        Assertions.assertEquals(8, result.getSize(), TEST_EPS);
        EuclideanTestUtils.assertCoordinatesEqual(Vector3D.ZERO, result.getCentroid(), TEST_EPS);
    }",IO3DTest::testStreamExample_oe
commons-geometry_12,"@Test
    void testRead_oe() {
        // arrange
        final List<FacetDefinition> facets = Arrays.asList(FACET_1, FACET_2);
        final TestReadHandler3D handler = new TestReadHandler3D(facets);

        final GeometryInput in = new StreamGeometryInput(new ByteArrayInputStream(new byte[0]));

        // act
        final BoundarySource3D result = handler.read(in, TEST_PRECISION);

        // assert
        Assertions.assertSame(in, handler.inArg);

        Assertions.assertEquals(BoundaryList3D.class, result.getClass());
        Assertions.assertEquals(2, result.toList().getBoundaries().size());
    }",AbstractBoundaryReadHandler3DTest::testRead_oe
commons-geometry_13,"@Test
    void testReadTriangleMesh_oe() {
        // arrange
        final List<FacetDefinition> facets = Arrays.asList(FACET_1, FACET_2);
        final TestReadHandler3D handler = new TestReadHandler3D(facets);

        final GeometryInput in = new StreamGeometryInput(new ByteArrayInputStream(new byte[0]));

        // act
        final TriangleMesh result = handler.readTriangleMesh(in, TEST_PRECISION);

        // assert
        Assertions.assertSame(in, handler.inArg);

        Assertions.assertEquals(SimpleTriangleMesh.class, result.getClass());
        Assertions.assertEquals(6, result.getVertexCount());
        Assertions.assertEquals(4, result.getFaceCount());
    }",AbstractBoundaryReadHandler3DTest::testReadTriangleMesh_oe
commons-geometry_14,"@Test
    void testBoundaries_oe() {
        // arrange
        final List<FacetDefinition> facets = Arrays.asList(FACET_1, FACET_2);
        final TestReadHandler3D handler = new TestReadHandler3D(facets);

        final CloseCountInputStream inputStream = new CloseCountInputStream(new ByteArrayInputStream(new byte[0]));
        final GeometryInput in = new StreamGeometryInput(inputStream);

        // act
        final List<PlaneConvexSubset> list;
        try (Stream<PlaneConvexSubset> stream = handler.boundaries(in, TEST_PRECISION)) {
            list = stream.collect(Collectors.toList());

            Assertions.assertEquals(0, inputStream.getCloseCount());
        }

        // assert
        Assertions.assertSame(in, handler.inArg);

        Assertions.assertEquals(2, list.size());
        Assertions.assertEquals(1, inputStream.getCloseCount());
    }",AbstractBoundaryReadHandler3DTest::testBoundaries_oe
commons-geometry_15,"@Test
    void testFacets_oe() {
        // arrange
        final List<FacetDefinition> facets = Arrays.asList(FACET_1, FACET_2);
        final TestReadHandler3D handler = new TestReadHandler3D(facets);

        final CloseCountInputStream inputStream = new CloseCountInputStream(new ByteArrayInputStream(new byte[0]));
        final GeometryInput in = new StreamGeometryInput(inputStream);

        // act
        final List<FacetDefinition> list;
        try (Stream<FacetDefinition> stream = handler.facets(in)) {
            list = stream.collect(Collectors.toList());

            Assertions.assertEquals(0, inputStream.getCloseCount());
        }

        // assert
        Assertions.assertSame(in, handler.inArg);

        Assertions.assertEquals(2, list.size());
        Assertions.assertEquals(1, inputStream.getCloseCount());
    }",AbstractBoundaryReadHandler3DTest::testFacets_oe
commons-geometry_16,"@Test
    void testFacetIterator_oe() {
        // arrange
        final StubFacetDefinitionReader reader = new StubFacetDefinitionReader(Arrays.asList(FACET_1, FACET_2));
        final FacetDefinitionReaderIterator it = new FacetDefinitionReaderIterator(reader);

        // act/assert
        Assertions.assertTrue(it.hasNext());
        Assertions.assertSame(FACET_1, it.next());

        Assertions.assertTrue(it.hasNext());
        Assertions.assertSame(FACET_2, it.next());

        Assertions.assertFalse(it.hasNext());
        Assertions.assertThrows(NoSuchElementException.class, it::next);
    }",AbstractBoundaryReadHandler3DTest::testFacetIterator_oe
commons-geometry_17,"@Test
    void testFacetIterator_readFails_oe() {
        // arrange
        final StubFacetDefinitionReader reader = new StubFacetDefinitionReader(Arrays.asList(FACET_1, FACET_2));
        reader.fail = true;

        final FacetDefinitionReaderIterator it = new FacetDefinitionReaderIterator(reader);

        // act/assert
        GeometryTestUtils.assertThrowsWithMessage(it::next, IllegalStateException.class, ""Read failure"");
    }",AbstractBoundaryReadHandler3DTest::testFacetIterator_readFails_oe
commons-geometry_18,"@Test
    void testProperties_verticesOnly_oe() {
        // act
        final SimpleFacetDefinition f = new SimpleFacetDefinition(new ArrayList<>(FACET_PTS));

        // assert
        Assertions.assertEquals(FACET_PTS, f.getVertices());
        Assertions.assertNotSame(FACET_PTS, f.getVertices());

        final List<Vector3D> vertices = f.getVertices();
        final Vector3D toAdd = FACET_PTS.get(0);
        Assertions.assertThrows(UnsupportedOperationException.class,
                () -> vertices.add(toAdd));

        Assertions.assertNull(f.getNormal());
    }",SimpleFacetDefinitionTest::testProperties_verticesOnly_oe
commons-geometry_19,"@Test
    void testProperties_verticesAndNormal_oe() {
        // arrange
        final Vector3D normal = Vector3D.ZERO; // invalid normal is accepted

        // act
        final SimpleFacetDefinition f = new SimpleFacetDefinition(new ArrayList<>(FACET_PTS), normal);

        // assert
        Assertions.assertEquals(FACET_PTS, f.getVertices());
        Assertions.assertNotSame(FACET_PTS, f.getVertices());

        final List<Vector3D> vertices = f.getVertices();
        final Vector3D toAdd = FACET_PTS.get(0);
        Assertions.assertThrows(UnsupportedOperationException.class,
                () -> vertices.add(toAdd));

        Assertions.assertSame(normal, f.getNormal());
    }",SimpleFacetDefinitionTest::testProperties_verticesAndNormal_oe
commons-geometry_20,"@Test
    void testCtor_invalidArgs_oe() {
        // arrange
        final Vector3D normal = Vector3D.ZERO;
        final List<Vector3D> invalid = Arrays.asList(Vector3D.ZERO, Vector3D.Unit.PLUS_X);

        final String verticesNull = ""Facet vertex list cannot be null"";
        final String vertexCountMsg = ""Facet vertex list must contain at least 3 points; found 2"";

        // act/assert
        GeometryTestUtils.assertThrowsWithMessage(
                () -> new SimpleFacetDefinition(null),
                NullPointerException.class, verticesNull);

        GeometryTestUtils.assertThrowsWithMessage(
                () -> new SimpleFacetDefinition(null, normal),
                NullPointerException.class, verticesNull);

        GeometryTestUtils.assertThrowsWithMessage(
                () -> new SimpleFacetDefinition(invalid),
                IllegalArgumentException.class, vertexCountMsg);

        GeometryTestUtils.assertThrowsWithMessage(
                () -> new SimpleFacetDefinition(invalid, normal),
                IllegalArgumentException.class, vertexCountMsg);
    }",SimpleFacetDefinitionTest::testCtor_invalidArgs_oe
commons-geometry_21,"@Test
    void testToString_oe() {
        // arrange
        final SimpleFacetDefinition f = new SimpleFacetDefinition(FACET_PTS, Vector3D.Unit.PLUS_Z);

        // act
        final String str = f.toString();

        // assert
        GeometryTestUtils.assertContains(""SimpleFacetDefinition[vertices= [(0"", str);
        GeometryTestUtils.assertContains("", normal= (0"", str);
    }",SimpleFacetDefinitionTest::testToString_oe
commons-geometry_22,"@Test
    void testRegisterDefaultHandlers_oe() {
        // act
        manager.registerDefaultHandlers();

        // assert
        // ensure that we have default read/write handlers for every defined format
        final GeometryFormat3D[] fmts = GeometryFormat3D.values();

        Assertions.assertEquals(fmts.length, manager.getReadHandlers().size());
        Assertions.assertEquals(fmts.length, manager.getWriteHandlers().size());

        for (final GeometryFormat3D fmt : fmts) {
            Assertions.assertNotNull(manager.getReadHandlerForFormat(fmt));
            Assertions.assertNotNull(manager.getWriteHandlerForFormat(fmt));
        }
    }",BoundaryIOManager3DTest::testRegisterDefaultHandlers_oe
commons-geometry_23,"@Test
    void testFacetDefinitionReader_formatGiven_oe() {
        // arrange
        final StubReadHandler3D readHandler = new StubReadHandler3D();
        manager.registerReadHandler(readHandler);

        final GeometryInput in = new FileGeometryInput(Paths.get(""myfile""));

        // act
        final FacetDefinitionReader result = manager.facetDefinitionReader(in, TEST_FMT);

        // assert
        Assertions.assertSame(FACET_DEF_READER, result);
        Assertions.assertSame(in, readHandler.inArg);
    }",BoundaryIOManager3DTest::testFacetDefinitionReader_formatGiven_oe
commons-geometry_24,"@Test
    void testFacetDefinitionReader_nullFormat_oe() {
        // arrange
        final StubReadHandler3D readHandler = new StubReadHandler3D();
        manager.registerReadHandler(readHandler);

        final GeometryInput in = new FileGeometryInput(Paths.get(""myfile.test""));

        // act
        final FacetDefinitionReader result = manager.facetDefinitionReader(in, null);

        // assert
        Assertions.assertSame(FACET_DEF_READER, result);
        Assertions.assertSame(in, readHandler.inArg);
    }",BoundaryIOManager3DTest::testFacetDefinitionReader_nullFormat_oe
commons-geometry_25,"@Test
    void testFacets_formatGiven_oe() {
        // arrange
        final StubReadHandler3D readHandler = new StubReadHandler3D();
        manager.registerReadHandler(readHandler);

        final GeometryInput in = new FileGeometryInput(Paths.get(""myfile""));

        // act
        final Stream<FacetDefinition> result = manager.facets(in, TEST_FMT);

        // assert
        Assertions.assertEquals(Collections.singletonList(FACET), result.collect(Collectors.toList()));
        Assertions.assertSame(in, readHandler.inArg);
    }",BoundaryIOManager3DTest::testFacets_formatGiven_oe
commons-geometry_26,"@Test
    void testFacets_nullFormat_oe() {
        // arrange
        final StubReadHandler3D readHandler = new StubReadHandler3D();
        manager.registerReadHandler(readHandler);

        final GeometryInput in = new FileGeometryInput(Paths.get(""myfile.test""));

        // act
        final Stream<FacetDefinition> result = manager.facets(in, null);

        // assert
        Assertions.assertEquals(Collections.singletonList(FACET), result.collect(Collectors.toList()));
        Assertions.assertSame(in, readHandler.inArg);
    }",BoundaryIOManager3DTest::testFacets_nullFormat_oe
commons-geometry_27,"@Test
    void testTriangles_formatGiven_oe() {
        // arrange
        final StubReadHandler3D readHandler = new StubReadHandler3D();
        manager.registerReadHandler(readHandler);

        final GeometryInput in = new FileGeometryInput(Paths.get(""myfile""));

        // act
        final Stream<Triangle3D> result = manager.triangles(in, TEST_FMT, TEST_PRECISION);

        // assert
        Assertions.assertEquals(Collections.singletonList(TRI), result.collect(Collectors.toList()));
        Assertions.assertSame(in, readHandler.inArg);
        Assertions.assertSame(TEST_PRECISION, readHandler.precisionArg);
    }",BoundaryIOManager3DTest::testTriangles_formatGiven_oe
commons-geometry_28,"@Test
    void testTriangles_nullFormat_oe() {
        // arrange
        final StubReadHandler3D readHandler = new StubReadHandler3D();
        manager.registerReadHandler(readHandler);

        final GeometryInput in = new FileGeometryInput(Paths.get(""myfile.test""));

        // act
        final Stream<Triangle3D> result = manager.triangles(in, null, TEST_PRECISION);

        // assert
        Assertions.assertEquals(Collections.singletonList(TRI), result.collect(Collectors.toList()));
        Assertions.assertSame(in, readHandler.inArg);
        Assertions.assertSame(TEST_PRECISION, readHandler.precisionArg);
    }",BoundaryIOManager3DTest::testTriangles_nullFormat_oe
commons-geometry_29,"@Test
    void testReadTriangleMesh_formatGiven_oe() {
        // arrange
        final StubReadHandler3D readHandler = new StubReadHandler3D();
        manager.registerReadHandler(readHandler);

        final GeometryInput in = new FileGeometryInput(Paths.get(""myfile""));

        // act
        final TriangleMesh result = manager.readTriangleMesh(in, TEST_FMT, TEST_PRECISION);

        // assert
        Assertions.assertEquals(TRI_MESH, result);
        Assertions.assertSame(in, readHandler.inArg);
        Assertions.assertSame(TEST_PRECISION, readHandler.precisionArg);
    }",BoundaryIOManager3DTest::testReadTriangleMesh_formatGiven_oe
commons-geometry_30,"@Test
    void testReadTriangleMesh_nullFormat_oe() {
        // arrange
        final StubReadHandler3D readHandler = new StubReadHandler3D();
        manager.registerReadHandler(readHandler);

        final GeometryInput in = new FileGeometryInput(Paths.get(""myfile.test""));

        // act
        final TriangleMesh result = manager.readTriangleMesh(in, null, TEST_PRECISION);

        // assert
        Assertions.assertEquals(TRI_MESH, result);
        Assertions.assertSame(in, readHandler.inArg);
        Assertions.assertSame(TEST_PRECISION, readHandler.precisionArg);
    }",BoundaryIOManager3DTest::testReadTriangleMesh_nullFormat_oe
commons-geometry_31,"@Test
    void testWrite_stream_formatGiven_oe() {
        // arrange
        final StubWriteHandler3D writeHandler = new StubWriteHandler3D();
        manager.registerWriteHandler(writeHandler);

        final GeometryOutput out = new FileGeometryOutput(Paths.get(""myfile""));

        // act
        manager.write(Stream.of(TRI), out, TEST_FMT);

        // assert
        Assertions.assertEquals(Collections.singletonList(TRI), writeHandler.boundariesArg);
        Assertions.assertSame(out, writeHandler.outArg);
    }",BoundaryIOManager3DTest::testWrite_stream_formatGiven_oe
commons-geometry_32,"@Test
    void testWrite_stream_nullFormat_oe() {
        // arrange
        final StubWriteHandler3D writeHandler = new StubWriteHandler3D();
        manager.registerWriteHandler(writeHandler);

        final GeometryOutput out = new FileGeometryOutput(Paths.get(""myfile.TEST""));

        // act
        manager.write(Stream.of(TRI), out, null);

        // assert
        Assertions.assertEquals(Collections.singletonList(TRI), writeHandler.boundariesArg);
        Assertions.assertSame(out, writeHandler.outArg);
    }",BoundaryIOManager3DTest::testWrite_stream_nullFormat_oe
commons-geometry_33,"@Test
    void testWriteFacets_stream_formatGiven_oe() {
        // arrange
        final StubWriteHandler3D writeHandler = new StubWriteHandler3D();
        manager.registerWriteHandler(writeHandler);

        final GeometryOutput out = new FileGeometryOutput(Paths.get(""myfile""));

        // act
        manager.writeFacets(Stream.of(FACET), out, TEST_FMT);

        // assert
        Assertions.assertEquals(Collections.singletonList(FACET), writeHandler.facetsArg);
        Assertions.assertSame(out, writeHandler.outArg);
    }",BoundaryIOManager3DTest::testWriteFacets_stream_formatGiven_oe
commons-geometry_34,"@Test
    void testWriteFacets_stream_nullFormat_oe() {
        // arrange
        final StubWriteHandler3D writeHandler = new StubWriteHandler3D();
        manager.registerWriteHandler(writeHandler);

        final GeometryOutput out = new FileGeometryOutput(Paths.get(""myfile.TEST""));

        // act
        manager.writeFacets(Stream.of(FACET), out, null);

        // assert
        Assertions.assertEquals(Collections.singletonList(FACET), writeHandler.facetsArg);
        Assertions.assertSame(out, writeHandler.outArg);
    }",BoundaryIOManager3DTest::testWriteFacets_stream_nullFormat_oe
commons-geometry_35,"@Test
    void testWriteFacets_collection_formatGiven_oe() {
        // arrange
        final StubWriteHandler3D writeHandler = new StubWriteHandler3D();
        manager.registerWriteHandler(writeHandler);

        final GeometryOutput out = new FileGeometryOutput(Paths.get(""myfile""));

        // act
        manager.writeFacets(Collections.singletonList(FACET), out, TEST_FMT);

        // assert
        Assertions.assertEquals(Collections.singletonList(FACET), writeHandler.facetsArg);
        Assertions.assertSame(out, writeHandler.outArg);
    }",BoundaryIOManager3DTest::testWriteFacets_collection_formatGiven_oe
commons-geometry_36,"@Test
    void testWriteFacets_collection_nullFormat_oe() {
        // arrange
        final StubWriteHandler3D writeHandler = new StubWriteHandler3D();
        manager.registerWriteHandler(writeHandler);

        final GeometryOutput out = new FileGeometryOutput(Paths.get(""myfile.TEST""));

        // act
        manager.writeFacets(Collections.singletonList(FACET), out, null);

        // assert
        Assertions.assertEquals(Collections.singletonList(FACET), writeHandler.facetsArg);
        Assertions.assertSame(out, writeHandler.outArg);
    }",BoundaryIOManager3DTest::testWriteFacets_collection_nullFormat_oe
commons-geometry_37,"@Test
    void testGetSolidName_oe() {
        // act/assert
        Assertions.assertEquals(""Test Name"", facetReader(""solid    Test Name  \r\n"").getSolidName());
        Assertions.assertEquals(""Test"", facetReader(""solid    Test  "").getSolidName());
        Assertions.assertNull(facetReader(""solid    "").getSolidName());
        Assertions.assertNull(facetReader(""solid"").getSolidName());
    }",TextStlFacetDefinitionReaderTest::testGetSolidName_oe
commons-geometry_38,"@Test
    void testClose_oe() {
        // arrange
        final CloseCountReader countReader = new CloseCountReader(new StringReader(""""));
        final TextStlFacetDefinitionReader reader = new TextStlFacetDefinitionReader(countReader);

        // act
        reader.close();

        // assert
        Assertions.assertEquals(1, countReader.getCloseCount());
    }",TextStlFacetDefinitionReaderTest::testClose_oe
commons-geometry_39,"@Test
    void testEmpty_oe() {
        // arrange
        final TextStlFacetDefinitionReader reader = facetReader(
                ""solid \n"" +
                ""endsolid"");

        // act
        final List<FacetDefinition> facets = EuclideanIOTestUtils.readAll(reader);

        // assert
        Assertions.assertNull(reader.getSolidName());

        Assertions.assertEquals(0, facets.size());
        Assertions.assertNull(reader.readFacet());
    }",TextStlFacetDefinitionReaderTest::testEmpty_oe
commons-geometry_40,"@Test
    void testSingleFacet_oe() {
        // arrange
        final TextStlFacetDefinitionReader reader = facetReader(
                ""solid test\n"" +
                ""facet normal 1 2 3 "" +
                    ""outer loop "" +
                        ""vertex 4 5 6 "" +
                        ""vertex 7 8 9 "" +
                        ""vertex 10 11 12 "" +
                    ""endloop "" +
                ""endfacet "" +
                ""endsolid test"");

        // act
        final List<FacetDefinition> facets = EuclideanIOTestUtils.readAll(reader);

        // assert
        Assertions.assertEquals(""test"", reader.getSolidName());

        Assertions.assertEquals(1, facets.size());

        EuclideanIOTestUtils.assertFacetVerticesAndNormal(
                facets.get(0),
                Arrays.asList(Vector3D.of(4, 5, 6), Vector3D.of(7, 8, 9), Vector3D.of(10, 11, 12)),
                Vector3D.of(1, 2, 3), TEST_EPS);

        Assertions.assertNull(reader.readFacet());
    }",TextStlFacetDefinitionReaderTest::testSingleFacet_oe
commons-geometry_41,"@Test
    void testMultipleFacets_oe() {
        // arrange
        final TextStlFacetDefinitionReader reader = facetReader(
                ""solid test solid\r\n\n"" +
                ""facet normal 1 2 3 "" +
                    ""outer loop "" +
                        ""vertex 4 5 6 "" +
                        ""vertex 7 8 9 "" +
                        ""vertex 10 11 12 "" +
                    ""endloop "" +
                ""endfacet "" +
                ""facet normal 0.0 0.0 0.0"" +
                    ""outer loop "" +
                        ""vertex 4e1 5.0e1 6.0e01 "" +
                        ""vertex 70.00 80.00 \t 90.00 "" +
                        ""vertex 10e+1 11e+1 12e+1 "" +
                    ""endloop "" +
                ""endfacet\n"" +
                ""facet   normal 0.1 0.2 0.3 "" +
                    ""outer  loop\n"" +
                        ""vertex 4e-1 5e-1 6e-1 "" +
                        ""vertex -0.07 \n -0.08 -0.09 "" +
                        ""vertex 10e-1 11e-1 12e-1 "" +
                    ""endloop\r"" +
                ""endfacet \r\n"" +
                ""endsolid test solid"");

        // act
        final List<FacetDefinition> facets = EuclideanIOTestUtils.readAll(reader);

        // assert
        Assertions.assertEquals(""test solid"", reader.getSolidName());

        Assertions.assertEquals(3, facets.size());

        EuclideanIOTestUtils.assertFacetVerticesAndNormal(
                facets.get(0),
                Arrays.asList(Vector3D.of(4, 5, 6), Vector3D.of(7, 8, 9), Vector3D.of(10, 11, 12)),
                Vector3D.of(1, 2, 3), TEST_EPS);

        EuclideanIOTestUtils.assertFacetVerticesAndNormal(
                facets.get(1),
                Arrays.asList(Vector3D.of(40, 50, 60), Vector3D.of(70, 80, 90), Vector3D.of(100, 110, 120)),
                Vector3D.of(0, 0, 0), TEST_EPS);

        EuclideanIOTestUtils.assertFacetVerticesAndNormal(
                facets.get(2),
                Arrays.asList(Vector3D.of(0.4, 0.5, 0.6), Vector3D.of(-0.07, -0.08, -0.09), Vector3D.of(1, 1.1, 1.2)),
                Vector3D.of(0.1, 0.2, 0.3), TEST_EPS);

        Assertions.assertNull(reader.readFacet());
    }",TextStlFacetDefinitionReaderTest::testMultipleFacets_oe
commons-geometry_42,"@Test
    void testNoName_oe() {
        // arrange
        final TextStlFacetDefinitionReader reader = facetReader(
                ""solid\n"" +
                ""facet normal 1 2 3 "" +
                    ""outer loop "" +
                        ""vertex 4 5 6 "" +
                        ""vertex 7 8 9 "" +
                        ""vertex 10 11 12 "" +
                    ""endloop "" +
                ""endfacet "" +
                ""endsolid"");

        // act
        final List<FacetDefinition> facets = EuclideanIOTestUtils.readAll(reader);

        // assert
        Assertions.assertNull(reader.getSolidName());

        Assertions.assertEquals(1, facets.size());

        EuclideanIOTestUtils.assertFacetVerticesAndNormal(
                facets.get(0),
                Arrays.asList(Vector3D.of(4, 5, 6), Vector3D.of(7, 8, 9), Vector3D.of(10, 11, 12)),
                Vector3D.of(1, 2, 3), TEST_EPS);

        Assertions.assertNull(reader.readFacet());
    }",TextStlFacetDefinitionReaderTest::testNoName_oe
commons-geometry_43,"@Test
    void testContentEndsEarly_oe() {
        // arrange
        final TextStlFacetDefinitionReader reader = facetReader(
                ""solid test\n"" +
                ""facet normal 1 2 3 "" +
                    ""outer loop "" +
                        ""vertex 4 5 6 "" +
                        ""vertex 7 8 9 "" +
                        ""vertex 10 11 12 "" +
                    ""endloop "" +
                ""endfacet"");

        // act
        final List<FacetDefinition> facets = EuclideanIOTestUtils.readAll(reader);

        // assert
        Assertions.assertEquals(""test"", reader.getSolidName());

        Assertions.assertEquals(1, facets.size());

        EuclideanIOTestUtils.assertFacetVerticesAndNormal(
                facets.get(0),
                Arrays.asList(Vector3D.of(4, 5, 6), Vector3D.of(7, 8, 9), Vector3D.of(10, 11, 12)),
                Vector3D.of(1, 2, 3), TEST_EPS);

        Assertions.assertNull(reader.readFacet());
    }",TextStlFacetDefinitionReaderTest::testContentEndsEarly_oe
commons-geometry_44,"@Test
    void testParseErrors_oe() {
        // act/assert
        assertParseError(
                ""soli test\n"" +
                ""facet normal 1 2 3 "" +
                    ""outer loop "" +
                        ""vertex 4 5 6 "" +
                        ""vertex 7 8 9 "" +
                        ""vertex 10 11 12 "" +
                    ""endloop "" +
                ""endfacet "" +
                ""endsolid test"");
        assertParseError(
                ""solid test\n"" +
                ""facet normal 1 2 3 "" +
                    ""outer loop "" +
                        ""vertex abc 5 6 "" +
                        ""vertex 7 8 9 "" +
                        ""vertex 10 11 12 "" +
                    ""endloop "" +
                ""endfacet "" +
                ""endsolid test"");
    }",TextStlFacetDefinitionReaderTest::testParseErrors_oe
commons-geometry_45,"@Test
    void testProperties_oe() {
        // assert
        Assertions.assertEquals(GeometryFormat3D.STL, handler.getFormat());
        Assertions.assertEquals(StandardCharsets.UTF_8, handler.getDefaultCharset());
    }",StlBoundaryReadHandler3DTest::testProperties_oe
commons-geometry_46,"@Test
    void testReadMethods_cubeAscii_oe() throws IOException {
        // arrange
        final URL url = EuclideanIOTestUtils.resource(""/models/cube-ascii.stl"");
        final GeometryInput input = new UrlGeometryInput(url);

        // act/assert
        EuclideanIOTestUtils.assertCube(readerToBoundarySource(handler.facetDefinitionReader(input)), TEST_EPS);
        EuclideanIOTestUtils.assertCube(facetsToBoundarySource(handler.facets(input)), TEST_EPS);
        EuclideanIOTestUtils.assertCube(handler.read(input, TEST_PRECISION), TEST_EPS);
        EuclideanIOTestUtils.assertCube(handler.readTriangleMesh(input, TEST_PRECISION), TEST_EPS);
        EuclideanIOTestUtils.assertCube(
                boundariesToBoundarySource(handler.boundaries(input, TEST_PRECISION)), TEST_EPS);
    }",StlBoundaryReadHandler3DTest::testReadMethods_cubeAscii_oe
commons-geometry_47,"@Test
    void testReadMethods_cubeBinary_oe() throws IOException {
        // arrange
        final URL url = EuclideanIOTestUtils.resource(""/models/cube-ascii.stl"");
        final GeometryInput input = new UrlGeometryInput(url);

        // act/assert
        EuclideanIOTestUtils.assertCube(readerToBoundarySource(handler.facetDefinitionReader(input)), TEST_EPS);
        EuclideanIOTestUtils.assertCube(facetsToBoundarySource(handler.facets(input)), TEST_EPS);
        EuclideanIOTestUtils.assertCube(handler.read(input, TEST_PRECISION), TEST_EPS);
        EuclideanIOTestUtils.assertCube(handler.readTriangleMesh(input, TEST_PRECISION), TEST_EPS);
        EuclideanIOTestUtils.assertCube(
                boundariesToBoundarySource(handler.boundaries(input, TEST_PRECISION)), TEST_EPS);
    }",StlBoundaryReadHandler3DTest::testReadMethods_cubeBinary_oe
commons-geometry_48,"@Test
    void testRead_usesInputCharset_oe() {
        // arrange
        final String content = ""solid test\n"" +
                ""facet normal 1 2 3 "" +
                ""outer loop "" +
                    ""vertex 4 5 6 "" +
                    ""vertex 7 8 9 "" +
                    ""vertex 10 11 12 "" +
                ""endloop "" +
            ""endfacet "" +
            ""endsolid test"";

        final ByteArrayInputStream in = new ByteArrayInputStream(content.getBytes(StandardCharsets.UTF_16));
        final GeometryInput input = new StreamGeometryInput(in, null, StandardCharsets.UTF_16);

        // act/assert
        try (FacetDefinitionReader reader = handler.facetDefinitionReader(input)) {
            Assertions.assertNotNull(reader.readFacet());
            Assertions.assertNull(reader.readFacet());
        }
    }",StlBoundaryReadHandler3DTest::testRead_usesInputCharset_oe
commons-geometry_49,"@Test
    void testRead_setDefaultCharset_oe() {
        // arrange
        final String content = ""solid test\n"" +
                ""facet normal 1 2 3 "" +
                ""outer loop "" +
                    ""vertex 4 5 6 "" +
                    ""vertex 7 8 9 "" +
                    ""vertex 10 11 12 "" +
                ""endloop "" +
            ""endfacet "" +
            ""endsolid test"";

        final ByteArrayInputStream in = new ByteArrayInputStream(content.getBytes(StandardCharsets.UTF_16));
        final GeometryInput input = new StreamGeometryInput(in);

        // act
        handler.setDefaultCharset(StandardCharsets.UTF_16);

        // assert
        try (FacetDefinitionReader reader = handler.facetDefinitionReader(input)) {
            Assertions.assertNotNull(reader.readFacet());
            Assertions.assertNull(reader.readFacet());
        }
    }",StlBoundaryReadHandler3DTest::testRead_setDefaultCharset_oe
commons-geometry_50,"@Test
    void testRead_incorrectCharset_oe() {
        // arrange
        final String content = ""solid test\n"" +
                ""facet normal 1 2 3 "" +
                ""outer loop "" +
                    ""vertex 4 5 6 "" +
                    ""vertex 7 8 9 "" +
                    ""vertex 10 11 12 "" +
                ""endloop "" +
            ""endfacet "" +
            ""endsolid test"";

        final ByteArrayInputStream in = new ByteArrayInputStream(content.getBytes(StandardCharsets.UTF_16));
        final GeometryInput input = new StreamGeometryInput(in);

        // act/assert
        try (FacetDefinitionReader reader = handler.facetDefinitionReader(input)) {
            Assertions.assertNotNull(reader.readFacet());
            Assertions.assertNotNull(reader.readFacet());

            Assertions.assertThrows(IllegalStateException.class, () -> reader.readFacet());
        }
    }",StlBoundaryReadHandler3DTest::testRead_incorrectCharset_oe
commons-geometry_51,"@Test
    void testRead_notEnoughBytes_oe() {
        // arrange
        final ByteArrayInputStream in = new ByteArrayInputStream(new byte[1]);
        final GeometryInput input = new StreamGeometryInput(in);

        // act/assert
        Assertions.assertThrows(IllegalStateException.class, () -> handler.facetDefinitionReader(input));
    }",StlBoundaryReadHandler3DTest::testRead_notEnoughBytes_oe
commons-geometry_52,"@Test
    void testRead_closesInputOnReaderCreationFailure_oe() {
        // arrange
        final CloseCountInputStream in = new CloseCountInputStream(new ByteArrayInputStream(new byte[1]));
        final GeometryInput input = new StreamGeometryInput(in);

        // act/assert
        Assertions.assertThrows(IllegalStateException.class, () -> handler.facetDefinitionReader(input));

        Assertions.assertEquals(1, in.getCloseCount());
    }",StlBoundaryReadHandler3DTest::testRead_closesInputOnReaderCreationFailure_oe
commons-geometry_53,"@Test
    void testDefaultProperties_oe() {
        // act/assert
        try (TextStlWriter writer = new TextStlWriter(out)) {
            Assertions.assertNotNull(writer.getDoubleFormat());
            Assertions.assertEquals(""\n"", writer.getLineSeparator());
        }
    }",TextStlWriterTest::testDefaultProperties_oe
commons-geometry_54,"@Test
    void testNoContent_oe() {
        // arrange
        final CloseCountWriter countWriter = new CloseCountWriter(out);

        // act
        try (TextStlWriter writer = new TextStlWriter(countWriter)) {
            Assertions.assertEquals(0, countWriter.getCloseCount());
        }

        // assert
        Assertions.assertEquals(1, countWriter.getCloseCount());
        Assertions.assertEquals("""", out.toString());
    }",TextStlWriterTest::testNoContent_oe
commons-geometry_55,"@Test
    void testStartSolid_alreadyStarted_oe() {
        // arrange
        try (TextStlWriter writer = new TextStlWriter(out)) {
            writer.startSolid();

            // act/assert
            GeometryTestUtils.assertThrowsWithMessage(
                    () -> writer.startSolid(),
                    IllegalStateException.class, ""Cannot start solid definition: a solid is already being written"");
        }
    }",TextStlWriterTest::testStartSolid_alreadyStarted_oe
commons-geometry_56,"@Test
    void testEndSolid_notStarted_oe() {
        // arrange
        try (TextStlWriter writer = new TextStlWriter(out)) {
            // act/assert
            GeometryTestUtils.assertThrowsWithMessage(
                    () -> writer.endSolid(),
                    IllegalStateException.class, ""Cannot end solid definition: no solid has been started"");
        }
    }",TextStlWriterTest::testEndSolid_notStarted_oe
commons-geometry_57,"@Test
    void testEmpty_noName_oe() {
        // arrange
        final CloseCountWriter countWriter = new CloseCountWriter(out);

        // act
        try (TextStlWriter writer = new TextStlWriter(countWriter)) {
            writer.startSolid();
            writer.endSolid();

            Assertions.assertEquals(0, countWriter.getCloseCount());
        }

        // assert
        Assertions.assertEquals(1, countWriter.getCloseCount());
        Assertions.assertEquals(""solid \n"" + ""endsolid \n"",out.toString());
    }",TextStlWriterTest::testEmpty_noName_oe
commons-geometry_58,"@Test
    void testEmpty_withName_oe() {
        // arrange
        final CloseCountWriter countWriter = new CloseCountWriter(out);

        // act
        try (TextStlWriter writer = new TextStlWriter(countWriter)) {
            writer.startSolid(""Name of the solid"");
            writer.endSolid();

            Assertions.assertEquals(0, countWriter.getCloseCount());
        }

        // assert
        Assertions.assertEquals(1, countWriter.getCloseCount());
        Assertions.assertEquals(""solid Name of the solid\n"" + ""endsolid Name of the solid\n"",out.toString());
    }",TextStlWriterTest::testEmpty_withName_oe
commons-geometry_59,"@Test
    void testClose_endsSolid_oe() {
        // arrange
        final CloseCountWriter countWriter = new CloseCountWriter(out);

        // act
        try (TextStlWriter writer = new TextStlWriter(countWriter)) {
            writer.startSolid(""name"");

            Assertions.assertEquals(0, countWriter.getCloseCount());
        }

        // assert
        Assertions.assertEquals(1, countWriter.getCloseCount());
        Assertions.assertEquals(""solid name\n"" + ""endsolid name\n"",out.toString());
    }",TextStlWriterTest::testClose_endsSolid_oe
commons-geometry_60,"@Test
    void testStartSolid_containsNewLine_oe() {
        // arrange
        try (TextStlWriter writer = new TextStlWriter(out)) {
            final String err = ""Solid name cannot contain new line characters"";

            // act/assert
            GeometryTestUtils.assertThrowsWithMessage(
                    () -> writer.startSolid(""Hi\nthere""),
                    IllegalArgumentException.class, err);
            GeometryTestUtils.assertThrowsWithMessage(
                    () -> writer.startSolid(""Hi\r\nthere""),
                    IllegalArgumentException.class, err);
            GeometryTestUtils.assertThrowsWithMessage(
                    () -> writer.startSolid(""Hi\rthere""),
                    IllegalArgumentException.class, err);
        }
    }",TextStlWriterTest::testStartSolid_containsNewLine_oe
commons-geometry_61,"@Test
    void testWriteTriangle_noNormal_computesNormal_oe() {
        // arrange
        final Vector3D p1 = Vector3D.of(0, 4, 0);
        final Vector3D p2 = Vector3D.of(1.0 / 3.0, 0, 0);
        final Vector3D p3 = Vector3D.of(0, 0.5, 10);

        // act
        try (TextStlWriter writer = new TextStlWriter(out)) {
            writer.startSolid();
            writer.writeTriangle(p1, p2, p3, null);
        }

        // assert
        Assertions.assertEquals(""solid \n"" + ""facet -0.9961250701090868 -0.08301042250909056 -0.029053647878181696\n"" + ""outer loop\n"" + ""vertex 0.0 4.0 0.0\n"" + ""vertex 0.3333333333333333 0.0 0.0\n"" + ""vertex 0.0 0.5 10.0\n"" + ""endloop\n"" + ""endfacet\n"" + ""endsolid \n"",out.toString());
    }",TextStlWriterTest::testWriteTriangle_noNormal_computesNormal_oe
commons-geometry_62,"@Test
    void testWriteTriangle_zeroNormal_computesNormal_oe() {
        // arrange
        final Vector3D p1 = Vector3D.of(0, 4, 0);
        final Vector3D p2 = Vector3D.of(1.0 / 3.0, 0, 0);
        final Vector3D p3 = Vector3D.of(0, 0.5, 10);

        // act
        try (TextStlWriter writer = new TextStlWriter(out)) {
            writer.startSolid();
            writer.writeTriangle(p1, p2, p3, Vector3D.ZERO);
        }

        // assert
        Assertions.assertEquals(""solid \n"" + ""facet -0.9961250701090868 -0.08301042250909056 -0.029053647878181696\n"" + ""outer loop\n"" + ""vertex 0.0 4.0 0.0\n"" + ""vertex 0.3333333333333333 0.0 0.0\n"" + ""vertex 0.0 0.5 10.0\n"" + ""endloop\n"" + ""endfacet\n"" + ""endsolid \n"",out.toString());
    }",TextStlWriterTest::testWriteTriangle_zeroNormal_computesNormal_oe
commons-geometry_63,"@Test
    void testWriteTriangle_noNormal_cannotComputeNormal_oe() {
        // arrange
        final Vector3D p1 = Vector3D.ZERO;
        final Vector3D p2 = Vector3D.of(1.0 / 3.0, 0, 0);
        final Vector3D p3 = Vector3D.ZERO;

        // act
        try (TextStlWriter writer = new TextStlWriter(out)) {
            writer.startSolid();
            writer.writeTriangle(p1, p2, p3, null);
        }

        // assert
        Assertions.assertEquals(""solid \n"" + ""facet 0.0 0.0 0.0\n"" + ""outer loop\n"" + ""vertex 0.0 0.0 0.0\n"" + ""vertex 0.3333333333333333 0.0 0.0\n"" + ""vertex 0.0 0.0 0.0\n"" + ""endloop\n"" + ""endfacet\n"" + ""endsolid \n"",out.toString());
    }",TextStlWriterTest::testWriteTriangle_noNormal_cannotComputeNormal_oe
commons-geometry_64,"@Test
    void testWriteTriangle_withNormal_correctOrientation_oe() {
        // arrange
        final Vector3D p1 = Vector3D.of(0, 4, 0);
        final Vector3D p2 = Vector3D.of(1.0 / 3.0, 0, 0);
        final Vector3D p3 = Vector3D.of(0, 0.5, 10);

        final Vector3D normal = p1.vectorTo(p2).cross(p1.vectorTo(p3)).normalize();

        // act
        try (TextStlWriter writer = new TextStlWriter(out)) {
            writer.startSolid();
            writer.writeTriangle(p1, p2, p3, normal);
        }

        // assert
        Assertions.assertEquals(""solid \n"" + ""facet -0.9961250701090868 -0.08301042250909056 -0.029053647878181696\n"" + ""outer loop\n"" + ""vertex 0.0 4.0 0.0\n"" + ""vertex 0.3333333333333333 0.0 0.0\n"" + ""vertex 0.0 0.5 10.0\n"" + ""endloop\n"" + ""endfacet\n"" + ""endsolid \n"",out.toString());
    }",TextStlWriterTest::testWriteTriangle_withNormal_correctOrientation_oe
commons-geometry_65,"@Test
    void testWriteTriangle_withNormal_reversedOrientation_oe() {
        // arrange
        final Vector3D p1 = Vector3D.of(0, 4, 0);
        final Vector3D p2 = Vector3D.of(1.0 / 3.0, 0, 0);
        final Vector3D p3 = Vector3D.of(0, 0.5, 10);

        final Vector3D normal = p1.vectorTo(p2).cross(p1.vectorTo(p3)).normalize();

        // act
        try (TextStlWriter writer = new TextStlWriter(out)) {
            writer.startSolid();
            writer.writeTriangle(p1, p2, p3, normal.negate());
        }

        // assert
        Assertions.assertEquals(""solid \n"" + ""facet 0.9961250701090868 0.08301042250909056 0.029053647878181696\n"" + ""outer loop\n"" + ""vertex 0.0 4.0 0.0\n"" + ""vertex 0.0 0.5 10.0\n"" + ""vertex 0.3333333333333333 0.0 0.0\n"" + ""endloop\n"" + ""endfacet\n"" + ""endsolid \n"",out.toString());
    }",TextStlWriterTest::testWriteTriangle_withNormal_reversedOrientation_oe
commons-geometry_66,"@Test
    void testWrite_verticesAndNormal_oe() {
        // arrange
        final List<Vector3D> vertices = Arrays.asList(
                Vector3D.ZERO, Vector3D.of(1, 0, 0), Vector3D.of(0, 1, 0));
        final Vector3D n1 = Vector3D.of(0, 0, 100);
        final Vector3D n2 = Vector3D.Unit.MINUS_Z;

        // act
        try (TextStlWriter writer = new TextStlWriter(out)) {
            writer.startSolid();

            writer.writeTriangles(vertices, n1);
            writer.writeTriangles(vertices, n2);
            writer.writeTriangles(vertices, null);
        }

        // assert
        Assertions.assertEquals(""solid \n"" + ""facet 0.0 0.0 1.0\n"" + ""outer loop\n"" + ""vertex 0.0 0.0 0.0\n"" + ""vertex 1.0 0.0 0.0\n"" + ""vertex 0.0 1.0 0.0\n"" + ""endloop\n"" + ""endfacet\n"" + ""facet 0.0 0.0 -1.0\n"" + ""outer loop\n"" + ""vertex 0.0 0.0 0.0\n"" + ""vertex 0.0 1.0 0.0\n"" + ""vertex 1.0 0.0 0.0\n"" + ""endloop\n"" + ""endfacet\n"" + ""facet 0.0 0.0 1.0\n"" + ""outer loop\n"" + ""vertex 0.0 0.0 0.0\n"" + ""vertex 1.0 0.0 0.0\n"" + ""vertex 0.0 1.0 0.0\n"" + ""endloop\n"" + ""endfacet\n"" + ""endsolid \n"",out.toString());
    }",TextStlWriterTest::testWrite_verticesAndNormal_oe
commons-geometry_67,"@Test
    void testWrite_verticesAndNormal_moreThanThreeVertices_oe() {
        // arrange
        final List<Vector3D> vertices = Arrays.asList(
                Vector3D.ZERO, Vector3D.of(1, 0, 0), Vector3D.of(1, 1, 0), Vector3D.of(0, 1, 0));
        final Vector3D normal = Vector3D.Unit.PLUS_Z;

        // act
        try (TextStlWriter writer = new TextStlWriter(out)) {
            writer.startSolid();

            writer.writeTriangles(vertices, normal);
        }

        // assert
        Assertions.assertEquals(""solid \n"" + ""facet 0.0 0.0 1.0\n"" + ""outer loop\n"" + ""vertex 0.0 0.0 0.0\n"" + ""vertex 1.0 0.0 0.0\n"" + ""vertex 1.0 1.0 0.0\n"" + ""endloop\n"" + ""endfacet\n"" + ""facet 0.0 0.0 1.0\n"" + ""outer loop\n"" + ""vertex 0.0 0.0 0.0\n"" + ""vertex 1.0 1.0 0.0\n"" + ""vertex 0.0 1.0 0.0\n"" + ""endloop\n"" + ""endfacet\n"" + ""endsolid \n"",out.toString());
    }",TextStlWriterTest::testWrite_verticesAndNormal_moreThanThreeVertices_oe
commons-geometry_68,"@Test
    void testWrite_verticesAndNormal_fewerThanThreeVertices_oe() {
        // arrange
        try (TextStlWriter writer = new TextStlWriter(out)) {
            writer.startSolid();

            final List<Vector3D> noElements = Collections.emptyList();
            final List<Vector3D> singleElement = Collections.singletonList(Vector3D.ZERO);
            final List<Vector3D> twoElements = Arrays.asList(Vector3D.ZERO, Vector3D.of(1, 1, 1));

            // act/assert
            Assertions.assertThrows(IllegalArgumentException.class,
                    () -> writer.writeTriangles(noElements, null));
            Assertions.assertThrows(IllegalArgumentException.class,
                    () -> writer.writeTriangles(singleElement, null));
            Assertions.assertThrows(IllegalArgumentException.class,
                    () -> writer.writeTriangles(twoElements, null));
        }
    }",TextStlWriterTest::testWrite_verticesAndNormal_fewerThanThreeVertices_oe
commons-geometry_69,"@Test
    void testWrite_boundary_oe() {
        // arrange
        final ConvexPolygon3D boundary = Planes.convexPolygonFromVertices(
                Arrays.asList(Vector3D.ZERO, Vector3D.of(1, 0, 0), Vector3D.of(1, 0, 1), Vector3D.of(0, 0, 1)),
                TEST_PRECISION);

        // act
        try (TextStlWriter writer = new TextStlWriter(out)) {
            writer.startSolid();

            writer.writeTriangles(boundary);
        }

        // assert
        Assertions.assertEquals(""solid \n"" + ""facet 0.0 -1.0 0.0\n"" + ""outer loop\n"" + ""vertex 0.0 0.0 0.0\n"" + ""vertex 1.0 0.0 0.0\n"" + ""vertex 1.0 0.0 1.0\n"" + ""endloop\n"" + ""endfacet\n"" + ""facet 0.0 -1.0 0.0\n"" + ""outer loop\n"" + ""vertex 0.0 0.0 0.0\n"" + ""vertex 1.0 0.0 1.0\n"" + ""vertex 0.0 0.0 1.0\n"" + ""endloop\n"" + ""endfacet\n"" + ""endsolid \n"",out.toString());
    }",TextStlWriterTest::testWrite_boundary_oe
commons-geometry_70,"@Test
    void testWrite_facetDefinition_noNormal_oe() {
        // arrange
        final FacetDefinition facet = new SimpleFacetDefinition(Arrays.asList(
                Vector3D.ZERO, Vector3D.of(1, 0, 0), Vector3D.of(1, 1, 0), Vector3D.of(0, 1, 0)));

        // act
        try (TextStlWriter writer = new TextStlWriter(out)) {
            writer.startSolid();

            writer.writeTriangles(facet);
        }

        // assert
        Assertions.assertEquals(""solid \n"" + ""facet 0.0 0.0 1.0\n"" + ""outer loop\n"" + ""vertex 0.0 0.0 0.0\n"" + ""vertex 1.0 0.0 0.0\n"" + ""vertex 1.0 1.0 0.0\n"" + ""endloop\n"" + ""endfacet\n"" + ""facet 0.0 0.0 1.0\n"" + ""outer loop\n"" + ""vertex 0.0 0.0 0.0\n"" + ""vertex 1.0 1.0 0.0\n"" + ""vertex 0.0 1.0 0.0\n"" + ""endloop\n"" + ""endfacet\n"" + ""endsolid \n"",out.toString());
    }",TextStlWriterTest::testWrite_facetDefinition_noNormal_oe
commons-geometry_71,"@Test
    void testWrite_facetDefinition_withNormal_oe() {
        // arrange
        final Vector3D normal = Vector3D.Unit.PLUS_Z;
        final FacetDefinition facet = new SimpleFacetDefinition(Arrays.asList(
                Vector3D.ZERO, Vector3D.of(1, 0, 0), Vector3D.of(1, 1, 0), Vector3D.of(0, 1, 0)),
                normal);

        // act
        try (TextStlWriter writer = new TextStlWriter(out)) {
            writer.startSolid();

            writer.writeTriangles(facet);
        }

        // assert
        Assertions.assertEquals(""solid \n"" + ""facet 0.0 0.0 1.0\n"" + ""outer loop\n"" + ""vertex 0.0 0.0 0.0\n"" + ""vertex 1.0 0.0 0.0\n"" + ""vertex 1.0 1.0 0.0\n"" + ""endloop\n"" + ""endfacet\n"" + ""facet 0.0 0.0 1.0\n"" + ""outer loop\n"" + ""vertex 0.0 0.0 0.0\n"" + ""vertex 1.0 1.0 0.0\n"" + ""vertex 0.0 1.0 0.0\n"" + ""endloop\n"" + ""endfacet\n"" + ""endsolid \n"",out.toString());
    }",TextStlWriterTest::testWrite_facetDefinition_withNormal_oe
commons-geometry_72,"@Test
    void testWrite_noSolidStarted_oe() {
        // arrange
        final List<Vector3D> vertices = Arrays.asList(
                Vector3D.ZERO, Vector3D.of(1, 0, 0), Vector3D.of(0, 1, 0));
        final Vector3D normal = Vector3D.Unit.PLUS_Z;

        final String msg = ""Cannot write triangle: no solid has been started"";

        try (TextStlWriter writer = new TextStlWriter(out)) {

            // act/assert
            GeometryTestUtils.assertThrowsWithMessage(
                    () -> writer.writeTriangle(vertices.get(0), vertices.get(1), vertices.get(2), normal),
                    IllegalStateException.class, msg);

            GeometryTestUtils.assertThrowsWithMessage(
                    () -> writer.writeTriangles(vertices, normal),
                    IllegalStateException.class, msg);

            GeometryTestUtils.assertThrowsWithMessage(
                    () -> writer.writeTriangles(new SimpleFacetDefinition(vertices, normal)),
                    IllegalStateException.class, msg);

            GeometryTestUtils.assertThrowsWithMessage(
                    () -> writer.writeTriangles(Planes.convexPolygonFromVertices(vertices, TEST_PRECISION)),
                    IllegalStateException.class, msg);
        }
    }",TextStlWriterTest::testWrite_noSolidStarted_oe
commons-geometry_73,"@Test
    void testWrite_customFormat_oe() {
        // arrange
        final List<Vector3D> vertices = Arrays.asList(
                Vector3D.ZERO, Vector3D.of(1.0 / 3.0, 0, 0), Vector3D.of(0, 1.0 / 3.0, 0));
        final Vector3D normal = Vector3D.Unit.PLUS_Z;

        final DecimalFormat fmt =
                new DecimalFormat(""0.0##"", DecimalFormatSymbols.getInstance(Locale.ENGLISH));

        try (TextStlWriter writer = new TextStlWriter(out)) {

            writer.setDoubleFormat(fmt::format);
            writer.setLineSeparator(""\r\n"");

            // act
            writer.startSolid();
            writer.writeTriangles(vertices, normal);
        }

        // assert
        Assertions.assertEquals(""solid \r\n"" + ""facet 0.0 0.0 1.0\r\n"" + ""outer loop\r\n"" + ""vertex 0.0 0.0 0.0\r\n"" + ""vertex 0.333 0.0 0.0\r\n"" + ""vertex 0.0 0.333 0.0\r\n"" + ""endloop\r\n"" + ""endfacet\r\n"" + ""endsolid \r\n"",out.toString());
    }",TextStlWriterTest::testWrite_customFormat_oe
commons-geometry_74,"@Test
    void testWrite_badFacet_withNormal_oe() {
        // arrange
        final List<Vector3D> vertices = Arrays.asList(
                Vector3D.ZERO, Vector3D.ZERO, Vector3D.ZERO);
        final Vector3D normal = Vector3D.Unit.PLUS_Z;

        try (TextStlWriter writer = new TextStlWriter(out)) {
            // act
            writer.startSolid();
            writer.writeTriangles(vertices, normal);
        }

        // assert
        Assertions.assertEquals(""solid \n"" + ""facet 0.0 0.0 1.0\n"" + ""outer loop\n"" + ""vertex 0.0 0.0 0.0\n"" + ""vertex 0.0 0.0 0.0\n"" + ""vertex 0.0 0.0 0.0\n"" + ""endloop\n"" + ""endfacet\n"" + ""endsolid \n"",out.toString());
    }",TextStlWriterTest::testWrite_badFacet_withNormal_oe
commons-geometry_75,"@Test
    void testWrite_badFacet_noNormal_oe() {
        // arrange
        final List<Vector3D> vertices = Arrays.asList(
                Vector3D.ZERO, Vector3D.ZERO, Vector3D.ZERO);

        try (TextStlWriter writer = new TextStlWriter(out)) {
            // act
            writer.startSolid();
            writer.writeTriangles(vertices, null);
        }

        // assert
        Assertions.assertEquals(""solid \n"" + ""facet 0.0 0.0 0.0\n"" + ""outer loop\n"" + ""vertex 0.0 0.0 0.0\n"" + ""vertex 0.0 0.0 0.0\n"" + ""vertex 0.0 0.0 0.0\n"" + ""endloop\n"" + ""endfacet\n"" + ""endsolid \n"",out.toString());
    }",TextStlWriterTest::testWrite_badFacet_noNormal_oe
commons-geometry_76,"@Test
    void testProperties_oe() {
        // assert
        Assertions.assertEquals(GeometryFormat3D.STL, handler.getFormat());
        Assertions.assertEquals(51200, handler.getinitialBufferSize());
    }",StlBoundaryWriteHandler3DTest::testProperties_oe
commons-geometry_77,"@Test
    void testSetInitialBufferSize_oe() {
        // act
        handler.setInitialBufferSize(10);

        // assert
        Assertions.assertEquals(10, handler.getinitialBufferSize());
    }",StlBoundaryWriteHandler3DTest::testSetInitialBufferSize_oe
commons-geometry_78,"@Test
    void setInitialBufferSize_invalidArg_oe() {
        // act/assert
        GeometryTestUtils.assertThrowsWithMessage(
                () -> handler.setInitialBufferSize(0),
                IllegalArgumentException.class, ""Buffer size must be greater than 0"");
    }",StlBoundaryWriteHandler3DTest::setInitialBufferSize_invalidArg_oe
commons-geometry_79,"@Test
    void testWrite_boundarySource_empty_oe() {
        // arrange
        final BoundarySource3D src = BoundarySource3D.of();

        // act
        handler.write(src, new StreamGeometryOutput(out));

        // assert
        Assertions.assertEquals(0, readOutput().count());
    }",StlBoundaryWriteHandler3DTest::testWrite_boundarySource_empty_oe
commons-geometry_80,"@Test
    void testWrite_boundaryList_oe() {
        // arrange
        final BoundarySource3D src = EuclideanIOTestUtils.cubeMinusSphere(TEST_PRECISION);

        // act
        handler.write(src, new StreamGeometryOutput(out));

        // assert
        EuclideanIOTestUtils.assertCubeMinusSphere(readOutput(), MODEL_TEST_EPS);
    }",StlBoundaryWriteHandler3DTest::testWrite_boundaryList_oe
commons-geometry_81,"@Test
    void testWrite_triangleMesh_oe() {
        // arrange
        final TriangleMesh mesh = EuclideanIOTestUtils.cubeMinusSphere(TEST_PRECISION)
                .toTriangleMesh(TEST_PRECISION);

        // act
        handler.write(mesh, new StreamGeometryOutput(out));

        // assert
        EuclideanIOTestUtils.assertCubeMinusSphere(readOutput(), MODEL_TEST_EPS);
    }",StlBoundaryWriteHandler3DTest::testWrite_triangleMesh_oe
commons-geometry_82,"@Test
    void testWrite_triangleMesh_empty_oe() {
        // arrange
        final TriangleMesh mesh = SimpleTriangleMesh.builder(TEST_PRECISION)
                .build();

        // act
        handler.write(mesh, new StreamGeometryOutput(out));

        // assert
        Assertions.assertEquals(0, readOutput().count());
    }",StlBoundaryWriteHandler3DTest::testWrite_triangleMesh_empty_oe
commons-geometry_83,"@Test
    void testWriteStream_ioException_oe() {
        // arrange
        final Stream<PlaneConvexSubset> stream = EuclideanIOTestUtils.cubeMinusSphere(TEST_PRECISION).boundaryStream();
        final OutputStream failOut = new OutputStream() {
            @Override
            public void write(final int b) throws IOException {
                // do nothing
            }

            @Override
            public void close() throws IOException {
                throw new IOException(""close"");
            }
        };
        final GeometryOutput output = new StreamGeometryOutput(failOut);

        // act/assert
        GeometryTestUtils.assertThrowsWithMessage(
                () -> handler.write(stream, output),
                UncheckedIOException.class,
                ""IOException: close"");
    }",StlBoundaryWriteHandler3DTest::testWriteStream_ioException_oe
commons-geometry_84,"@Test
    void testWriteFacets_list_oe() {
        // arrange
        final List<FacetDefinition> facets = cubeFacets();

        // act
        handler.writeFacets(facets, new StreamGeometryOutput(out));

        // assert
        EuclideanIOTestUtils.assertCube(readOutput(), MODEL_TEST_EPS);
    }",StlBoundaryWriteHandler3DTest::testWriteFacets_list_oe
commons-geometry_85,"@Test
    void testWriteFacets_list_empty_oe() {
        // act
        handler.writeFacets(Collections.emptyList(), new StreamGeometryOutput(out));

        // assert
        Assertions.assertEquals(0, readOutput().count());
    }",StlBoundaryWriteHandler3DTest::testWriteFacets_list_empty_oe
commons-geometry_86,"@Test
    void testWriteFacets_includesStlFacetAttribute_oe() {
        // arrange
        final List<Vector3D> vertices = Arrays.asList(Vector3D.ZERO, Vector3D.of(1, 0, 0), Vector3D.of(0, 1, 0));
        final Vector3D normal = Vector3D.Unit.PLUS_Z;
        final int attr = 12;

        final BinaryStlFacetDefinition facet = new BinaryStlFacetDefinition(vertices, normal, attr);

        // act
        handler.writeFacets(Collections.singletonList(facet), new StreamGeometryOutput(out));

        // assert
        BinaryStlFacetDefinitionReader reader =
                new BinaryStlFacetDefinitionReader(new ByteArrayInputStream(out.toByteArray()));
        BinaryStlFacetDefinition result = reader.readFacet();

        EuclideanIOTestUtils.assertFacetVertices(result, vertices, MODEL_TEST_EPS);
        EuclideanTestUtils.assertCoordinatesEqual(normal, result.getNormal(), MODEL_TEST_EPS);
        Assertions.assertEquals(attr, result.getAttributeValue());
    }",StlBoundaryWriteHandler3DTest::testWriteFacets_includesStlFacetAttribute_oe
commons-geometry_87,"@Test
    void testHeader_zeros_oe() throws IOException {
        // arrange
        final byte[] bytes = new byte[StlConstants.BINARY_HEADER_BYTES + 4];
        out.write(bytes);

        final byte[] expectedHeader = new byte[StlConstants.BINARY_HEADER_BYTES];
        System.arraycopy(bytes, 0, expectedHeader, 0, expectedHeader.length);

        try (BinaryStlFacetDefinitionReader reader = new BinaryStlFacetDefinitionReader(getInput())) {
            // act/assert
            Assertions.assertArrayEquals(expectedHeader, reader.getHeader().array());
            Assertions.assertEquals(0L, reader.getNumTriangles());

            Assertions.assertNull(reader.readFacet());
        }
    }",BinaryStlFacetDefinitionReaderTest::testHeader_zeros_oe
commons-geometry_88,"@Test
    void testHeader_ones_oe() throws IOException {
        // arrange
        final byte[] bytes = new byte[StlConstants.BINARY_HEADER_BYTES + 4];
        Arrays.fill(bytes, (byte) -1);
        out.write(bytes);

        final byte[] expectedHeader = new byte[StlConstants.BINARY_HEADER_BYTES];
        System.arraycopy(bytes, 0, expectedHeader, 0, expectedHeader.length);

        try (BinaryStlFacetDefinitionReader reader = new BinaryStlFacetDefinitionReader(getInput())) {
            // act/assert
            Assertions.assertArrayEquals(expectedHeader, reader.getHeader().array());
            Assertions.assertEquals(0xffffffffL, reader.getNumTriangles());
        }
    }",BinaryStlFacetDefinitionReaderTest::testHeader_ones_oe
commons-geometry_89,"@Test
    void testHeader_shortString_oe() throws IOException {
        // arrange
        out.write(createHeader(""Hello!"", StandardCharsets.UTF_8, 1));

        try (BinaryStlFacetDefinitionReader reader = new BinaryStlFacetDefinitionReader(getInput())) {
            // act/assert
            Assertions.assertEquals(""Hello!"", reader.getHeaderAsString());
            Assertions.assertEquals(1L, reader.getNumTriangles());
        }
    }",BinaryStlFacetDefinitionReaderTest::testHeader_shortString_oe
commons-geometry_90,"@Test
    void testHeader_longString_oe() throws IOException {
        // arrange
        out.write(createHeader(LONG_STRING, StandardCharsets.UTF_8, 8736720));

        try (BinaryStlFacetDefinitionReader reader = new BinaryStlFacetDefinitionReader(getInput())) {
            // act/assert
            Assertions.assertEquals(LONG_STRING.substring(0,StlConstants.BINARY_HEADER_BYTES),reader.getHeaderAsString());
            Assertions.assertEquals(8736720L, reader.getNumTriangles());
        }
    }",BinaryStlFacetDefinitionReaderTest::testHeader_longString_oe
commons-geometry_91,"@Test
    void testHeader_longString_givenCharset_oe() throws IOException {
        // arrange
        out.write(createHeader(LONG_STRING, StandardCharsets.UTF_16, 256));

        try (BinaryStlFacetDefinitionReader reader = new BinaryStlFacetDefinitionReader(getInput())) {
            // act/assert
            Assertions.assertEquals(""A long string that will most definitely"",reader.getHeaderAsString(StandardCharsets.UTF_16));
            Assertions.assertEquals(256L, reader.getNumTriangles());
        }
    }",BinaryStlFacetDefinitionReaderTest::testHeader_longString_givenCharset_oe
commons-geometry_92,"@Test
    void testGetHeader_noData_oe() throws IOException {
        // arrange
        out.write(new byte[32]);

        try (BinaryStlFacetDefinitionReader reader = new BinaryStlFacetDefinitionReader(getInput())) {
            // act/assert
            GeometryTestUtils.assertThrowsWithMessage(
                    () -> reader.getHeader(),
                    IllegalStateException.class, ""Failed to read STL header: data not available"");
        }
    }",BinaryStlFacetDefinitionReaderTest::testGetHeader_noData_oe
commons-geometry_93,"@Test
    void testGetHeader_noTriangleCount_oe() throws IOException {
        // arrange
        out.write(new byte[StlConstants.BINARY_HEADER_BYTES]);

        try (BinaryStlFacetDefinitionReader reader = new BinaryStlFacetDefinitionReader(getInput())) {
            // act/assert
            GeometryTestUtils.assertThrowsWithMessage(
                    () -> reader.getHeader(),
                    IllegalStateException.class, ""Failed to read STL triangle count: data not available"");
        }
    }",BinaryStlFacetDefinitionReaderTest::testGetHeader_noTriangleCount_oe
commons-geometry_94,"@Test
    void testGetHeader_ioException_oe() throws IOException {
        // arrange
        final InputStream failIn = new InputStream() {
            @Override
            public int read() throws IOException {
                throw new IOException(""read"");
            }
        };

        try (BinaryStlFacetDefinitionReader reader = new BinaryStlFacetDefinitionReader(failIn)) {
            // act/assert
            GeometryTestUtils.assertThrowsWithMessage(
                    () -> reader.getHeader(),
                    UncheckedIOException.class, ""IOException: read"");
        }
    }",BinaryStlFacetDefinitionReaderTest::testGetHeader_ioException_oe
commons-geometry_95,"@Test
    void testReadFacet_noData_oe() throws IOException {
        // arrange
        out.write(createHeader(1));

        // act/assert
        try (BinaryStlFacetDefinitionReader reader = new BinaryStlFacetDefinitionReader(getInput())) {
            // act/assert
            GeometryTestUtils.assertThrowsWithMessage(
                    () -> reader.readFacet(),
                    IllegalStateException.class, ""Failed to read STL triangle at index 0: data not available"");
        }
    }",BinaryStlFacetDefinitionReaderTest::testReadFacet_noData_oe
commons-geometry_96,"@Test
    void testReadFacet_oe() throws IOException {
        // arrange
        out.write(createHeader(2));

        out.write(getBytes(Vector3D.of(1, 2, 3)));
        out.write(getBytes(Vector3D.of(4, 5, 6)));
        out.write(getBytes(Vector3D.of(7, 8, 9)));
        out.write(getBytes(Vector3D.of(10, 11, 12)));
        out.write(getBytes((short) 1));

        out.write(getBytes(Vector3D.of(-1, -2, -3)));
        out.write(getBytes(Vector3D.of(-4, -5, -6)));
        out.write(getBytes(Vector3D.of(-7, -8, -9)));
        out.write(getBytes(Vector3D.of(-10, -11, -12)));
        out.write(getBytes((short) 65535));

        try (BinaryStlFacetDefinitionReader reader = new BinaryStlFacetDefinitionReader(getInput())) {
            Assertions.assertEquals(2, reader.getNumTriangles());

            final BinaryStlFacetDefinition facet1 = reader.readFacet();

            EuclideanTestUtils.assertCoordinatesEqual(Vector3D.of(1, 2, 3), facet1.getNormal(), TEST_EPS);
            Assertions.assertEquals(3, facet1.getVertices().size());
            EuclideanTestUtils.assertCoordinatesEqual(Vector3D.of(4, 5, 6), facet1.getVertices().get(0), TEST_EPS);
            EuclideanTestUtils.assertCoordinatesEqual(Vector3D.of(7, 8, 9), facet1.getVertices().get(1), TEST_EPS);
            EuclideanTestUtils.assertCoordinatesEqual(Vector3D.of(10, 11, 12), facet1.getVertices().get(2), TEST_EPS);

            Assertions.assertEquals(1, facet1.getAttributeValue());

            final BinaryStlFacetDefinition facet2 = reader.readFacet();

            EuclideanTestUtils.assertCoordinatesEqual(Vector3D.of(-1, -2, -3), facet2.getNormal(), TEST_EPS);
            Assertions.assertEquals(3, facet2.getVertices().size());
            EuclideanTestUtils.assertCoordinatesEqual(Vector3D.of(-4, -5, -6), facet2.getVertices().get(0), TEST_EPS);
            EuclideanTestUtils.assertCoordinatesEqual(Vector3D.of(-7, -8, -9), facet2.getVertices().get(1), TEST_EPS);
            EuclideanTestUtils.assertCoordinatesEqual(Vector3D.of(-10, -11, -12), facet2.getVertices().get(2), TEST_EPS);

            Assertions.assertEquals(65535, facet2.getAttributeValue());

            Assertions.assertNull(reader.readFacet());
        }
    }",BinaryStlFacetDefinitionReaderTest::testReadFacet_oe
commons-geometry_97,"@Test
    void testReadFacet_stopsWhenTriangleCountReached_oe() throws IOException {
        // arrange
        out.write(createHeader(1));

        out.write(getBytes(Vector3D.of(1, 2, 3)));
        out.write(getBytes(Vector3D.of(4, 5, 6)));
        out.write(getBytes(Vector3D.of(7, 8, 9)));
        out.write(getBytes(Vector3D.of(10, 11, 12)));
        out.write(getBytes((short) 1));

        out.write(getBytes(Vector3D.of(-1, -2, -3)));
        out.write(getBytes(Vector3D.of(-4, -5, -6)));
        out.write(getBytes(Vector3D.of(-7, -8, -9)));
        out.write(getBytes(Vector3D.of(-10, -11, -12)));
        out.write(getBytes((short) 65535));

        try (BinaryStlFacetDefinitionReader reader = new BinaryStlFacetDefinitionReader(getInput())) {
            Assertions.assertEquals(1, reader.getNumTriangles());

            final BinaryStlFacetDefinition facet = reader.readFacet();

            EuclideanTestUtils.assertCoordinatesEqual(Vector3D.of(1, 2, 3), facet.getNormal(), TEST_EPS);
            Assertions.assertEquals(3, facet.getVertices().size());
            EuclideanTestUtils.assertCoordinatesEqual(Vector3D.of(4, 5, 6), facet.getVertices().get(0), TEST_EPS);
            EuclideanTestUtils.assertCoordinatesEqual(Vector3D.of(7, 8, 9), facet.getVertices().get(1), TEST_EPS);
            EuclideanTestUtils.assertCoordinatesEqual(Vector3D.of(10, 11, 12), facet.getVertices().get(2), TEST_EPS);

            Assertions.assertEquals(1, facet.getAttributeValue());

            Assertions.assertNull(reader.readFacet());
        }
    }",BinaryStlFacetDefinitionReaderTest::testReadFacet_stopsWhenTriangleCountReached_oe
commons-geometry_98,"@Test
    void testWriteHeader_nullHeaderContent_oe() {
        // act
        try (BinaryStlWriter writer = new BinaryStlWriter(out)) {
            writer.writeHeader(null, Short.MAX_VALUE);
        }

        // assert
        final byte[] bytes = out.toByteArray();
        Assertions.assertEquals(StlConstants.BINARY_HEADER_BYTES + 4, bytes.length);

        assertBytes(0, bytes, 0, StlConstants.BINARY_HEADER_BYTES);
        Assertions.assertEquals(Short.MAX_VALUE, readAsInt(bytes, StlConstants.BINARY_HEADER_BYTES, 4));
    }",BinaryStlWriterTest::testWriteHeader_nullHeaderContent_oe
commons-geometry_99,"@Test
    void testWriteHeader_givenHeaderContent_oe() {
        // arrange
        final byte[] headerContent = new byte[StlConstants.BINARY_HEADER_BYTES];
        Arrays.fill(headerContent, (byte) 1);

        // act
        try (BinaryStlWriter writer = new BinaryStlWriter(out)) {
            writer.writeHeader(headerContent, 1);
        }

        // assert
        final byte[] bytes = out.toByteArray();
        Assertions.assertEquals(StlConstants.BINARY_HEADER_BYTES + 4, bytes.length);

        assertBytes(1, bytes, 0, StlConstants.BINARY_HEADER_BYTES);
        Assertions.assertEquals(1, readAsInt(bytes, StlConstants.BINARY_HEADER_BYTES, 4));
    }",BinaryStlWriterTest::testWriteHeader_givenHeaderContent_oe
commons-geometry_100,"@Test
    void testWriteHeader_givenHeaderContentExceedsMaxLength_oe() {
        // arrange
        final byte[] headerContent = new byte[2 * StlConstants.BINARY_HEADER_BYTES];
        Arrays.fill(headerContent, (byte) 1);

        // act
        try (BinaryStlWriter writer = new BinaryStlWriter(out)) {
            writer.writeHeader(headerContent, 0);
        }

        // assert
        final byte[] bytes = out.toByteArray();
        Assertions.assertEquals(StlConstants.BINARY_HEADER_BYTES + 4, bytes.length);

        assertBytes(1, bytes, 0, StlConstants.BINARY_HEADER_BYTES);
        Assertions.assertEquals(0, readAsInt(bytes, StlConstants.BINARY_HEADER_BYTES, 4));
    }",BinaryStlWriterTest::testWriteHeader_givenHeaderContentExceedsMaxLength_oe
commons-geometry_101,"@Test
    void testWriteFacet_oe() {
        // arrange
        try (BinaryStlWriter writer = new BinaryStlWriter(out)) {
            writer.writeHeader(null, 2);

            // act
            writer.writeTriangle(
                    Vector3D.of(1, 2, 3),
                    Vector3D.of(4, 5, 6),
                    Vector3D.of(7, 8, 9),
                    Vector3D.of(10, 11, 12));

            writer.writeTriangle(
                    Vector3D.of(-1, -2, -3),
                    Vector3D.of(-4, -5, -6),
                    Vector3D.of(-7, -8, -9),
                    Vector3D.of(-10, -11, -12),
                    512);
        }

        // assert
        final byte[] bytes = out.toByteArray();

        Assertions.assertEquals(StlConstants.BINARY_HEADER_BYTES + 4 +(2 * StlConstants.BINARY_TRIANGLE_BYTES),bytes.length);

        assertBytes(0, bytes, 0, StlConstants.BINARY_HEADER_BYTES);
        Assertions.assertEquals(2, readAsInt(bytes, StlConstants.BINARY_HEADER_BYTES, Integer.BYTES));

        int offset = StlConstants.BINARY_HEADER_BYTES + 4;

        final List<Vector3D> tri1 = readVectors(bytes, offset, 4);

        EuclideanTestUtils.assertCoordinatesEqual(Vector3D.of(10, 11, 12).normalize(), tri1.get(0), TEST_EPS);
        EuclideanTestUtils.assertCoordinatesEqual(Vector3D.of(1, 2, 3), tri1.get(1), TEST_EPS);
        EuclideanTestUtils.assertCoordinatesEqual(Vector3D.of(4, 5, 6), tri1.get(2), TEST_EPS);
        EuclideanTestUtils.assertCoordinatesEqual(Vector3D.of(7, 8, 9), tri1.get(3), TEST_EPS);
        offset += 4 * VECTOR_SIZE;

        Assertions.assertEquals(0, readAsInt(bytes, offset, 2));
        offset += 2;

        final List<Vector3D> tri2 = readVectors(bytes, offset, 4);

        EuclideanTestUtils.assertCoordinatesEqual(Vector3D.of(-10, -11, -12).normalize(), tri2.get(0), TEST_EPS);
        EuclideanTestUtils.assertCoordinatesEqual(Vector3D.of(-1, -2, -3), tri2.get(1), TEST_EPS);
        EuclideanTestUtils.assertCoordinatesEqual(Vector3D.of(-4, -5, -6), tri2.get(2), TEST_EPS);
        EuclideanTestUtils.assertCoordinatesEqual(Vector3D.of(-7, -8, -9), tri2.get(3), TEST_EPS);
        offset += 4 * VECTOR_SIZE;

        Assertions.assertEquals(512, readAsInt(bytes, offset, 2));
    }",BinaryStlWriterTest::testWriteFacet_oe
commons-geometry_102,"@Test
    void testWriteFacet_ordersFacetCounterClockwise_oe() {
        // arrange
        try (BinaryStlWriter writer = new BinaryStlWriter(out)) {
            writer.writeHeader(null, 2);

            // act
            writer.writeTriangle(
                    Vector3D.ZERO,
                    Vector3D.of(1, 0, 0),
                    Vector3D.of(0, 1, 0),
                    Vector3D.of(0, 0, 1));

            writer.writeTriangle(
                    Vector3D.ZERO,
                    Vector3D.of(0, 1, 0),
                    Vector3D.of(1, 0, 0),
                    Vector3D.of(0, 0, 1));
        }

        // assert
        final byte[] bytes = out.toByteArray();

        Assertions.assertEquals(StlConstants.BINARY_HEADER_BYTES + 4 +(2 * StlConstants.BINARY_TRIANGLE_BYTES),bytes.length);

        assertBytes(0, bytes, 0, StlConstants.BINARY_HEADER_BYTES);
        Assertions.assertEquals(2, readAsInt(bytes, StlConstants.BINARY_HEADER_BYTES, Integer.BYTES));

        int offset = StlConstants.BINARY_HEADER_BYTES + 4;

        final List<Vector3D> tri1 = readVectors(bytes, offset, 4);

        EuclideanTestUtils.assertCoordinatesEqual(Vector3D.of(0, 0, 1), tri1.get(0), TEST_EPS);
        EuclideanTestUtils.assertCoordinatesEqual(Vector3D.of(0, 0, 0), tri1.get(1), TEST_EPS);
        EuclideanTestUtils.assertCoordinatesEqual(Vector3D.of(1, 0, 0), tri1.get(2), TEST_EPS);
        EuclideanTestUtils.assertCoordinatesEqual(Vector3D.of(0, 1, 0), tri1.get(3), TEST_EPS);
        offset += 4 * VECTOR_SIZE;

        Assertions.assertEquals(0, readAsInt(bytes, offset, 2));
        offset += 2;

        final List<Vector3D> tri2 = readVectors(bytes, offset, 4);

        EuclideanTestUtils.assertCoordinatesEqual(Vector3D.of(0, 0, 1), tri2.get(0), TEST_EPS);
        EuclideanTestUtils.assertCoordinatesEqual(Vector3D.of(0, 0, 0), tri2.get(1), TEST_EPS);
        EuclideanTestUtils.assertCoordinatesEqual(Vector3D.of(1, 0, 0), tri2.get(2), TEST_EPS);
        EuclideanTestUtils.assertCoordinatesEqual(Vector3D.of(0, 1, 0), tri2.get(3), TEST_EPS);
        offset += 4 * VECTOR_SIZE;

        Assertions.assertEquals(0, readAsInt(bytes, offset, 2));
    }",BinaryStlWriterTest::testWriteFacet_ordersFacetCounterClockwise_oe
commons-geometry_103,"@Test
    void testWriteFacet_invalidNormalGiven_oe() {
        // arrange
        try (BinaryStlWriter writer = new BinaryStlWriter(out)) {
            writer.writeHeader(null, 3);

            // act
            writer.writeTriangle(
                    Vector3D.ZERO,
                    Vector3D.of(1, 0, 0),
                    Vector3D.of(0, 1, 0),
                    Vector3D.ZERO);

            writer.writeTriangle(
                    Vector3D.ZERO,
                    Vector3D.of(0, 1, 0),
                    Vector3D.of(1, 0, 0),
                    null,
                    512);

            writer.writeTriangle(
                    Vector3D.ZERO,
                    Vector3D.ZERO,
                    Vector3D.of(1, 1, 1),
                    null);
        }

        // assert
        final byte[] bytes = out.toByteArray();

        Assertions.assertEquals(StlConstants.BINARY_HEADER_BYTES + 4 +(3 * StlConstants.BINARY_TRIANGLE_BYTES),bytes.length);

        assertBytes(0, bytes, 0, StlConstants.BINARY_HEADER_BYTES);
        Assertions.assertEquals(3, readAsInt(bytes, StlConstants.BINARY_HEADER_BYTES, Integer.BYTES));

        int offset = StlConstants.BINARY_HEADER_BYTES + 4;

        final List<Vector3D> tri1 = readVectors(bytes, offset, 4);

        EuclideanTestUtils.assertCoordinatesEqual(Vector3D.of(0, 0, 1), tri1.get(0), TEST_EPS);
        EuclideanTestUtils.assertCoordinatesEqual(Vector3D.of(0, 0, 0), tri1.get(1), TEST_EPS);
        EuclideanTestUtils.assertCoordinatesEqual(Vector3D.of(1, 0, 0), tri1.get(2), TEST_EPS);
        EuclideanTestUtils.assertCoordinatesEqual(Vector3D.of(0, 1, 0), tri1.get(3), TEST_EPS);
        offset += 4 * VECTOR_SIZE;

        Assertions.assertEquals(0, readAsInt(bytes, offset, 2));
        offset += 2;

        final List<Vector3D> tri2 = readVectors(bytes, offset, 4);

        EuclideanTestUtils.assertCoordinatesEqual(Vector3D.of(0, 0, -1), tri2.get(0), TEST_EPS);
        EuclideanTestUtils.assertCoordinatesEqual(Vector3D.of(0, 0, 0), tri2.get(1), TEST_EPS);
        EuclideanTestUtils.assertCoordinatesEqual(Vector3D.of(0, 1, 0), tri2.get(2), TEST_EPS);
        EuclideanTestUtils.assertCoordinatesEqual(Vector3D.of(1, 0, 0), tri2.get(3), TEST_EPS);
        offset += 4 * VECTOR_SIZE;

        Assertions.assertEquals(512, readAsInt(bytes, offset, 2));
        offset += 2;

        final List<Vector3D> tri3 = readVectors(bytes, offset, 4);

        EuclideanTestUtils.assertCoordinatesEqual(Vector3D.of(0, 0, 0), tri3.get(0), TEST_EPS);
        EuclideanTestUtils.assertCoordinatesEqual(Vector3D.of(0, 0, 0), tri3.get(1), TEST_EPS);
        EuclideanTestUtils.assertCoordinatesEqual(Vector3D.of(0, 0, 0), tri3.get(2), TEST_EPS);
        EuclideanTestUtils.assertCoordinatesEqual(Vector3D.of(1, 1, 1), tri3.get(3), TEST_EPS);
        offset += 4 * VECTOR_SIZE;

        Assertions.assertEquals(0, readAsInt(bytes, offset, 2));
    }",BinaryStlWriterTest::testWriteFacet_invalidNormalGiven_oe
commons-geometry_104,"@Test
    void testCreate_cubeBinaryFile_oe() throws IOException {
        // arrange
        final URL url = EuclideanIOTestUtils.resource(""/models/cube-binary.stl"");

        // act
        try (FacetDefinitionReader reader = StlFacetDefinitionReaders.create(url.openStream(), null)) {

            // assert
            Assertions.assertEquals(BinaryStlFacetDefinitionReader.class, reader.getClass());

            BoundaryList3D boundaries = new BoundaryList3D(EuclideanIOTestUtils.readAll(reader).stream()
                    .map(f -> FacetDefinitions.toPolygon(f, TEST_PRECISION))
                    .collect(Collectors.toList()));
            EuclideanIOTestUtils.assertCube(boundaries, TEST_EPS);
        }
    }",StlFacetDefinitionReadersTest::testCreate_cubeBinaryFile_oe
commons-geometry_105,"@Test
    void testCreate_cubeAsciiFile_oe() throws IOException {
        // arrange
        final URL url = EuclideanIOTestUtils.resource(""/models/cube-ascii.stl"");

        // act
        try (FacetDefinitionReader reader = StlFacetDefinitionReaders.create(url.openStream(), null)) {

            // assert
            Assertions.assertEquals(TextStlFacetDefinitionReader.class, reader.getClass());

            BoundaryList3D boundaries = new BoundaryList3D(EuclideanIOTestUtils.readAll(reader).stream()
                    .map(f -> FacetDefinitions.toPolygon(f, TEST_PRECISION))
                    .collect(Collectors.toList()));
            EuclideanIOTestUtils.assertCube(boundaries, TEST_EPS);
        }
    }",StlFacetDefinitionReadersTest::testCreate_cubeAsciiFile_oe
commons-geometry_106,"@Test
    void testCreate_nonStandardCharset_charsetGiven_oe() {
        // arrange
        final String content = ""solid test\n"" +
                ""facet normal 1 2 3 "" +
                ""outer loop "" +
                    ""vertex 4 5 6 "" +
                    ""vertex 7 8 9 "" +
                    ""vertex 10 11 12 "" +
                ""endloop "" +
            ""endfacet "" +
            ""endsolid test"";

        final ByteArrayInputStream in = new ByteArrayInputStream(content.getBytes(StandardCharsets.UTF_16));

        // act
        try (FacetDefinitionReader reader = StlFacetDefinitionReaders.create(in, StandardCharsets.UTF_16)) {

            // assert
            Assertions.assertEquals(TextStlFacetDefinitionReader.class, reader.getClass());

            Assertions.assertNotNull(reader.readFacet());
            Assertions.assertNull(reader.readFacet());
        }
    }",StlFacetDefinitionReadersTest::testCreate_nonStandardCharset_charsetGiven_oe
commons-geometry_107,"@Test
    void testCreate_nonStandardCharset_noCharsetGiven_oe() {
        // arrange
        final String content = ""solid test\n"" +
                ""facet normal 1 2 3 "" +
                ""outer loop "" +
                    ""vertex 4 5 6 "" +
                    ""vertex 7 8 9 "" +
                    ""vertex 10 11 12 "" +
                ""endloop "" +
            ""endfacet "" +
            ""endsolid test"";

        final ByteArrayInputStream in = new ByteArrayInputStream(content.getBytes(StandardCharsets.UTF_16));

        // act
        try (FacetDefinitionReader reader = StlFacetDefinitionReaders.create(in, null)) {

            // assert
            Assertions.assertEquals(BinaryStlFacetDefinitionReader.class, reader.getClass());

            Assertions.assertNotNull(reader.readFacet());
            Assertions.assertNotNull(reader.readFacet());
            Assertions.assertThrows(IllegalStateException.class, () -> reader.readFacet());
        }
    }",StlFacetDefinitionReadersTest::testCreate_nonStandardCharset_noCharsetGiven_oe
commons-geometry_108,"@Test
    void testCreate_notEnoughBytes_oe() {
        // arrange
        final byte[] bytes = new byte[1];
        final ByteArrayInputStream in = new ByteArrayInputStream(bytes);

        // act/assert
        GeometryTestUtils.assertThrowsWithMessage(
                () -> StlFacetDefinitionReaders.create(in, null),
                IllegalStateException.class,
                ""Cannot determine STL format: attempted to read 5 bytes but found only 1 available"");
    }",StlFacetDefinitionReadersTest::testCreate_notEnoughBytes_oe
commons-geometry_109,"@Test
    void testDefaults_oe() {
        // arrange
        final ObjFacetDefinitionReader reader = reader("""");

        // act/assert
        Assertions.assertFalse(reader.isFailOnNonPolygonKeywords());
    }",ObjFacetDefinitionReaderTest::testDefaults_oe
commons-geometry_110,"@Test
    void testClose_oe() {
        // arrange
        final CloseCountReader closeReader = new CloseCountReader(new StringReader(""""));

        // act/assert
        try (ObjFacetDefinitionReader reader = new ObjFacetDefinitionReader(closeReader)) {
            Assertions.assertEquals(0, closeReader.getCloseCount());
        }

        Assertions.assertEquals(1, closeReader.getCloseCount());
    }",ObjFacetDefinitionReaderTest::testClose_oe
commons-geometry_111,"@Test
    void testReadFacet_withNormal_oe() {
        // arrange
        final ObjFacetDefinitionReader reader = reader(
                ""o test\n\n"" +
                ""v 0 0 0\r\n"" +
                ""v 1 0 0\n"" +
                ""v 1 1 0\r"" +
                ""v 0 1 0\n"" +
                ""vn 0 0 -1\n"" +
                ""f 1//1 2//1 3//1 4//1\n"" +
                ""curv non-polygon data\n"");

        // act
        final List<FacetDefinition> facets = EuclideanIOTestUtils.readAll(reader);

        // assert
        Assertions.assertEquals(1, facets.size());
        EuclideanIOTestUtils.assertFacetVertices(facets.get(0), Arrays.asList(
                    Vector3D.ZERO, Vector3D.of(1, 0, 0), Vector3D.of(1, 1, 0), Vector3D.of(0, 1, 0)
                ), TEST_EPS);
        EuclideanTestUtils.assertCoordinatesEqual(Vector3D.Unit.MINUS_Z, facets.get(0).getNormal(), TEST_EPS);
    }",ObjFacetDefinitionReaderTest::testReadFacet_withNormal_oe
commons-geometry_112,"@Test
    void testReadFacet_withoutNormal_oe() {
        // arrange
        final ObjFacetDefinitionReader reader = reader(
                ""o test\n\n"" +
                ""v 0 0 0\r\n"" +
                ""v 1 0 0\n"" +
                ""v 1 1 0\r"" +
                ""f 1 2 3\n"");

        // act
        final List<FacetDefinition> facets = EuclideanIOTestUtils.readAll(reader);

        // assert
        Assertions.assertEquals(1, facets.size());
        EuclideanIOTestUtils.assertFacetVertices(facets.get(0), Arrays.asList(
                    Vector3D.ZERO, Vector3D.of(1, 0, 0), Vector3D.of(1, 1, 0)
                ), TEST_EPS);
        Assertions.assertNull(facets.get(0).getNormal());
    }",ObjFacetDefinitionReaderTest::testReadFacet_withoutNormal_oe
commons-geometry_113,"@Test
    void testReadFacet_failOnNonPolygon_oe() {
        // arrange
        final ObjFacetDefinitionReader reader = reader(
                ""o test\n\n"" +
                ""v 0 0 0\r\n"" +
                ""v 1 0 0\n"" +
                ""v 1 1 0\r"" +
                ""v 0 1 0\n"" +
                ""vn 0 0 1\n"" +
                ""f 1//1 2//1 3//1\n"" +
                ""curv non-polygon data\n"");

        reader.setFailOnNonPolygonKeywords(true);

        // act/assert
        GeometryTestUtils.assertThrowsWithMessage(
                () -> EuclideanIOTestUtils.readAll(reader),
                IllegalStateException.class, Pattern.compile(""^Parsing failed.*""));
    }",ObjFacetDefinitionReaderTest::testReadFacet_failOnNonPolygon_oe
commons-geometry_114,"@Test
    void testPropertyDefaults_oe() {
        // arrange
        final StringWriter writer = new StringWriter();

        // act/assert
        try (ObjWriter objWriter = new ObjWriter(writer)) {
            Assertions.assertEquals(""\n"", objWriter.getLineSeparator());
            Assertions.assertNotNull(objWriter.getDoubleFormat());
            Assertions.assertEquals(0, objWriter.getVertexCount());
            Assertions.assertEquals(0, objWriter.getVertexNormalCount());
        }
    }",ObjWriterTest::testPropertyDefaults_oe
commons-geometry_115,"@Test
    void testClose_calledMultipleTimes_oe() {
        // arrange
        final StringWriter writer = new StringWriter();

        // act/assert
        try (ObjWriter objWriter = new ObjWriter(writer)) {
            objWriter.close();
        }

        Assertions.assertEquals("""", writer.toString());
    }",ObjWriterTest::testClose_calledMultipleTimes_oe
commons-geometry_116,"@Test
    void testSetLineSeparator_oe() {
        // arrange
        final StringWriter writer = new StringWriter();

        // act
        try (ObjWriter objWriter = new ObjWriter(writer)) {
            objWriter.setLineSeparator(""\r\n"");

            objWriter.writeComment(""line 1"");
            objWriter.writeComment(""line 2"");
            objWriter.writeVertex(Vector3D.ZERO);
        }

        // assert
        Assertions.assertEquals(""# line 1\r\n"" + ""# line 2\r\n"" + ""v 0.0 0.0 0.0\r\n"",writer.getBuffer().toString());
    }",ObjWriterTest::testSetLineSeparator_oe
commons-geometry_117,"@Test
    void testSetDecimalFormat_oe() {
        // arrange
        final StringWriter writer = new StringWriter();
        final DecimalFormat fmt =
                new DecimalFormat(""0.0"", DecimalFormatSymbols.getInstance(Locale.ENGLISH));

        // act
        try (ObjWriter objWriter = new ObjWriter(writer)) {
            objWriter.setDoubleFormat(fmt::format);

            objWriter.writeVertex(Vector3D.of(1.09, 2.05, 3.06));
        }

        // assert
        Assertions.assertEquals(""v 1.1 2.0 3.1\n"", writer.getBuffer().toString());
    }",ObjWriterTest::testSetDecimalFormat_oe
commons-geometry_119,"@Test
    void testWriteObjectName_oe() {
        // arrange
        final StringWriter writer = new StringWriter();

        // act
        try (ObjWriter objWriter = new ObjWriter(writer)) {
            objWriter.writeObjectName(""test-object"");
        }

        // assert
        Assertions.assertEquals(""o test-object\n"", writer.getBuffer().toString());
    }",ObjWriterTest::testWriteObjectName_oe
commons-geometry_120,"@Test
    void testWriteGroupName_oe() {
        // arrange
        final StringWriter writer = new StringWriter();

        // act
        try (ObjWriter objWriter = new ObjWriter(writer)) {
            objWriter.writeGroupName(""test-group"");
        }

        // assert
        Assertions.assertEquals(""g test-group\n"", writer.getBuffer().toString());
    }",ObjWriterTest::testWriteGroupName_oe
commons-geometry_121,"@Test
    void testWriteVertex_oe() {
        // arrange
        final StringWriter writer = new StringWriter();

        // arrange
        final DecimalFormat fmt =
                new DecimalFormat(""0.0"", DecimalFormatSymbols.getInstance(Locale.ENGLISH));

        // act
        final int index1;
        final int index2;
        final int count;
        try (ObjWriter objWriter = new ObjWriter(writer)) {
            objWriter.setDoubleFormat(fmt::format);

            index1 = objWriter.writeVertex(Vector3D.of(1.09, 2.1, 3.005));
            index2 = objWriter.writeVertex(Vector3D.of(0.06, 10, 12));

            count = objWriter.getVertexCount();
        }

        // assert
        Assertions.assertEquals(0, index1);
        Assertions.assertEquals(1, index2);
        Assertions.assertEquals(2, count);
        Assertions.assertEquals(""v 1.1 2.1 3.0\n"" + ""v 0.1 10.0 12.0\n"",writer.getBuffer().toString());
    }",ObjWriterTest::testWriteVertex_oe
commons-geometry_122,"@Test
    void testWriteNormal_oe() {
        // arrange
        final StringWriter writer = new StringWriter();
        final DecimalFormat fmt =
                new DecimalFormat(""0.0"", DecimalFormatSymbols.getInstance(Locale.ENGLISH));

        // act
        final int index1;
        final int index2;
        final int count;
        try (ObjWriter objWriter = new ObjWriter(writer)) {
            objWriter.setDoubleFormat(fmt::format);

            index1 = objWriter.writeVertexNormal(Vector3D.of(1.09, 2.1, 3.005));
            index2 = objWriter.writeVertexNormal(Vector3D.of(0.06, 10, 12));

            count = objWriter.getVertexNormalCount();
        }

        // assert
        Assertions.assertEquals(0, index1);
        Assertions.assertEquals(1, index2);
        Assertions.assertEquals(2, count);
        Assertions.assertEquals(""vn 1.1 2.1 3.0\n"" + ""vn 0.1 10.0 12.0\n"",writer.getBuffer().toString());
    }",ObjWriterTest::testWriteNormal_oe
commons-geometry_123,"@Test
    void testWriteFace_oe() {
        // arrange
        final StringWriter writer = new StringWriter();

        // act
        try (ObjWriter objWriter = new ObjWriter(writer)) {
            objWriter.writeVertex(Vector3D.ZERO);
            objWriter.writeVertex(Vector3D.of(1, 0, 0));
            objWriter.writeVertex(Vector3D.of(1, 1, 0));
            objWriter.writeVertex(Vector3D.of(0, 1, 0));

            objWriter.writeFace(0, 1, 2);
            objWriter.writeFace(0, 1, 2, 3);
        }

        // assert
        Assertions.assertEquals(""v 0.0 0.0 0.0\n"" + ""v 1.0 0.0 0.0\n"" + ""v 1.0 1.0 0.0\n"" + ""v 0.0 1.0 0.0\n"" + ""f 1 2 3\n"" + ""f 1 2 3 4\n"",writer.getBuffer().toString());
    }",ObjWriterTest::testWriteFace_oe
commons-geometry_124,"@Test
    void testWriteFace_withNormals_oe() {
        // arrange
        final StringWriter writer = new StringWriter();

        // act
        try (ObjWriter objWriter = new ObjWriter(writer)) {
            objWriter.writeVertex(Vector3D.ZERO);
            objWriter.writeVertex(Vector3D.of(1, 0, 0));
            objWriter.writeVertex(Vector3D.of(1, 1, 0));
            objWriter.writeVertex(Vector3D.of(0, 1, 0));

            objWriter.writeVertexNormal(Vector3D.Unit.PLUS_Z);
            objWriter.writeVertexNormal(Vector3D.Unit.MINUS_Z);

            objWriter.writeFace(new int[] {0, 1, 2}, 0);
            objWriter.writeFace(new int[] {0, 1, 2, 3}, new int[] {1, 1, 1, 1});
        }

        // assert
        Assertions.assertEquals(""v 0.0 0.0 0.0\n"" + ""v 1.0 0.0 0.0\n"" + ""v 1.0 1.0 0.0\n"" + ""v 0.0 1.0 0.0\n"" + ""vn 0.0 0.0 1.0\n"" + ""vn 0.0 0.0 -1.0\n"" + ""f 1//1 2//1 3//1\n"" + ""f 1//2 2//2 3//2 4//2\n"",writer.getBuffer().toString());
    }",ObjWriterTest::testWriteFace_withNormals_oe
commons-geometry_125,"@Test
    void testWriteFace_invalidVertexNumber_oe() {
        // arrange
        final StringWriter writer = new StringWriter();

        // act
        GeometryTestUtils.assertThrowsWithMessage(() -> {
            try (ObjWriter objWriter = new ObjWriter(writer)) {
                objWriter.writeFace(1, 2);
            }
        }, IllegalArgumentException.class, ""Face must have more than 3 vertices; found 2"");
    }",ObjWriterTest::testWriteFace_invalidVertexNumber_oe
commons-geometry_126,"@Test
    void testWriteFace_vertexIndexOutOfBounds_oe() {
        // arrange
        final StringWriter writer = new StringWriter();

        // act/assert
        GeometryTestUtils.assertThrowsWithMessage(() -> {
            try (ObjWriter objWriter = new ObjWriter(writer)) {
                objWriter.writeVertex(Vector3D.ZERO);
                objWriter.writeVertex(Vector3D.of(1, 1, 1));

                objWriter.writeFace(0, 1, 2);
            }
        }, IndexOutOfBoundsException.class, ""Vertex index out of bounds: 2"");

        GeometryTestUtils.assertThrowsWithMessage(() -> {
            try (ObjWriter objWriter = new ObjWriter(writer)) {
                objWriter.writeVertex(Vector3D.ZERO);
                objWriter.writeVertex(Vector3D.of(1, 1, 1));

                objWriter.writeFace(0, -1, 1);
            }
        }, IndexOutOfBoundsException.class, ""Vertex index out of bounds: -1"");
    }",ObjWriterTest::testWriteFace_vertexIndexOutOfBounds_oe
commons-geometry_127,"@Test
    void testWriteFace_normalIndexOutOfBounds_oe() {
        // arrange
        final StringWriter writer = new StringWriter();

        // act/assert
        GeometryTestUtils.assertThrowsWithMessage(() -> {
            try (ObjWriter objWriter = new ObjWriter(writer)) {
                objWriter.writeVertex(Vector3D.ZERO);
                objWriter.writeVertex(Vector3D.of(1, 1, 1));
                objWriter.writeVertex(Vector3D.of(0, 2, 0));

                objWriter.writeVertexNormal(Vector3D.Unit.PLUS_Z);

                objWriter.writeFace(new int[] {0, 1, 2}, 1);
            }
        }, IndexOutOfBoundsException.class, ""Normal index out of bounds: 1"");

        GeometryTestUtils.assertThrowsWithMessage(() -> {
            try (ObjWriter objWriter = new ObjWriter(writer)) {
                objWriter.writeVertex(Vector3D.ZERO);
                objWriter.writeVertex(Vector3D.of(1, 1, 1));
                objWriter.writeVertex(Vector3D.of(0, 2, 0));

                objWriter.writeVertexNormal(Vector3D.Unit.PLUS_Z);

                objWriter.writeFace(new int[] {0, 1, 2}, -1);
            }
        }, IndexOutOfBoundsException.class, ""Normal index out of bounds: -1"");
    }",ObjWriterTest::testWriteFace_normalIndexOutOfBounds_oe
commons-geometry_128,"@Test
    void testWriteFace_invalidVertexAndNormalCountMismatch_oe() {
        // arrange
        final StringWriter writer = new StringWriter();

        // act
        GeometryTestUtils.assertThrowsWithMessage(() -> {
            try (ObjWriter objWriter = new ObjWriter(writer)) {
                objWriter.writeFace(new int[] {0, 1, 2, 3}, new int[] {0, 1, 2});
            }
        }, IllegalArgumentException.class, ""Face normal index count must equal vertex index count; expected 4 but was 3"");
    }",ObjWriterTest::testWriteFace_invalidVertexAndNormalCountMismatch_oe
commons-geometry_129,"@Test
    void testWriteMesh_oe() {
        // arrange
        final SimpleTriangleMesh mesh = SimpleTriangleMesh.builder(TEST_PRECISION)
                .addFaceUsingVertices(Vector3D.ZERO, Vector3D.of(1, 0, 0), Vector3D.of(0, 1, 0))
                .addFaceUsingVertices(Vector3D.ZERO, Vector3D.of(1, 0, 0), Vector3D.of(0, 0, 1))
                .build();

        final StringWriter writer = new StringWriter();

        // act
        try (ObjWriter objWriter = new ObjWriter(writer)) {
            objWriter.writeMesh(mesh);
        }

        // assert
        Assertions.assertEquals(""v 0.0 0.0 0.0\n"" + ""v 1.0 0.0 0.0\n"" + ""v 0.0 1.0 0.0\n"" + ""v 0.0 0.0 1.0\n"" + ""f 1 2 3\n"" + ""f 1 2 4\n"",writer.getBuffer().toString());
    }",ObjWriterTest::testWriteMesh_oe
commons-geometry_130,"@Test
    void testMeshBuffer_oe() {
        // arrange
        final StringWriter writer = new StringWriter();

        try (ObjWriter objWriter = new ObjWriter(writer)) {
            ObjWriter.MeshBuffer buf = objWriter.meshBuffer();

            // act
            buf.add(new SimpleFacetDefinition(Arrays.asList(
                    Vector3D.ZERO, Vector3D.of(1, 0, 0), Vector3D.of(1, 1, 0)), Vector3D.Unit.MINUS_Z));
            buf.add(Planes.convexPolygonFromVertices(Arrays.asList(
                    Vector3D.ZERO, Vector3D.of(1, 1, 0), Vector3D.of(0, 1.5, 0)), TEST_PRECISION));
            buf.add(new SimpleFacetDefinition(Arrays.asList(
                    Vector3D.of(0, 1.5, 0), Vector3D.of(1, 1, 0), Vector3D.of(0, 2, 0)), Vector3D.Unit.PLUS_Z));

            buf.flush();
        }

        // assert
        Assertions.assertEquals(""v 0.0 0.0 0.0\n"" + ""v 1.0 0.0 0.0\n"" + ""v 1.0 1.0 0.0\n"" + ""v 0.0 1.5 0.0\n"" + ""v 0.0 2.0 0.0\n"" + ""vn 0.0 0.0 -1.0\n"" + ""vn 0.0 0.0 1.0\n"" + ""f 1//1 2//1 3//1\n"" + ""f 1 3 4\n"" + ""f 4//2 3//2 5//2\n"",writer.getBuffer().toString());
    }",ObjWriterTest::testMeshBuffer_oe
commons-geometry_131,"@Test
    void testMeshBuffer_givenBatchSize_oe() {
        // arrange
        final StringWriter writer = new StringWriter();

        try (ObjWriter objWriter = new ObjWriter(writer)) {
            ObjWriter.MeshBuffer buf = objWriter.meshBuffer(2);

            // act
            buf.add(new SimpleFacetDefinition(Arrays.asList(
                    Vector3D.ZERO, Vector3D.of(1, 0, 0), Vector3D.of(1, 1, 0)), Vector3D.Unit.MINUS_Z));
            buf.add(Planes.convexPolygonFromVertices(Arrays.asList(
                    Vector3D.ZERO, Vector3D.of(1, 1, 0), Vector3D.of(0, 1.5, 0)), TEST_PRECISION));
            buf.add(new SimpleFacetDefinition(Arrays.asList(
                    Vector3D.of(0, 1.5, 0), Vector3D.of(1, 1, 0), Vector3D.of(0, 2, 0)), Vector3D.Unit.PLUS_Z));

            buf.flush();
        }

        // assert
        Assertions.assertEquals(""v 0.0 0.0 0.0\n"" + ""v 1.0 0.0 0.0\n"" + ""v 1.0 1.0 0.0\n"" + ""v 0.0 1.5 0.0\n"" + ""vn 0.0 0.0 -1.0\n"" + ""f 1//1 2//1 3//1\n"" + ""f 1 3 4\n"" + ""v 0.0 1.5 0.0\n"" + ""v 1.0 1.0 0.0\n"" + ""v 0.0 2.0 0.0\n"" + ""vn 0.0 0.0 1.0\n"" + ""f 5//2 6//2 7//2\n"",writer.getBuffer().toString());
    }",ObjWriterTest::testMeshBuffer_givenBatchSize_oe
commons-geometry_132,"@Test
    void testMeshBuffer_mixedWithDirectlyAddedFace_oe() {
        // arrange
        final StringWriter writer = new StringWriter();

        try (ObjWriter objWriter = new ObjWriter(writer)) {
            ObjWriter.MeshBuffer buf = objWriter.meshBuffer(2);

            // act
            objWriter.writeVertex(Vector3D.ZERO);
            objWriter.writeVertex(Vector3D.Unit.MINUS_Y);
            objWriter.writeVertex(Vector3D.Unit.MINUS_X);
            objWriter.writeVertexNormal(Vector3D.Unit.PLUS_Z);
            objWriter.writeFace(new int[] {0, 1, 2}, 0);

            buf.add(new SimpleFacetDefinition(Arrays.asList(
                    Vector3D.ZERO, Vector3D.of(1, 0, 0), Vector3D.of(1, 1, 0)), Vector3D.Unit.MINUS_Z));
            buf.add(Planes.convexPolygonFromVertices(Arrays.asList(
                    Vector3D.ZERO, Vector3D.of(1, 1, 0), Vector3D.of(0, 1.5, 0)), TEST_PRECISION));
            buf.add(new SimpleFacetDefinition(Arrays.asList(
                    Vector3D.of(0, 1.5, 0), Vector3D.of(1, 1, 0), Vector3D.of(0, 2, 0)), Vector3D.Unit.PLUS_Z));

            buf.flush();

            objWriter.writeFace(objWriter.getVertexCount() - 1, 2, 1, 0);
        }

        // assert
        Assertions.assertEquals(""v 0.0 0.0 0.0\n"" + ""v 0.0 -1.0 0.0\n"" + ""v -1.0 0.0 0.0\n"" + ""vn 0.0 0.0 1.0\n"" + ""f 1//1 2//1 3//1\n"" + ""v 0.0 0.0 0.0\n"" + ""v 1.0 0.0 0.0\n"" + ""v 1.0 1.0 0.0\n"" + ""v 0.0 1.5 0.0\n"" + ""vn 0.0 0.0 -1.0\n"" + ""f 4//2 5//2 6//2\n"" + ""f 4 6 7\n"" + ""v 0.0 1.5 0.0\n"" + ""v 1.0 1.0 0.0\n"" + ""v 0.0 2.0 0.0\n"" + ""vn 0.0 0.0 1.0\n"" + ""f 8//3 9//3 10//3\n"" + ""f 10 3 2 1\n"",writer.getBuffer().toString());
    }",ObjWriterTest::testMeshBuffer_mixedWithDirectlyAddedFace_oe
commons-geometry_133,"@Test
    void testWriteBoundaries_meshArgument_oe() {
        // arrange
        final SimpleTriangleMesh mesh = SimpleTriangleMesh.builder(TEST_PRECISION)
                .addFaceUsingVertices(Vector3D.ZERO, Vector3D.of(1, 0, 0), Vector3D.of(0, 1, 0))
                .addFaceUsingVertices(Vector3D.ZERO, Vector3D.of(1, 0, 0), Vector3D.of(0, 0, 1))
                .build();

        final StringWriter writer = new StringWriter();

        // act
        try (ObjWriter objWriter = new ObjWriter(writer)) {
            objWriter.writeBoundaries(mesh);
        }

        // assert
        Assertions.assertEquals(""v 0.0 0.0 0.0\n"" + ""v 1.0 0.0 0.0\n"" + ""v 0.0 1.0 0.0\n"" + ""v 0.0 0.0 1.0\n"" + ""f 1 2 3\n"" + ""f 1 2 4\n"",writer.getBuffer().toString());
    }",ObjWriterTest::testWriteBoundaries_meshArgument_oe
commons-geometry_134,"@Test
    void testWriteBoundaries_nonMeshArgument_oe() {
        // arrange
        final BoundarySource3D src = BoundarySource3D.of(
                    Planes.triangleFromVertices(Vector3D.ZERO, Vector3D.of(1, 0, 0), Vector3D.of(0, 1, 0), TEST_PRECISION),
                    Planes.triangleFromVertices(Vector3D.ZERO, Vector3D.of(1, 0, 0), Vector3D.of(0, 0, 1), TEST_PRECISION)
                );

        final StringWriter writer = new StringWriter();

        // act
        try (ObjWriter objWriter = new ObjWriter(writer)) {
            objWriter.writeBoundaries(src);
        }

        // assert
        Assertions.assertEquals(""v 0.0 0.0 0.0\n"" + ""v 1.0 0.0 0.0\n"" + ""v 0.0 1.0 0.0\n"" + ""v 0.0 0.0 1.0\n"" + ""f 1 2 3\n"" + ""f 1 2 4\n"",writer.getBuffer().toString());
    }",ObjWriterTest::testWriteBoundaries_nonMeshArgument_oe
commons-geometry_135,"@Test
    void testWriteBoundaries_nonMeshArgument_smallBatchSize_oe() {
        // arrange
        final BoundarySource3D src = BoundarySource3D.of(
                    Planes.triangleFromVertices(Vector3D.ZERO, Vector3D.of(1, 0, 0), Vector3D.of(0, 1, 0), TEST_PRECISION),
                    Planes.triangleFromVertices(Vector3D.ZERO, Vector3D.of(1, 0, 0), Vector3D.of(0, 0, 1), TEST_PRECISION)
                );

        final StringWriter writer = new StringWriter();

        // act
        try (ObjWriter objWriter = new ObjWriter(writer)) {
            objWriter.writeBoundaries(src, 1);
        }

        // assert
        Assertions.assertEquals(""v 0.0 0.0 0.0\n"" + ""v 1.0 0.0 0.0\n"" + ""v 0.0 1.0 0.0\n"" + ""f 1 2 3\n"" + ""v 0.0 0.0 0.0\n"" + ""v 1.0 0.0 0.0\n"" + ""v 0.0 0.0 1.0\n"" + ""f 4 5 6\n"",writer.getBuffer().toString());
    }",ObjWriterTest::testWriteBoundaries_nonMeshArgument_smallBatchSize_oe
commons-geometry_136,"@Test
    void testWriteBoundaries_infiniteBoundary_oe() {
        // arrange
        final BoundarySource3D src = BoundarySource3D.of(
                    Planes.triangleFromVertices(Vector3D.ZERO, Vector3D.of(1, 0, 0), Vector3D.of(0, 1, 0), TEST_PRECISION),
                    Planes.fromPointAndNormal(Vector3D.ZERO, Vector3D.Unit.PLUS_Z, TEST_PRECISION).span()
                );

        final StringWriter writer = new StringWriter();

        // act/assert
        GeometryTestUtils.assertThrowsWithMessage(() -> {
            try (ObjWriter objWriter = new ObjWriter(writer)) {
                objWriter.writeBoundaries(src);
            }
        }, IllegalArgumentException.class, Pattern.compile(""^OBJ input geometry cannot be infinite: .*""));
    }",ObjWriterTest::testWriteBoundaries_infiniteBoundary_oe
commons-geometry_137,"@Test
    void testProperties_oe() {
        // act/assert
        Assertions.assertEquals(GeometryFormat3D.OBJ, handler.getFormat());
        Assertions.assertEquals(StandardCharsets.UTF_8, handler.getDefaultCharset());
        Assertions.assertEquals(""\n"", handler.getLineSeparator());
        Assertions.assertNotNull(handler.getDoubleFormat());
        Assertions.assertEquals(-1, handler.getMeshBufferBatchSize());
    }",ObjBoundaryWriteHandler3DTest::testProperties_oe
commons-geometry_138,"@Test
    void testWriteFacets_oe() {
        // arrange
        final DecimalFormat fmt =
                new DecimalFormat(""0.0#####"", DecimalFormatSymbols.getInstance(Locale.ENGLISH));

        // act
        handler.setDoubleFormat(fmt::format);
        handler.writeFacets(FACETS, new StreamGeometryOutput(out));

        // assert
        Assertions.assertEquals(""v 0.0 0.0 0.0\n"" + ""v 0.333333 0.0 0.0\n"" + ""v 1.0 1.0 0.0\n"" + ""v 0.0 1.0 0.0\n"" + ""v 0.0 -1.0 0.0\n"" + ""f 1 2 3 4\n"" + ""f 1 5 2\n"",new String(out.toByteArray(),StandardCharsets.UTF_8));
    }",ObjBoundaryWriteHandler3DTest::testWriteFacets_oe
commons-geometry_139,"@Test
    void testWriteFacets_usesOutputCharset_oe() {
        // arrange
        final DecimalFormat fmt =
                new DecimalFormat(""0.0#####"", DecimalFormatSymbols.getInstance(Locale.ENGLISH));

        // act
        handler.setDoubleFormat(fmt::format);
        handler.writeFacets(FACETS, new StreamGeometryOutput(out, null, StandardCharsets.UTF_16));

        // assert
        Assertions.assertEquals(""v 0.0 0.0 0.0\n"" + ""v 0.333333 0.0 0.0\n"" + ""v 1.0 1.0 0.0\n"" + ""v 0.0 1.0 0.0\n"" + ""v 0.0 -1.0 0.0\n"" + ""f 1 2 3 4\n"" + ""f 1 5 2\n"",new String(out.toByteArray(),StandardCharsets.UTF_16));
    }",ObjBoundaryWriteHandler3DTest::testWriteFacets_usesOutputCharset_oe
commons-geometry_140,"@Test
    void testWriteFacets_customConfig_oe() {
        // arrange
        // arrange
        final DecimalFormat fmt =
                new DecimalFormat(""0.0"", DecimalFormatSymbols.getInstance(Locale.ENGLISH));

        handler.setDefaultCharset(StandardCharsets.UTF_16);
        handler.setLineSeparator(""\r\n"");
        handler.setDoubleFormat(fmt::format);
        handler.setMeshBufferBatchSize(1);

        // act
        handler.writeFacets(FACETS, new StreamGeometryOutput(out));

        // assert
        Assertions.assertEquals(""v 0.0 0.0 0.0\r\n"" + ""v 0.3 0.0 0.0\r\n"" + ""v 1.0 1.0 0.0\r\n"" + ""v 0.0 1.0 0.0\r\n"" + ""f 1 2 3 4\r\n"" + ""v 0.0 0.0 0.0\r\n"" + ""v 0.0 -1.0 0.0\r\n"" + ""v 0.3 0.0 0.0\r\n"" + ""f 5 6 7\r\n"",new String(out.toByteArray(),StandardCharsets.UTF_16));
    }",ObjBoundaryWriteHandler3DTest::testWriteFacets_customConfig_oe
commons-geometry_141,"@Test
    void testWrite_oe() {
        // arrange
        final BoundarySource3D src = BoundarySource3D.of(FACETS.stream()
                .map(f -> FacetDefinitions.toPolygon(f, TEST_PRECISION))
                .collect(Collectors.toList()));

        // act
        handler.write(src, new StreamGeometryOutput(out));

        // assert
        Assertions.assertEquals(""v 0.0 0.0 0.0\n"" + ""v 0.3333333333333333 0.0 0.0\n"" + ""v 1.0 1.0 0.0\n"" + ""v 0.0 1.0 0.0\n"" + ""v 0.0 -1.0 0.0\n"" + ""f 1 2 3 4\n"" + ""f 1 5 2\n"",new String(out.toByteArray(),StandardCharsets.UTF_8));
    }",ObjBoundaryWriteHandler3DTest::testWrite_oe
commons-geometry_142,"@Test
    void testWrite_customConfig_oe() {
        // arrange
        final BoundarySource3D src = BoundarySource3D.of(FACETS.stream()
                .map(f -> FacetDefinitions.toPolygon(f, TEST_PRECISION))
                .collect(Collectors.toList()));

        // arrange
        final DecimalFormat fmt =
                new DecimalFormat(""0.0"", DecimalFormatSymbols.getInstance(Locale.ENGLISH));

        handler.setDefaultCharset(StandardCharsets.UTF_16);
        handler.setLineSeparator(""\r\n"");
        handler.setDoubleFormat(fmt::format);
        handler.setMeshBufferBatchSize(1);

        // act
        handler.write(src, new StreamGeometryOutput(out));

        // assert
        Assertions.assertEquals(""v 0.0 0.0 0.0\r\n"" + ""v 0.3 0.0 0.0\r\n"" + ""v 1.0 1.0 0.0\r\n"" + ""v 0.0 1.0 0.0\r\n"" + ""f 1 2 3 4\r\n"" + ""v 0.0 0.0 0.0\r\n"" + ""v 0.0 -1.0 0.0\r\n"" + ""v 0.3 0.0 0.0\r\n"" + ""f 5 6 7\r\n"",new String(out.toByteArray(),StandardCharsets.UTF_16));
    }",ObjBoundaryWriteHandler3DTest::testWrite_customConfig_oe
commons-geometry_143,"@Test
    void testWrite_mesh_oe() {
        // arrange
        final SimpleTriangleMesh.Builder builder = SimpleTriangleMesh.builder(TEST_PRECISION);
        builder.addFaceAndVertices(Vector3D.ZERO, Vector3D.of(1, 0, 0), Vector3D.of(0, 1, 0));
        builder.addVertex(Vector3D.of(2, 3, 4)); // extra, unused vertex

        final BoundarySource3D src = builder.build();

        // act
        handler.write(src, new StreamGeometryOutput(out));

        // assert
        Assertions.assertEquals(""v 0.0 0.0 0.0\n"" + ""v 1.0 0.0 0.0\n"" + ""v 0.0 1.0 0.0\n"" + ""v 2.0 3.0 4.0\n"" + ""f 1 2 3\n"",new String(out.toByteArray(),StandardCharsets.UTF_8));
    }",ObjBoundaryWriteHandler3DTest::testWrite_mesh_oe
commons-geometry_144,"@Test
    void testDefaults_oe() {
        // arrange
        final ObjTriangleMeshReader reader = reader("""");

        // act/assert
        Assertions.assertFalse(reader.isFailOnNonPolygonKeywords());
    }",ObjTriangleMeshReaderTest::testDefaults_oe
commons-geometry_145,"@Test
    void testClose_oe() {
        // arrange
        final CloseCountReader closeReader = new CloseCountReader(new StringReader(""""));

        // act/assert
        try (ObjTriangleMeshReader reader = new ObjTriangleMeshReader(closeReader, TEST_PRECISION)) {
            Assertions.assertEquals(0, closeReader.getCloseCount());
        }

        Assertions.assertEquals(1, closeReader.getCloseCount());
    }",ObjTriangleMeshReaderTest::testClose_oe
commons-geometry_146,"@Test
    void testReadTriangleMesh_withNormal_oe() {
        // arrange
        final ObjTriangleMeshReader reader = reader(
                ""o test\n\n"" +
                ""v 0 0 0\r\n"" +
                ""v 0.5 0 0\n"" +
                ""v 1 1 0\r"" +
                ""v 0 1 0\n"" +
                ""vn 0 0 -1\n"" +
                ""f 1//1 2//1 3//1 4//1\n"" +
                ""curv non-polygon data\n"");

        // act
        final TriangleMesh mesh = reader.readTriangleMesh();

        // assert
        Assertions.assertEquals(4, mesh.getVertexCount());
        Assertions.assertEquals(2, mesh.getFaceCount());

        final TriangleMesh.Face face1 = mesh.getFace(0);

        EuclideanTestUtils.assertVertexLoopSequence(Arrays.asList(
                Vector3D.of(0.5, 0, 0), Vector3D.of(0, 1, 0), Vector3D.of(1, 1, 0)
            ), face1.getVertices(), TEST_PRECISION);

        EuclideanTestUtils.assertCoordinatesEqual(Vector3D.Unit.MINUS_Z,
                face1.getPolygon().getPlane().getNormal(), TEST_EPS);

        final TriangleMesh.Face face2 = mesh.getFace(1);

        EuclideanTestUtils.assertVertexLoopSequence(Arrays.asList(
                Vector3D.ZERO, Vector3D.of(0, 1, 0), Vector3D.of(0.5, 0, 0)
            ), face2.getVertices(), TEST_PRECISION);

        EuclideanTestUtils.assertCoordinatesEqual(Vector3D.Unit.MINUS_Z,
                face2.getPolygon().getPlane().getNormal(), TEST_EPS);
    }",ObjTriangleMeshReaderTest::testReadTriangleMesh_withNormal_oe
commons-geometry_147,"@Test
    void testReadTriangleMesh_withoutNormal_oe() {
        // arrange
        final ObjTriangleMeshReader reader = reader(
                ""o test\n\n"" +
                ""v -1 0 0\n"" +
                ""v 0 0 0\r\n"" +
                ""v 1 0 0\n"" +
                ""v 1 1 0\r"" +
                ""v -2 0 0\n"" +
                ""f 2 3 4\n"");

        // act
        final TriangleMesh mesh = reader.readTriangleMesh();

        // assert
        Assertions.assertEquals(5, mesh.getVertexCount());
        Assertions.assertEquals(1, mesh.getFaceCount());

        final TriangleMesh.Face face = mesh.getFace(0);

        EuclideanTestUtils.assertVertexLoopSequence(Arrays.asList(
                    Vector3D.ZERO, Vector3D.of(1, 0, 0), Vector3D.of(1, 1, 0)
                ), face.getVertices(), TEST_PRECISION);

        EuclideanTestUtils.assertCoordinatesEqual(Vector3D.of(0, 0, 1),
                face.getPolygon().getPlane().getNormal(), TEST_EPS);
    }",ObjTriangleMeshReaderTest::testReadTriangleMesh_withoutNormal_oe
commons-geometry_148,"@Test
    void testReadTriangleMesh_failOnNonPolygon_oe() {
        // arrange
        final ObjTriangleMeshReader reader = reader(
                ""o test\n\n"" +
                ""v 0 0 0\r\n"" +
                ""v 1 0 0\n"" +
                ""v 1 1 0\r"" +
                ""v 0 1 0\n"" +
                ""vn 0 0 1\n"" +
                ""f 1//1 2//1 3//1\n"" +
                ""curv non-polygon data\n"");

        reader.setFailOnNonPolygonKeywords(true);

        // act/assert
        GeometryTestUtils.assertThrowsWithMessage(
                () -> reader.readTriangleMesh(),
                IllegalStateException.class, Pattern.compile(""^Parsing failed.*""));
    }",ObjTriangleMeshReaderTest::testReadTriangleMesh_failOnNonPolygon_oe
commons-geometry_149,"@Test
    void testInitialState_oe() {
        // act
        final PolygonObjParser p = parser("""");

        // assert
        Assertions.assertNull(p.getCurrentKeyword());
        Assertions.assertEquals(0, p.getVertexCount());
        Assertions.assertEquals(0, p.getVertexNormalCount());
        Assertions.assertEquals(0, p.getTextureCoordinateCount());
        Assertions.assertFalse(p.isFailOnNonPolygonKeywords());
    }",PolygonObjParserTest::testInitialState_oe
commons-geometry_150,"@Test
    void testNextKeyword_oe() {
        // arrange
        final PolygonObjParser p = parser(lines(
                ""#comment"",
                """",
                ""  \t"",
                ""o test"",
                ""v"",
                ""v 1 0 0 1"",
                ""v 0 1 0"",
                ""# comment"",
                "" "",
                ""g triangle-\\"",
                ""group"",
                ""f 1 2 3"",
                """",
                ""curv2"",
                ""# end""
        ));

        // act/assert
        assertNextKeyword(""o"", p);
        assertNextKeyword(""v"", p);
        assertNextKeyword(""v"", p);
        assertNextKeyword(""v"", p);
        assertNextKeyword(""g"", p);
        assertNextKeyword(""f"", p);
        assertNextKeyword(""curv2"", p);

        assertNextKeyword(null, p);
    }",PolygonObjParserTest::testNextKeyword_oe
commons-geometry_151,"@Test
    void testNextKeyword_polygonKeywordsOnly_valid_oe() {
        // arrange
        final PolygonObjParser p = parser(lines(
                ""v"",
                ""vn"",
                ""vt"",
                ""f"",
                ""o"",
                ""s"",
                ""g"",
                ""mtllib"",
                ""usemtl""
        ));
        p.setFailOnNonPolygonKeywords(true);

        // act/assert
        assertNextKeyword(""v"", p);
        assertNextKeyword(""vn"", p);
        assertNextKeyword(""vt"", p);
        assertNextKeyword(""f"", p);
        assertNextKeyword(""o"", p);
        assertNextKeyword(""s"", p);
        assertNextKeyword(""g"", p);
        assertNextKeyword(""mtllib"", p);
        assertNextKeyword(""usemtl"", p);

        assertNextKeyword(null, p);
    }",PolygonObjParserTest::testNextKeyword_polygonKeywordsOnly_valid_oe
commons-geometry_152,"@Test
    void testNextKeyword_polygonKeywordsOnly_invalid_oe() {
        // arrange
        final PolygonObjParser p = parser(lines(
                """",
                ""curv2 abc""
        ));
        p.setFailOnNonPolygonKeywords(true);

        // act/assert
        GeometryTestUtils.assertThrowsWithMessage(() -> {
            p.nextKeyword();
        }, IllegalStateException.class,
                ""Parsing failed at line 2, column 1: expected keyword to be one of "" +
                ""[f, g, mtllib, o, s, usemtl, v, vn, vt] but was [curv2]"");
    }",PolygonObjParserTest::testNextKeyword_polygonKeywordsOnly_invalid_oe
commons-geometry_153,"@Test
    void testNextKeyword_emptyContent_oe() {
        // arrange
        final PolygonObjParser p = parser("""");

        // act/assert
        assertNextKeyword(null, p);
    }",PolygonObjParserTest::testNextKeyword_emptyContent_oe
commons-geometry_154,"@Test
    void testNextKeyword_unexpectedContent_oe() {
        // arrange
        final PolygonObjParser p = parser(lines(
                    "" f"",
                    ""-- bad comment attempt""
                ));

        // act/assert
        GeometryTestUtils.assertThrowsWithMessage(() -> {
            p.nextKeyword();
        }, IllegalStateException.class, ""Parsing failed at line 1, column 2: "" +
            ""non-blank lines must begin with an OBJ keyword or comment character"");

        GeometryTestUtils.assertThrowsWithMessage(() -> {
            p.nextKeyword();
        }, IllegalStateException.class, ""Parsing failed at line 2, column 1: "" +
            ""expected OBJ keyword but found empty token followed by [-]"");
    }",PolygonObjParserTest::testNextKeyword_unexpectedContent_oe
commons-geometry_155,"@Test
    void testReadDataLine_oe() {
        // arrange
        final PolygonObjParser p = parser(lines(
                ""  line\t"",
                """",
                "" \\"",
                ""a \\"",
                ""b\\"",
                ""cd\\"",
                "".\\""
        ));

        // act/assert
        Assertions.assertEquals(""  line\t"", p.readDataLine());
        Assertions.assertEquals("""", p.readDataLine());
        Assertions.assertEquals("" a bcd."", p.readDataLine());
        Assertions.assertNull(p.readDataLine());
    }",PolygonObjParserTest::testReadDataLine_oe
commons-geometry_156,"@Test
    void testDiscardDataLine_oe() {
        // arrange
        final PolygonObjParser p = parser(lines(
                ""  line\t"",
                """",
                "" \\"",
                ""a \\"",
                ""b\\"",
                ""cd\\"",
                "".\\""
        ));

        // act/assert
        p.discardDataLine();
        Assertions.assertEquals(2, p.getTextParser().getLineNumber());
        Assertions.assertEquals(1, p.getTextParser().getColumnNumber());

        p.discardDataLine();
        Assertions.assertEquals(3, p.getTextParser().getLineNumber());
        Assertions.assertEquals(1, p.getTextParser().getColumnNumber());

        p.discardDataLine();
        Assertions.assertEquals(8, p.getTextParser().getLineNumber());
        Assertions.assertEquals(1, p.getTextParser().getColumnNumber());

        p.discardDataLine();
        Assertions.assertEquals(8, p.getTextParser().getLineNumber());
        Assertions.assertEquals(1, p.getTextParser().getColumnNumber());
    }",PolygonObjParserTest::testDiscardDataLine_oe
commons-geometry_157,"@Test
    void testReadVector_oe() {
        // arrange
        final PolygonObjParser p = parser(lines(
                ""1.01 3e-02 123.999 extra""
        ));

        // act/assert
        EuclideanTestUtils.assertCoordinatesEqual(Vector3D.of(1.01, 0.03, 123.999), p.readVector(), EPS);
    }",PolygonObjParserTest::testReadVector_oe
commons-geometry_158,"@Test
    void testReadVector_parseFailures_oe() {
        // arrange
        final PolygonObjParser p = parser(lines(
                ""0.1 0.2 a"",
                ""1"",
                """"
        ));

        // act/assert
        GeometryTestUtils.assertThrowsWithMessage(() -> {
            p.readVector();
        }, IllegalStateException.class, ""Parsing failed at line 1, column 9: expected double but found [a]"");

        p.readDataLine();

        GeometryTestUtils.assertThrowsWithMessage(() -> {
            p.readVector();
        }, IllegalStateException.class, ""Parsing failed at line 2, column 2: expected double but found end of line"");
    }",PolygonObjParserTest::testReadVector_parseFailures_oe
commons-geometry_159,"@Test
    void testReadDoubles_oe() {
        // arrange
        final PolygonObjParser p = parser(lines(
                ""0.1 0.2 3e2 4e2 500.01"",
                ""  12.001  "",
                ""  "",
                """"
        ));

        // act/assert
        Assertions.assertArrayEquals(new double[] {
            0.1, 0.2, 3e2, 4e2, 500.01
        }, p.readDoubles(), EPS);
        Assertions.assertArrayEquals(new double[0], p.readDoubles(), EPS);

        p.readDataLine();

        Assertions.assertArrayEquals(new double[] {12.001}, p.readDoubles(), EPS);

        p.readDataLine();

        Assertions.assertArrayEquals(new double[0], p.readDoubles(), EPS);

        p.readDataLine();

        Assertions.assertArrayEquals(new double[0], p.readDoubles(), EPS);
    }",PolygonObjParserTest::testReadDoubles_oe
commons-geometry_160,"@Test
    void testReadDoubles_parseFailures_oe() {
        // arrange
        final PolygonObjParser p = parser(lines(
                ""0.1 0.2 a"",
                ""b""
        ));

        // act/assert
        GeometryTestUtils.assertThrowsWithMessage(() -> {
            p.readDoubles();
        }, IllegalStateException.class, ""Parsing failed at line 1, column 9: expected double but found [a]"");

        p.readDataLine();

        GeometryTestUtils.assertThrowsWithMessage(() -> {
            p.readDoubles();
        }, IllegalStateException.class, ""Parsing failed at line 2, column 1: expected double but found [b]"");
    }",PolygonObjParserTest::testReadDoubles_parseFailures_oe
commons-geometry_161,"@Test
    void testReadFace_oe() {
        // arrange
        final PolygonObjParser p = parser(lines(
                ""# test content"",
                ""o test"",
                ""v 0 0 0"",
                ""v 1 0 0"",
                ""v 1 1 0"",
                ""v 0 1 0"",
                ""vt 1 2"",
                ""vt 3 4"",
                ""vt 5 6"",
                ""vt 7 8"",
                ""vt 9 10"",
                ""vn 0 0 1"",
                ""vn 0 0 -1"",

                ""f 1 2 3 4"",
                ""f -4// -3// -2// -1//"",

                ""f 1//1 2//2 3//1 4//2"",
                ""f -4//-2 -3//-1 -2//-2 -1//-1"",

                ""f 1/4/1 2/3/2 3/2/1 4/1/2"",
                ""f -4/-1/-2 -3/-2/-1 -2/-3/-2 -1/-4/-1"",

                ""f 1/4 2/3 3/2 4/1"",
                ""f -4/-1 -3/-2 -2/-3 -1/-4""
        ));

        nextFace(p);

        // act/assert
        assertFace(new int[][] {
            {0, -1, -1},
            {1, -1, -1},
            {2, -1, -1},
            {3, -1, -1},
        }, p.readFace());

        nextFace(p);

        assertFace(new int[][] {
            {0, -1, -1},
            {1, -1, -1},
            {2, -1, -1},
            {3, -1, -1},
        }, p.readFace());

        nextFace(p);

        assertFace(new int[][] {
            {0, -1, 0},
            {1, -1, 1},
            {2, -1, 0},
            {3, -1, 1},
        }, p.readFace());

        nextFace(p);

        assertFace(new int[][] {
            {0, -1, 0},
            {1, -1, 1},
            {2, -1, 0},
            {3, -1, 1},
        }, p.readFace());

        nextFace(p);

        assertFace(new int[][] {
            {0, 3, 0},
            {1, 2, 1},
            {2, 1, 0},
            {3, 0, 1},
        }, p.readFace());

        nextFace(p);

        assertFace(new int[][] {
            {0, 4, 0},
            {1, 3, 1},
            {2, 2, 0},
            {3, 1, 1},
        }, p.readFace());

        nextFace(p);

        assertFace(new int[][] {
            {0, 3, -1},
            {1, 2, -1},
            {2, 1, -1},
            {3, 0, -1},
        }, p.readFace());

        nextFace(p);

        assertFace(new int[][] {
            {0, 4, -1},
            {1, 3, -1},
            {2, 2, -1},
            {3, 1, -1},
        }, p.readFace());
    }",PolygonObjParserTest::testReadFace_oe
commons-geometry_162,"@Test
    void testReadFace_notEnoughVertices_oe() {
        // arrange
        final PolygonObjParser p = parser(lines(
                ""# test content"",
                ""v 0 0 0"",
                ""v 1 0 0"",
                ""v 1 1 0"",
                ""f 1 2""
        ));

        // act/assert
        nextFace(p);
        GeometryTestUtils.assertThrowsWithMessage(() -> {
            p.readFace();
        }, IllegalStateException.class, ""Parsing failed at line 5, column 6: "" +
            ""face must contain at least 3 vertices but found only 2"");
    }",PolygonObjParserTest::testReadFace_notEnoughVertices_oe
commons-geometry_163,"@Test
    void testReadFace_invalidVertexIndex_oe() {
        // arrange
        final PolygonObjParser p = parser(lines(
                ""# test content"",
                ""f 1 2 3"",
                ""v 0 0 0"",
                ""v 1 0 0"",
                ""v 1 1 0"",
                ""f 1 2 -4"",
                ""f 1 0 3"",
                ""f 4 2 3""
        ));

        // act/assert
        nextFace(p);
        GeometryTestUtils.assertThrowsWithMessage(() -> {
            p.readFace();
        }, IllegalStateException.class, ""Parsing failed at line 2, column 3: "" +
            ""vertex index cannot be used because no values of that type have been defined"");

        nextFace(p);
        GeometryTestUtils.assertThrowsWithMessage(() -> {
            p.readFace();
        }, IllegalStateException.class, ""Parsing failed at line 6, column 7: "" +
            ""vertex index must evaluate to be within the range [1, 3] but was -4"");

        nextFace(p);
        GeometryTestUtils.assertThrowsWithMessage(() -> {
            p.readFace();
        }, IllegalStateException.class, ""Parsing failed at line 7, column 5: "" +
            ""vertex index must evaluate to be within the range [1, 3] but was 0"");

        nextFace(p);
        GeometryTestUtils.assertThrowsWithMessage(() -> {
            p.readFace();
        }, IllegalStateException.class, ""Parsing failed at line 8, column 3: "" +
            ""vertex index must evaluate to be within the range [1, 3] but was 4"");
    }",PolygonObjParserTest::testReadFace_invalidVertexIndex_oe
commons-geometry_164,"@Test
    void testReadFace_invalidTextureIndex_oe() {
        // arrange
        final PolygonObjParser p = parser(lines(
                ""# test content"",
                ""v 0 0 0"",
                ""v 1 0 0"",
                ""v 1 1 0"",
                ""f 1/1 2/2 3/3"",
                ""vt 1 2"",
                ""vt 3 4"",
                ""vt 5 6"",
                ""f 1/1 2/2 3/-4"",
                ""f 1/1 1/0 3/3"",
                ""f 1/4 2/2 3/3""
        ));

        // act/assert
        nextFace(p);
        GeometryTestUtils.assertThrowsWithMessage(() -> {
            p.readFace();
        }, IllegalStateException.class, ""Parsing failed at line 5, column 5: "" +
            ""texture index cannot be used because no values of that type have been defined"");

        nextFace(p);
        GeometryTestUtils.assertThrowsWithMessage(() -> {
            p.readFace();
        }, IllegalStateException.class, ""Parsing failed at line 9, column 13: "" +
            ""texture index must evaluate to be within the range [1, 3] but was -4"");

        nextFace(p);
        GeometryTestUtils.assertThrowsWithMessage(() -> {
            p.readFace();
        }, IllegalStateException.class, ""Parsing failed at line 10, column 9: "" +
            ""texture index must evaluate to be within the range [1, 3] but was 0"");

        nextFace(p);
        GeometryTestUtils.assertThrowsWithMessage(() -> {
            p.readFace();
        }, IllegalStateException.class, ""Parsing failed at line 11, column 5: "" +
            ""texture index must evaluate to be within the range [1, 3] but was 4"");
    }",PolygonObjParserTest::testReadFace_invalidTextureIndex_oe
commons-geometry_165,"@Test
    void testReadFace_invalidNormalIndex_oe() {
        // arrange
        final PolygonObjParser p = parser(lines(
                ""# test content"",
                ""v 0 0 0"",
                ""v 1 0 0"",
                ""v 1 1 0"",
                ""f 1//1 2//2 3//3"",
                ""vn 1 0 0"",
                ""vn 0 1 0"",
                ""vn 0 0 1"",
                ""f 1//1 2//2 3//-4"",
                ""f 1//1 1//0 3//3"",
                ""f 1//4 2//2 3//3""
        ));

        // act/assert
        nextFace(p);
        GeometryTestUtils.assertThrowsWithMessage(() -> {
            p.readFace();
        }, IllegalStateException.class, ""Parsing failed at line 5, column 6: "" +
            ""normal index cannot be used because no values of that type have been defined"");

        nextFace(p);
        GeometryTestUtils.assertThrowsWithMessage(() -> {
            p.readFace();
        }, IllegalStateException.class, ""Parsing failed at line 9, column 16: "" +
            ""normal index must evaluate to be within the range [1, 3] but was -4"");

        nextFace(p);
        GeometryTestUtils.assertThrowsWithMessage(() -> {
            p.readFace();
        }, IllegalStateException.class, ""Parsing failed at line 10, column 11: "" +
            ""normal index must evaluate to be within the range [1, 3] but was 0"");

        nextFace(p);
        GeometryTestUtils.assertThrowsWithMessage(() -> {
            p.readFace();
        }, IllegalStateException.class, ""Parsing failed at line 11, column 6: "" +
            ""normal index must evaluate to be within the range [1, 3] but was 4"");
    }",PolygonObjParserTest::testReadFace_invalidNormalIndex_oe
commons-geometry_166,"@Test
    void testParse_oe() {
        // arrange
        final PolygonObjParser p = parser(lines(
                ""# test content"",
                ""o test"",
                ""g test"",
                ""s test"",
                ""mtllib mylib.mtl"",
                ""usemtl mymaterial"",
                """",
                ""\\"", // line continuation
                "" \\"", // line continuation
                """",
                ""v 0 0 0"",
                ""v 1\\"", "".0 0 0"", // line continuation
                ""v 1 1 0"",
                ""v 0 1 0"",
                """",
                ""vt 0 0"",
                ""vt 1 0"",
                ""vt 1 1"",
                """",
                ""vn 0 0 1"",
                """",
                ""f 1 2 4"",
                ""f 1/1/1 2/2/1 3\\"", ""/3/1"" // line continuation
        ));

        // act/assert
        assertNextKeyword(""o"", p);
        Assertions.assertEquals(""test"", p.readDataLine());

        assertNextKeyword(""g"", p);
        Assertions.assertEquals(""test"", p.readDataLine());

        assertNextKeyword(""s"", p);
        Assertions.assertEquals(""test"", p.readDataLine());

        assertNextKeyword(""mtllib"", p);
        Assertions.assertEquals(""mylib.mtl"", p.readDataLine());

        assertNextKeyword(""usemtl"", p);
        Assertions.assertEquals(""mymaterial"", p.readDataLine());

        assertNextKeyword(""v"", p);
        EuclideanTestUtils.assertCoordinatesEqual(Vector3D.ZERO, p.readVector(), EPS);

        assertNextKeyword(""v"", p);
        EuclideanTestUtils.assertCoordinatesEqual(Vector3D.Unit.PLUS_X, p.readVector(), EPS);

        assertNextKeyword(""v"", p);
        EuclideanTestUtils.assertCoordinatesEqual(Vector3D.of(1, 1, 0), p.readVector(), EPS);

        assertNextKeyword(""v"", p);
        EuclideanTestUtils.assertCoordinatesEqual(Vector3D.Unit.PLUS_Y, p.readVector(), EPS);

        assertNextKeyword(""vt"", p);
        Assertions.assertArrayEquals(new double[] {0, 0}, p.readDoubles(),  EPS);

        assertNextKeyword(""vt"", p);
        Assertions.assertArrayEquals(new double[] {1, 0}, p.readDoubles(),  EPS);

        assertNextKeyword(""vt"", p);
        Assertions.assertArrayEquals(new double[] {1, 1}, p.readDoubles(),  EPS);

        assertNextKeyword(""vn"", p);
        EuclideanTestUtils.assertCoordinatesEqual(Vector3D.Unit.PLUS_Z, p.readVector(), EPS);

        assertNextKeyword(""f"", p);
        assertFace(new int[][] {
            {0, -1, -1},
            {1, -1, -1},
            {3, -1, -1},
        }, p.readFace());

        assertNextKeyword(""f"", p);
        assertFace(new int[][] {
            {0, 0, 0},
            {1, 1, 0},
            {2, 2, 0},
        }, p.readFace());

        Assertions.assertEquals(4, p.getVertexCount());
        Assertions.assertEquals(3, p.getTextureCoordinateCount());
        Assertions.assertEquals(1, p.getVertexNormalCount());
    }",PolygonObjParserTest::testParse_oe
commons-geometry_167,"@Test
    void testFace_getDefinedCompositeNormal_oe() {
        // arrange
        final PolygonObjParser p = parser(lines(
                ""v 0 0 0"",
                ""v 1 0 0"",
                ""v 1 1 0"",
                ""v 0 1 0"",
                """",
                ""vn 0 0 1"",
                ""vn 0 0 -1"",
                ""vn 2 2 2"",
                ""vn -2 2 2"",
                """",
                ""f 1 2 3 4"",
                ""f 1//1 2 3"",
                ""f 1//1 2//1 3//1 4//1"",
                ""f 1//1 2//2 3//1 4//2"",
                ""f 1//-2 2//-1 3//3 4//4""
        ));

        final List<Vector3D> normals = Arrays.asList(
                Vector3D.Unit.PLUS_Z,
                Vector3D.Unit.MINUS_Z,
                Vector3D.of(1, 1, 1),
                Vector3D.of(-1, 1, 1));
        final IntFunction<Vector3D> normalFn = normals::get;

        // act/assert
        nextMatchingKeyword(""f"", p);
        Assertions.assertNull(p.readFace().getDefinedCompositeNormal(normalFn));

        nextMatchingKeyword(""f"", p);
        EuclideanTestUtils.assertCoordinatesEqual(Vector3D.Unit.PLUS_Z,
                p.readFace().getDefinedCompositeNormal(normalFn), EPS);

        nextMatchingKeyword(""f"", p);
        EuclideanTestUtils.assertCoordinatesEqual(Vector3D.Unit.PLUS_Z,
                p.readFace().getDefinedCompositeNormal(normalFn), EPS);

        nextMatchingKeyword(""f"", p);
        Assertions.assertNull(p.readFace().getDefinedCompositeNormal(normalFn));

        nextMatchingKeyword(""f"", p);
        EuclideanTestUtils.assertCoordinatesEqual(Vector3D.of(0, 1, 1).normalize(),
                p.readFace().getDefinedCompositeNormal(normalFn), EPS);
    }",PolygonObjParserTest::testFace_getDefinedCompositeNormal_oe
commons-geometry_168,"@Test
    void testFace_computeNormalFromVertices_oe() {
        // arrange
        final PolygonObjParser p = parser(lines(
                ""v 0 0 0"",
                ""v 1 0 0"",
                ""v 2 0 0"",
                ""v 0 1 0"",
                """",
                ""vn 0 0 1"",
                """",
                ""f 1 2 4"",
                ""f 1//1 2//1 3//1""
        ));

        final List<Vector3D> vertices = Arrays.asList(
                Vector3D.ZERO,
                Vector3D.Unit.PLUS_X,
                Vector3D.of(2, 0, 0),
                Vector3D.of(0, 1, 0));
        final IntFunction<Vector3D> vertexFn = vertices::get;

        // act/assert
        nextMatchingKeyword(""f"", p);
        EuclideanTestUtils.assertCoordinatesEqual(Vector3D.Unit.PLUS_Z,
                p.readFace().computeNormalFromVertices(vertexFn), EPS);

        nextMatchingKeyword(""f"", p);
        Assertions.assertNull(p.readFace().computeNormalFromVertices(vertexFn));
    }",PolygonObjParserTest::testFace_computeNormalFromVertices_oe
commons-geometry_169,"@Test
    void testFace_getVertexAttributesCounterClockwise_oe() {
        // arrange
        final PolygonObjParser p = parser(lines(
                ""v 0 0 0"",
                ""v 1 0 0"",
                ""v 0 1 0"",
                ""f 1 2 3""
        ));

        final List<Vector3D> vertices = Arrays.asList(
                Vector3D.ZERO,
                Vector3D.Unit.PLUS_X,
                Vector3D.Unit.PLUS_Y,
                Vector3D.of(2, 0, 0));
        final IntFunction<Vector3D> vertexFn = vertices::get;

        nextMatchingKeyword(""f"", p);
        final PolygonObjParser.Face f = p.readFace();

        final List<PolygonObjParser.VertexAttributes> attrs = f.getVertexAttributes();

        final List<PolygonObjParser.VertexAttributes> reverseAttrs = new ArrayList<>(attrs);
        Collections.reverse(reverseAttrs);

        // act/assert
        Assertions.assertEquals(attrs, f.getVertexAttributesCounterClockwise(null, vertexFn));

        Assertions.assertEquals(attrs, f.getVertexAttributesCounterClockwise(Vector3D.Unit.PLUS_Z, vertexFn));
        Assertions.assertEquals(attrs, f.getVertexAttributesCounterClockwise(Vector3D.of(1, 0, 0.1), vertexFn));
        Assertions.assertEquals(attrs, f.getVertexAttributesCounterClockwise(Vector3D.Unit.PLUS_X, vertexFn));

        Assertions.assertEquals(reverseAttrs, f.getVertexAttributesCounterClockwise(Vector3D.Unit.MINUS_Z, vertexFn));
        Assertions.assertEquals(reverseAttrs, f.getVertexAttributesCounterClockwise(Vector3D.of(1, 0, -0.1), vertexFn));
    }",PolygonObjParserTest::testFace_getVertexAttributesCounterClockwise_oe
commons-geometry_170,"@Test
    void testFace_getVertices_oe() {
        // arrange
        final PolygonObjParser p = parser(lines(
                ""v 0 0 0"",
                ""v 1 0 0"",
                ""v 1 1 0"",
                ""v 0 1 0"",
                ""v 0 0 1"",
                ""v 0 0 -1"",
                """",
                ""f 2 3 4""
        ));

        final List<Vector3D> vertices = Arrays.asList(
                Vector3D.ZERO,
                Vector3D.Unit.PLUS_X,
                Vector3D.of(1, 1, 0),
                Vector3D.Unit.PLUS_Y,
                Vector3D.of(0, 0, 1),
                Vector3D.of(0, 0, -1));
        final IntFunction<Vector3D> vertexFn = vertices::get;

        // act/assert
        nextMatchingKeyword(""f"", p);
        Assertions.assertEquals(vertices.subList(1, 4), p.readFace().getVertices(vertexFn));
    }",PolygonObjParserTest::testFace_getVertices_oe
commons-geometry_171,"@Test
    void testFace_getVerticesCounterClockwise_oe() {
        // arrange
        final PolygonObjParser p = parser(lines(
                ""v 0 0 0"",
                ""v 1 0 0"",
                ""v 0 1 0"",
                ""v 0 0 -1"",
                ""f 1 2 3""
        ));

        final List<Vector3D> vertices = Arrays.asList(
                Vector3D.ZERO,
                Vector3D.Unit.PLUS_X,
                Vector3D.Unit.PLUS_Y,
                Vector3D.of(0, 0, -1));
        final IntFunction<Vector3D> vertexFn = vertices::get;

        final List<Vector3D> faceVertices = vertices.subList(0, 3);
        final List<Vector3D> reverseFaceVertices = new ArrayList<>(faceVertices);
        Collections.reverse(reverseFaceVertices);

        nextMatchingKeyword(""f"", p);
        final PolygonObjParser.Face f = p.readFace();

        // act/assert
        Assertions.assertEquals(faceVertices, f.getVerticesCounterClockwise(null, vertexFn));

        Assertions.assertEquals(faceVertices, f.getVerticesCounterClockwise(Vector3D.Unit.PLUS_Z, vertexFn));
        Assertions.assertEquals(faceVertices, f.getVerticesCounterClockwise(Vector3D.of(1, 0, 0.1), vertexFn));
        Assertions.assertEquals(faceVertices, f.getVerticesCounterClockwise(Vector3D.Unit.PLUS_X, vertexFn));

        Assertions.assertEquals(reverseFaceVertices, f.getVerticesCounterClockwise(Vector3D.Unit.MINUS_Z, vertexFn));
        Assertions.assertEquals(reverseFaceVertices, f.getVerticesCounterClockwise(Vector3D.of(1, 0, -0.1), vertexFn));
    }",PolygonObjParserTest::testFace_getVerticesCounterClockwise_oe
commons-geometry_172,"@Test
    void testProperties_oe() {
        // act/assert
        Assertions.assertEquals(GeometryFormat3D.OBJ, handler.getFormat());
        Assertions.assertEquals(StandardCharsets.UTF_8, handler.getDefaultCharset());
    }",ObjBoundaryReadHandler3DTest::testProperties_oe
commons-geometry_173,"@Test
    void testFacetDefinitionReader_oe() {
        // arrange
        final InputStream in = input(
                ""v 0 0 0\n"" +
                ""v 1 1 0\n"" +
                ""v 0 1 0\n"" +
                ""f 1 2 3\n"", StandardCharsets.UTF_8);

        // act
        final FacetDefinitionReader reader = handler.facetDefinitionReader(new StreamGeometryInput(in));

        // assert
        final List<FacetDefinition> facets = EuclideanIOTestUtils.readAll(reader);

        Assertions.assertEquals(1, facets.size());
        EuclideanIOTestUtils.assertFacetVertices(facets.get(0),
                Arrays.asList(Vector3D.ZERO, Vector3D.of(1, 1, 0), Vector3D.of(0, 1, 0)), TEST_EPS);
    }",ObjBoundaryReadHandler3DTest::testFacetDefinitionReader_oe
commons-geometry_174,"@Test
    void testFacetDefinitionReader_usesInputCharset_oe() {
        // arrange
        final InputStream in = input(
                ""v 0 0 0\n"" +
                ""v 1 1 0\n"" +
                ""v 0 1 0\n"" +
                ""f 1 2 3\n"", StandardCharsets.UTF_16);

        // act
        final FacetDefinitionReader reader =
                handler.facetDefinitionReader(new StreamGeometryInput(in, null, StandardCharsets.UTF_16));

        // assert
        final List<FacetDefinition> facets = EuclideanIOTestUtils.readAll(reader);

        Assertions.assertEquals(1, facets.size());
        EuclideanIOTestUtils.assertFacetVertices(facets.get(0),
                Arrays.asList(Vector3D.ZERO, Vector3D.of(1, 1, 0), Vector3D.of(0, 1, 0)), TEST_EPS);
    }",ObjBoundaryReadHandler3DTest::testFacetDefinitionReader_usesInputCharset_oe
commons-geometry_175,"@Test
    void testFacetDefinitionReader_setDefaultCharset_oe() {
        // arrange
        handler.setDefaultCharset(StandardCharsets.UTF_16);
        final InputStream in = input(
                ""v 0 0 0\n"" +
                ""v 1 1 0\n"" +
                ""v 0 1 0\n"" +
                ""f 1 2 3\n"", StandardCharsets.UTF_16);

        // act
        final FacetDefinitionReader reader = handler.facetDefinitionReader(new StreamGeometryInput(in));

        // assert
        final List<FacetDefinition> facets = EuclideanIOTestUtils.readAll(reader);

        Assertions.assertEquals(1, facets.size());
        EuclideanIOTestUtils.assertFacetVertices(facets.get(0),
                Arrays.asList(Vector3D.ZERO, Vector3D.of(1, 1, 0), Vector3D.of(0, 1, 0)), TEST_EPS);
    }",ObjBoundaryReadHandler3DTest::testFacetDefinitionReader_setDefaultCharset_oe
commons-geometry_176,"@Test
    void testFacetDefinitionReader_close_oe() {
        // arrange
        final CloseCountInputStream in = input("""", StandardCharsets.UTF_8);

        // act/assert
        try (FacetDefinitionReader reader = handler.facetDefinitionReader(new StreamGeometryInput(in))) {
            Assertions.assertEquals(0, in.getCloseCount());
        }

        Assertions.assertEquals(1, in.getCloseCount());
    }",ObjBoundaryReadHandler3DTest::testFacetDefinitionReader_close_oe
commons-geometry_177,"@Test
    void testReadTriangleMesh_oe() {
        // arrange
        final CloseCountInputStream in = input(
                ""v 0 0 0\n"" +
                ""v 1 1 0\n"" +
                ""v 0 1 0\n"" +
                ""f 1 2 3\n"", StandardCharsets.UTF_8);

        // act
        final TriangleMesh mesh = handler.readTriangleMesh(new StreamGeometryInput(in), TEST_PRECISION);

        // assert
        Assertions.assertEquals(1, in.getCloseCount());

        Assertions.assertEquals(3, mesh.getVertexCount());
        Assertions.assertEquals(1, mesh.getFaceCount());

        EuclideanTestUtils.assertVertexLoopSequence(
                Arrays.asList(Vector3D.ZERO, Vector3D.of(1, 1, 0), Vector3D.of(0, 1, 0)),
                mesh.getFace(0).getVertices(), TEST_PRECISION);
    }",ObjBoundaryReadHandler3DTest::testReadTriangleMesh_oe
commons-geometry_178,"@Test
    void testReadTriangleMesh_nonDefaultCharset_oe() {
        // arrange
        handler.setDefaultCharset(StandardCharsets.UTF_16);
        final CloseCountInputStream in = input(
                ""v 0 0 0\n"" +
                ""v 1 1 0\n"" +
                ""v 0 1 0\n"" +
                ""f 1 2 3\n"", StandardCharsets.UTF_16);

        // act
        final TriangleMesh mesh = handler.readTriangleMesh(new StreamGeometryInput(in), TEST_PRECISION);

        // assert
        Assertions.assertEquals(1, in.getCloseCount());

        Assertions.assertEquals(3, mesh.getVertexCount());
        Assertions.assertEquals(1, mesh.getFaceCount());

        EuclideanTestUtils.assertVertexLoopSequence(
                Arrays.asList(Vector3D.ZERO, Vector3D.of(1, 1, 0), Vector3D.of(0, 1, 0)),
                mesh.getFace(0).getVertices(), TEST_PRECISION);
    }",ObjBoundaryReadHandler3DTest::testReadTriangleMesh_nonDefaultCharset_oe
commons-geometry_179,"@Test
    void testProperties_oe() {
        // arrange
        final TextBoundaryWriteHandler3D handler = new TextBoundaryWriteHandler3D();

        // act/assert
        Assertions.assertEquals(GeometryFormat3D.TXT, handler.getFormat());
        Assertions.assertEquals(StandardCharsets.UTF_8, handler.getDefaultCharset());
        Assertions.assertEquals(""\n"", handler.getLineSeparator());
        Assertions.assertEquals("" "", handler.getVertexComponentSeparator());
        Assertions.assertEquals(""; "", handler.getVertexSeparator());
        Assertions.assertNotNull(handler.getDoubleFormat());
        Assertions.assertEquals(-1, handler.getFacetVertexCount());
    }",TextBoundaryWriteHandler3DTest::testProperties_oe
commons-geometry_182,"@Test
    void testWriteFacets_customConfiguration_oe() {
        // arrange
        final DecimalFormat fmt =
                new DecimalFormat(""0.0"", DecimalFormatSymbols.getInstance(Locale.ENGLISH));

        final TextBoundaryWriteHandler3D handler = new TextBoundaryWriteHandler3D();
        handler.setDefaultCharset(StandardCharsets.UTF_16);
        handler.setLineSeparator(""\r\n"");
        handler.setDoubleFormat(fmt::format);
        handler.setVertexComponentSeparator(""|"");
        handler.setVertexSeparator("" | "");
        handler.setFacetVertexCount(4);

        final CloseCountOutputStream closeOut = new CloseCountOutputStream(out);

        // act
        handler.writeFacets(QUAD_FACETS, new StreamGeometryOutput(closeOut));

        // assert
        Assertions.assertEquals(1, closeOut.getCloseCount());
        Assertions.assertEquals(""0.0|0.0|0.0 | 0.3|0.0|0.0 | 1.0|1.0|0.0 | 0.0|1.0|0.0\r\n"",new String(out.toByteArray(),StandardCharsets.UTF_16));
    }",TextBoundaryWriteHandler3DTest::testWriteFacets_customConfiguration_oe
commons-geometry_184,"@Test
    void testWriteBoundarySource_customConfiguration_oe() {
        // arrange
        // arrange
        final DecimalFormat fmt =
                new DecimalFormat(""0.0"", DecimalFormatSymbols.getInstance(Locale.ENGLISH));

        final TextBoundaryWriteHandler3D handler = new TextBoundaryWriteHandler3D();
        handler.setDefaultCharset(StandardCharsets.UTF_16);
        handler.setLineSeparator(""\r\n"");
        handler.setDoubleFormat(fmt::format);
        handler.setVertexComponentSeparator(""|"");
        handler.setVertexSeparator("" | "");
        handler.setFacetVertexCount(4);

        final CloseCountOutputStream closeOut = new CloseCountOutputStream(out);

        // act
        handler.write(QUAD_SRC, new StreamGeometryOutput(closeOut));

        // assert
        Assertions.assertEquals(1, closeOut.getCloseCount());
        Assertions.assertEquals(""0.0|0.0|0.0 | 0.3|0.0|0.0 | 1.0|1.0|0.0 | 0.0|1.0|0.0\r\n"",new String(out.toByteArray(),StandardCharsets.UTF_16));
    }",TextBoundaryWriteHandler3DTest::testWriteBoundarySource_customConfiguration_oe
commons-geometry_185,"@Test
    void testPropertyDefaults_oe() {
        // arrange
        TextFacetDefinitionReader reader = facetReader("""");

        // act/assert
        Assertions.assertEquals(""#"", reader.getCommentToken());
    }",TextFacetDefinitionReaderTest::testPropertyDefaults_oe
commons-geometry_186,"@Test
    void testSetCommentToken_invalidArgs_oe() {
        // arrange
        TextFacetDefinitionReader reader = facetReader("""");
        String baseMsg = ""Comment token cannot contain whitespace; was ["";

        // act/assert
        GeometryTestUtils.assertThrowsWithMessage(() -> {
            reader.setCommentToken("" "");
        }, IllegalArgumentException.class, baseMsg + "" ]"");

        GeometryTestUtils.assertThrowsWithMessage(() -> {
            reader.setCommentToken(""a\tb"");
        }, IllegalArgumentException.class, baseMsg + ""a\tb]"");
    }",TextFacetDefinitionReaderTest::testSetCommentToken_invalidArgs_oe
commons-geometry_187,"@Test
    void testReadFacet_empty_oe() {
        // arrange
        TextFacetDefinitionReader reader = facetReader("""");

        // act
        List<FacetDefinition> facets = EuclideanIOTestUtils.readAll(reader);

        // assert
        Assertions.assertEquals(0, facets.size());
    }",TextFacetDefinitionReaderTest::testReadFacet_empty_oe
commons-geometry_188,"@Test
    void testReadFacet_singleFacet_oe() {
        // arrange
        TextFacetDefinitionReader reader = facetReader(
                ""1.0 2.0 3.0 40 50 60 7.0e-2 8e-2 9E-02 1.01e+1 -11.02 +12"");

        // act
        List<FacetDefinition> facets = EuclideanIOTestUtils.readAll(reader);

        // assert
        Assertions.assertEquals(1, facets.size());

        EuclideanIOTestUtils.assertFacetVertices(facets.get(0), Arrays.asList(
                Vector3D.of(1, 2, 3),
                Vector3D.of(40, 50, 60),
                Vector3D.of(0.07, 0.08, 0.09),
                Vector3D.of(10.1, -11.02, 12)), TEST_EPS);
    }",TextFacetDefinitionReaderTest::testReadFacet_singleFacet_oe
commons-geometry_189,"@Test
    void testReadFacet_multipleFacets_oe() {
        // arrange
        TextFacetDefinitionReader reader = facetReader(
                ""1,2,3    4,5,6 7,8,9    10,11,12\r"" +
                ""1 1 1;2 2 2;3 3 3;4 4 4;5 5 5\r\n"" +
                ""6 6 6 6 6 6 6 6 6"");

        // act
        List<FacetDefinition> facets = EuclideanIOTestUtils.readAll(reader);

        // assert
        Assertions.assertEquals(3, facets.size());

        EuclideanIOTestUtils.assertFacetVertices(facets.get(0), Arrays.asList(
                Vector3D.of(1, 2, 3),
                Vector3D.of(4, 5, 6),
                Vector3D.of(7, 8, 9),
                Vector3D.of(10, 11, 12)), TEST_EPS);

        EuclideanIOTestUtils.assertFacetVertices(facets.get(1), Arrays.asList(
                Vector3D.of(1, 1, 1),
                Vector3D.of(2, 2, 2),
                Vector3D.of(3, 3, 3),
                Vector3D.of(4, 4, 4),
                Vector3D.of(5, 5, 5)), TEST_EPS);

        EuclideanIOTestUtils.assertFacetVertices(facets.get(2), Arrays.asList(
                Vector3D.of(6, 6, 6),
                Vector3D.of(6, 6, 6),
                Vector3D.of(6, 6, 6)), TEST_EPS);
    }",TextFacetDefinitionReaderTest::testReadFacet_multipleFacets_oe
commons-geometry_190,"@Test
    void testReadFacet_blankLinesAndComments_oe() {
        // arrange
        TextFacetDefinitionReader reader = facetReader(
                ""# some ignored numbers: 1 2 3 4 5 6\n"" +
                ""\n"" +
                "" \n"" +
                ""1 2 3 4 5 6 7 8 9 # end of line comment\n"" +
                ""1 1 1 2 2 2 3 3 3\n"" +
                ""\t\n"" +
                ""#line comment\n"" +
                ""5 5 5 5 5 5 5 5 5\n\n  \n"");

        // act
        List<FacetDefinition> facets = EuclideanIOTestUtils.readAll(reader);

        // assert
        Assertions.assertEquals(3, facets.size());

        EuclideanIOTestUtils.assertFacetVertices(facets.get(0), Arrays.asList(
                Vector3D.of(1, 2, 3),
                Vector3D.of(4, 5, 6),
                Vector3D.of(7, 8, 9)), TEST_EPS);

        EuclideanIOTestUtils.assertFacetVertices(facets.get(1), Arrays.asList(
                Vector3D.of(1, 1, 1),
                Vector3D.of(2, 2, 2),
                Vector3D.of(3, 3, 3)), TEST_EPS);

        EuclideanIOTestUtils.assertFacetVertices(facets.get(2), Arrays.asList(
                Vector3D.of(5, 5, 5),
                Vector3D.of(5, 5, 5),
                Vector3D.of(5, 5, 5)), TEST_EPS);
    }",TextFacetDefinitionReaderTest::testReadFacet_blankLinesAndComments_oe
commons-geometry_191,"@Test
    void testReadFacet_nonDefaultCommentToken_oe() {
        // arrange
        TextFacetDefinitionReader reader = facetReader(
                ""5$ some ignored numbers: 1 2 3 4 5 6\n"" +
                ""\n"" +
                "" \n"" +
                ""1 2 3 4 5 6 7 8 9 5$ end of line comment\n"" +
                ""1 1 1 2 2 2 3 3 3\n"" +
                ""\t\n"" +
                ""5$line comment\n"" +
                ""5 5 5 5 5 5 5 5 5\n"");

        reader.setCommentToken(""5$"");

        // act
        List<FacetDefinition> facets = EuclideanIOTestUtils.readAll(reader);

        // assert
        Assertions.assertEquals(3, facets.size());

        EuclideanIOTestUtils.assertFacetVertices(facets.get(0), Arrays.asList(
                Vector3D.of(1, 2, 3),
                Vector3D.of(4, 5, 6),
                Vector3D.of(7, 8, 9)), TEST_EPS);

        EuclideanIOTestUtils.assertFacetVertices(facets.get(1), Arrays.asList(
                Vector3D.of(1, 1, 1),
                Vector3D.of(2, 2, 2),
                Vector3D.of(3, 3, 3)), TEST_EPS);

        EuclideanIOTestUtils.assertFacetVertices(facets.get(2), Arrays.asList(
                Vector3D.of(5, 5, 5),
                Vector3D.of(5, 5, 5),
                Vector3D.of(5, 5, 5)), TEST_EPS);
    }",TextFacetDefinitionReaderTest::testReadFacet_nonDefaultCommentToken_oe
commons-geometry_192,"@Test
    void testReadFacet_longCommentToken_oe() {
        // arrange
        TextFacetDefinitionReader reader = facetReader(
                ""this_is-a-comment some ignored numbers: 1 2 3 4 5 6\n"" +
                ""\n"" +
                "" \n"" +
                ""1 2 3 4 5 6 7 8 9 this_is-a-comment end of line comment\n"" +
                ""1 1 1 2 2 2 3 3 3\n"" +
                ""\t\n"" +
                ""this_is-a-commentline comment\n"" +
                ""5 5 5 5 5 5 5 5 5\n"");

        reader.setCommentToken(""this_is-a-comment"");

        // act
        List<FacetDefinition> facets = EuclideanIOTestUtils.readAll(reader);

        // assert
        Assertions.assertEquals(3, facets.size());

        EuclideanIOTestUtils.assertFacetVertices(facets.get(0), Arrays.asList(
                Vector3D.of(1, 2, 3),
                Vector3D.of(4, 5, 6),
                Vector3D.of(7, 8, 9)), TEST_EPS);

        EuclideanIOTestUtils.assertFacetVertices(facets.get(1), Arrays.asList(
                Vector3D.of(1, 1, 1),
                Vector3D.of(2, 2, 2),
                Vector3D.of(3, 3, 3)), TEST_EPS);

        EuclideanIOTestUtils.assertFacetVertices(facets.get(2), Arrays.asList(
                Vector3D.of(5, 5, 5),
                Vector3D.of(5, 5, 5),
                Vector3D.of(5, 5, 5)), TEST_EPS);
    }",TextFacetDefinitionReaderTest::testReadFacet_longCommentToken_oe
commons-geometry_193,"@Test
    void testReadFacet_emptyCommentToken_oe() {
        // arrange
        TextFacetDefinitionReader reader = facetReader(""# line comment\n"");
        reader.setCommentToken("""");

        // act
        GeometryTestUtils.assertThrowsWithMessage(() -> {
            reader.readFacet();
        }, IllegalStateException.class,
                ""Parsing failed at line 1, column 1: expected double but found empty token followed by [#]"");
    }",TextFacetDefinitionReaderTest::testReadFacet_emptyCommentToken_oe
commons-geometry_194,"@Test
    void testReadFacet_nullCommentToken_oe() {
        // arrange
        TextFacetDefinitionReader reader = facetReader(""# line comment\n"");
        reader.setCommentToken(null);

        // act/assert
        GeometryTestUtils.assertThrowsWithMessage(() -> {
            reader.readFacet();
        }, IllegalStateException.class,
                ""Parsing failed at line 1, column 1: expected double but found empty token followed by [#]"");
    }",TextFacetDefinitionReaderTest::testReadFacet_nullCommentToken_oe
commons-geometry_195,"@Test
    void testReadFacet_invalidTokens_oe() {
        // arrange
        TextFacetDefinitionReader reader = facetReader(""1 abc 3 ; 4 5 6 ; 7 8 9"");

        // act/assert
        GeometryTestUtils.assertThrowsWithMessage(() -> {
            reader.readFacet();
        }, IllegalStateException.class,
                ""Parsing failed at line 1, column 3: expected double but found [abc]"");
    }",TextFacetDefinitionReaderTest::testReadFacet_invalidTokens_oe
commons-geometry_196,"@Test
    void testReadFacet_notEnoughVectors_oe() {
        // arrange
        TextFacetDefinitionReader reader = facetReader(
                ""1\n"" +
                ""1 2\n"" +
                ""1 2 3\n"" +
                ""1 2 3 ; 4 5 6;\n"");

        // act/assert
        GeometryTestUtils.assertThrowsWithMessage(() -> {
            reader.readFacet();
        }, IllegalStateException.class,
                ""Parsing failed at line 1, column 2: expected double but found end of line"");

        GeometryTestUtils.assertThrowsWithMessage(() -> {
            reader.readFacet();
        }, IllegalStateException.class,
                ""Parsing failed at line 2, column 4: expected double but found end of line"");

        GeometryTestUtils.assertThrowsWithMessage(() -> {
            reader.readFacet();
        }, IllegalStateException.class,
                ""Parsing failed at line 3, column 6: expected double but found end of line"");

        GeometryTestUtils.assertThrowsWithMessage(() -> {
            reader.readFacet();
        }, IllegalStateException.class,
                ""Parsing failed at line 4, column 15: expected double but found end of line"");
    }",TextFacetDefinitionReaderTest::testReadFacet_notEnoughVectors_oe
commons-geometry_197,"@Test
    void testClose_oe() {
        // arrange
        final CloseCountReader countReader = new CloseCountReader(new StringReader(""""));
        final TextFacetDefinitionReader reader = new TextFacetDefinitionReader(countReader);

        // act
        reader.close();

        // assert
        Assertions.assertEquals(1, countReader.getCloseCount());
    }",TextFacetDefinitionReaderTest::testClose_oe
commons-geometry_198,"@Test
    void testPropertyDefaults_oe() {
        // act/assert
        Assertions.assertEquals(""\n"", fdWriter.getLineSeparator());
        Assertions.assertNotNull(fdWriter.getDoubleFormat());
        Assertions.assertEquals("" "", fdWriter.getVertexComponentSeparator());
        Assertions.assertEquals(""; "", fdWriter.getVertexSeparator());
        Assertions.assertEquals(-1, fdWriter.getFacetVertexCount());
        Assertions.assertEquals(""# "", fdWriter.getCommentToken());
    }",TextFacetDefinitionWriterTest::testPropertyDefaults_oe
commons-geometry_199,"@Test
    void testSetFacetVertexCount_normalizesToMinusOne_oe() {
        // act
        fdWriter.setFacetVertexCount(-10);

        // assert
        Assertions.assertEquals(-1, fdWriter.getFacetVertexCount());
    }",TextFacetDefinitionWriterTest::testSetFacetVertexCount_normalizesToMinusOne_oe
commons-geometry_200,"@Test
    void testSetFacetVertexCount_invalidArgs_oe() {
        // arrange
        final String baseMsg = ""Facet vertex count must be less than 0 or greater than 2; was "";

        // act
        GeometryTestUtils.assertThrowsWithMessage(() -> {
            fdWriter.setFacetVertexCount(0);
        }, IllegalArgumentException.class, baseMsg + ""0"");

        GeometryTestUtils.assertThrowsWithMessage(() -> {
            fdWriter.setFacetVertexCount(1);
        }, IllegalArgumentException.class, baseMsg + ""1"");

        GeometryTestUtils.assertThrowsWithMessage(() -> {
            fdWriter.setFacetVertexCount(2);
        }, IllegalArgumentException.class, baseMsg + ""2"");
    }",TextFacetDefinitionWriterTest::testSetFacetVertexCount_invalidArgs_oe
commons-geometry_201,"@Test
    void testSetCommentToken_invalidArgs_oe() {
        // act/assert
        GeometryTestUtils.assertThrowsWithMessage(() -> {
            fdWriter.setCommentToken("""");
        }, IllegalArgumentException.class, ""Comment token cannot be empty"");

        GeometryTestUtils.assertThrowsWithMessage(() -> {
            fdWriter.setCommentToken("" "");
        }, IllegalArgumentException.class, ""Comment token cannot begin with whitespace"");

        GeometryTestUtils.assertThrowsWithMessage(() -> {
            fdWriter.setCommentToken(""\n \t"");
        }, IllegalArgumentException.class, ""Comment token cannot begin with whitespace"");
    }",TextFacetDefinitionWriterTest::testSetCommentToken_invalidArgs_oe
commons-geometry_203,"@Test
    void testWriteComment_noCommentToken_oe() {
        // arrange
        fdWriter.setCommentToken(null);

        // act/assert
        GeometryTestUtils.assertThrowsWithMessage(() -> {
            fdWriter.writeComment(""comment"");
        }, IllegalStateException.class, ""Cannot write comment: no comment token configured"");
    }",TextFacetDefinitionWriterTest::testWriteComment_noCommentToken_oe
commons-geometry_204,"@Test
    void testWriteBlankLine_oe() {
        // act
        fdWriter.writeBlankLine();
        fdWriter.setLineSeparator(""\r"");
        fdWriter.writeBlankLine();

        // assert
        Assertions.assertEquals(""\n\r"", writer.toString());
    }",TextFacetDefinitionWriterTest::testWriteBlankLine_oe
commons-geometry_206,"@Test
    void testWriteVertices_invalidCount_oe() {
        // arrange
        fdWriter.setFacetVertexCount(4);
        final List<Vector3D> notEnough = Arrays.asList(Vector3D.ZERO, Vector3D.Unit.PLUS_X);
        final List<Vector3D> tooMany = Arrays.asList(
                Vector3D.ZERO, Vector3D.Unit.PLUS_X, Vector3D.Unit.PLUS_Y,
                Vector3D.Unit.MINUS_X, Vector3D.Unit.MINUS_Y);

        // act/assert
        GeometryTestUtils.assertThrowsWithMessage(() -> {
            fdWriter.write(notEnough);
        }, IllegalArgumentException.class, ""At least 3 vertices are required per facet; found 2"");

        GeometryTestUtils.assertThrowsWithMessage(() -> {
            fdWriter.write(tooMany);
        }, IllegalArgumentException.class, ""Writer requires 4 vertices per facet; found 5"");
    }",TextFacetDefinitionWriterTest::testWriteVertices_invalidCount_oe
commons-geometry_208,"@Test
    void testWriteFacetDefinition_invalidCount_oe() {
        // arrange
        fdWriter.setFacetVertexCount(4);
        final SimpleFacetDefinition tooMany = new SimpleFacetDefinition(Arrays.asList(
                Vector3D.ZERO, Vector3D.Unit.PLUS_X, Vector3D.Unit.PLUS_Y,
                Vector3D.Unit.MINUS_X, Vector3D.Unit.MINUS_Y));

        // act/assert
        GeometryTestUtils.assertThrowsWithMessage(() -> {
            fdWriter.write(tooMany);
        }, IllegalArgumentException.class, ""Writer requires 4 vertices per facet; found 5"");
    }",TextFacetDefinitionWriterTest::testWriteFacetDefinition_invalidCount_oe
commons-geometry_211,"@Test
    void testWritePlaneConvexSubset_infinite_oe() {
        // arrange
        final PlaneConvexSubset inf = Planes.fromNormal(Vector3D.Unit.PLUS_X, TEST_PRECISION).span();

        // act/assert
        GeometryTestUtils.assertThrowsWithMessage(() -> {
            fdWriter.write(inf);
        }, IllegalArgumentException.class, ""Cannot write infinite convex subset"");
    }",TextFacetDefinitionWriterTest::testWritePlaneConvexSubset_infinite_oe
commons-geometry_213,"@Test
    void testWriteBoundarySource_empty_oe() {
        // act
        fdWriter.write(BoundarySource3D.of(Collections.emptyList()));

        // assert
        Assertions.assertEquals("""", writer.toString());
    }",TextFacetDefinitionWriterTest::testWriteBoundarySource_empty_oe
commons-geometry_214,"@Test
    void testWriteBoundarySource_alternativeFormatting_oe() {
        // arrange
        final DecimalFormat fmt =
                new DecimalFormat(""0.0"", DecimalFormatSymbols.getInstance(Locale.ENGLISH));
        final ConvexPolygon3D poly1 = Planes.convexPolygonFromVertices(Arrays.asList(
                Vector3D.ZERO, Vector3D.of(0, 0, -0.5901), Vector3D.of(0, -0.501, 0)
            ), TEST_PRECISION);
        final ConvexPolygon3D poly2 = Planes.convexPolygonFromVertices(Arrays.asList(
                Vector3D.ZERO, Vector3D.of(1, 0, 0), Vector3D.of(1, 1, 0), Vector3D.of(0, 1, 0)
            ), TEST_PRECISION);

        fdWriter.setDoubleFormat(fmt::format);

        fdWriter.setFacetVertexCount(3);
        fdWriter.setLineSeparator(""\r\n"");
        fdWriter.setVertexComponentSeparator("","");
        fdWriter.setVertexSeparator("" | "");

        // act
        fdWriter.writeComment(""Test boundary source"");
        fdWriter.writeBlankLine();
        fdWriter.write(BoundarySource3D.of(poly1, poly2));

        // assert
        Assertions.assertEquals(""# Test boundary source\r\n"" + ""\r\n"" + ""0.0,0.0,0.0 | 0.0,0.0,-0.6 | 0.0,-0.5,0.0\r\n"" + ""0.0,0.0,0.0 | 1.0,0.0,0.0 | 1.0,1.0,0.0\r\n"" + ""0.0,0.0,0.0 | 1.0,1.0,0.0 | 0.0,1.0,0.0\r\n"",writer.toString());
    }",TextFacetDefinitionWriterTest::testWriteBoundarySource_alternativeFormatting_oe
commons-geometry_215,"@Test
    void testCsvFormat_oe() {
        // arrange
        final ConvexPolygon3D poly1 = Planes.convexPolygonFromVertices(Arrays.asList(
                Vector3D.ZERO, Vector3D.of(0, 0, -0.5901), Vector3D.of(0, -0.501, 0)
            ), TEST_PRECISION);
        final ConvexPolygon3D poly2 = Planes.convexPolygonFromVertices(Arrays.asList(
                Vector3D.ZERO, Vector3D.of(1, 0, 0), Vector3D.of(1, 1, 0), Vector3D.of(0, 1, 0)
            ), TEST_PRECISION);

        final TextFacetDefinitionWriter csvWriter = TextFacetDefinitionWriter.csvFormat(writer);

        // act
        csvWriter.write(BoundarySource3D.of(poly1, poly2));

        // assert
        Assertions.assertEquals(""0.0,0.0,0.0,0.0,0.0,-0.5901,0.0,-0.501,0.0\n"" + ""0.0,0.0,0.0,1.0,0.0,0.0,1.0,1.0,0.0\n"" + ""0.0,0.0,0.0,1.0,1.0,0.0,0.0,1.0,0.0\n"",writer.toString());
    }",TextFacetDefinitionWriterTest::testCsvFormat_oe
commons-geometry_216,"@Test
    void testCsvFormat_properties_oe() {
        // act
        final TextFacetDefinitionWriter csvWriter = TextFacetDefinitionWriter.csvFormat(writer);

        // act/assert
        Assertions.assertEquals("","", csvWriter.getVertexComponentSeparator());
        Assertions.assertEquals("","", csvWriter.getVertexSeparator());
        Assertions.assertNull(csvWriter.getCommentToken());
    }",TextFacetDefinitionWriterTest::testCsvFormat_properties_oe
commons-geometry_217,"@Test
    void testProperties_oe() {
        // act/assert
        Assertions.assertEquals(GeometryFormat3D.TXT, handler.getFormat());
        Assertions.assertEquals(StandardCharsets.UTF_8, handler.getDefaultCharset());
    }",TextBoundaryReadHandler3DTest::testProperties_oe
commons-geometry_218,"@Test
    void testFacetDefinitionReader_oe() {
        // arrange
        final InputStream in = input(""0 0 0; 1 1 0; 0 1 0"", StandardCharsets.UTF_8);

        // act
        final FacetDefinitionReader reader = handler.facetDefinitionReader(new StreamGeometryInput(in));

        // assert
        final List<FacetDefinition> facets = EuclideanIOTestUtils.readAll(reader);

        Assertions.assertEquals(1, facets.size());
        EuclideanIOTestUtils.assertFacetVertices(facets.get(0),
                Arrays.asList(Vector3D.ZERO, Vector3D.of(1, 1, 0), Vector3D.of(0, 1, 0)), TEST_EPS);
    }",TextBoundaryReadHandler3DTest::testFacetDefinitionReader_oe
commons-geometry_219,"@Test
    void testFacetDefinitionReader_usesInputCharset_oe() {
        // arrange
        final InputStream in = input(""0 0 0; 1 1 0; 0 1 0"", StandardCharsets.UTF_16);

        // act
        final FacetDefinitionReader reader = handler.facetDefinitionReader(new StreamGeometryInput(in, null, StandardCharsets.UTF_16));

        // assert
        final List<FacetDefinition> facets = EuclideanIOTestUtils.readAll(reader);

        Assertions.assertEquals(1, facets.size());
        EuclideanIOTestUtils.assertFacetVertices(facets.get(0),
                Arrays.asList(Vector3D.ZERO, Vector3D.of(1, 1, 0), Vector3D.of(0, 1, 0)), TEST_EPS);
    }",TextBoundaryReadHandler3DTest::testFacetDefinitionReader_usesInputCharset_oe
commons-geometry_220,"@Test
    void testFacetDefinitionReader_setDefaultCharset_oe() {
        // arrange
        handler.setDefaultCharset(StandardCharsets.UTF_16);
        final InputStream in = input(""0 0 0; 1 1 0; 0 1 0"", StandardCharsets.UTF_16);

        // act
        final FacetDefinitionReader reader = handler.facetDefinitionReader(new StreamGeometryInput(in));

        // assert
        final List<FacetDefinition> facets = EuclideanIOTestUtils.readAll(reader);

        Assertions.assertEquals(1, facets.size());
        EuclideanIOTestUtils.assertFacetVertices(facets.get(0),
                Arrays.asList(Vector3D.ZERO, Vector3D.of(1, 1, 0), Vector3D.of(0, 1, 0)), TEST_EPS);
    }",TextBoundaryReadHandler3DTest::testFacetDefinitionReader_setDefaultCharset_oe
commons-geometry_221,"@Test
    void testFacetDefinitionReader_close_oe() {
        // arrange
        final CloseCountInputStream in = new CloseCountInputStream(input("""", StandardCharsets.UTF_8));

        // act/assert
        try (FacetDefinitionReader reader = handler.facetDefinitionReader(new StreamGeometryInput(in))) {
            Assertions.assertEquals(0, in.getCloseCount());
        }

        Assertions.assertEquals(1, in.getCloseCount());
    }",TextBoundaryReadHandler3DTest::testFacetDefinitionReader_close_oe
commons-geometry_222,"@Test
    void testRegisterReadHandler_oe() {
        // arrange
        final StubReadHandler r1 = new StubReadHandler(FMT_A);
        final StubReadHandler r2 = new StubReadHandler(FMT_B);
        final StubReadHandler r3 = new StubReadHandler(FMT_A_ALT);

        // act
        manager.registerReadHandler(r1); // will be replaced by r3
        manager.registerReadHandler(r2);
        manager.registerReadHandler(r2); // register 2x
        manager.registerReadHandler(r3);

        // assert
        Assertions.assertSame(r3, manager.getReadHandlerForFormat(FMT_A));
        Assertions.assertSame(r2, manager.getReadHandlerForFormat(FMT_B));

        Assertions.assertSame(r3, manager.getReadHandlerForFileExtension(""a""));
        Assertions.assertNull(manager.getReadHandlerForFileExtension(""aext""));
        Assertions.assertSame(r2, manager.getReadHandlerForFileExtension(""b""));

        Assertions.assertEquals(Arrays.asList(r2, r3), manager.getReadHandlers());
    }",BoundaryIOManagerTest::testRegisterReadHandler_oe
commons-geometry_223,"@Test
    void testRegisterReadHandler_multipleFileExtensions_oe() {
        // arrange
        final StubReadHandler r1 = new StubReadHandler(FMT_A);

        // act
        manager.registerReadHandler(r1);

        // assert
        Assertions.assertSame(r1, manager.getReadHandlerForFormat(FMT_A_ALT));

        Assertions.assertSame(r1, manager.getReadHandlerForFileExtension(""A""));
        Assertions.assertSame(r1, manager.getReadHandlerForFileExtension(""AEXT""));
    }",BoundaryIOManagerTest::testRegisterReadHandler_multipleFileExtensions_oe
commons-geometry_224,"@Test
    void testRegisterReadHandler_nullAndMissingFileExt_oe() {
        // arrange
        final StubGeometryFormat noExts = new StubGeometryFormat(""a"", null);
        final StubGeometryFormat nullExts = new StubGeometryFormat(""b"", Arrays.asList(""bext"", null, null));

        final StubReadHandler r1 = new StubReadHandler(noExts);
        final StubReadHandler r2 = new StubReadHandler(nullExts);

        // act
        manager.registerReadHandler(r1);
        manager.registerReadHandler(r2);

        // assert
        Assertions.assertSame(r1, manager.getReadHandlerForFormat(noExts));
        Assertions.assertNull(manager.getReadHandlerForFileExtension(""a""));

        Assertions.assertSame(r2, manager.getReadHandlerForFormat(nullExts));
        Assertions.assertSame(r2, manager.getReadHandlerForFileExtension(""bext""));
    }",BoundaryIOManagerTest::testRegisterReadHandler_nullAndMissingFileExt_oe
commons-geometry_225,"@Test
    void testRegisterReadHandler_illegalArgs_oe() {
        // arrange
        final StubReadHandler nullFmt = new StubReadHandler(null);
        final StubReadHandler nullFmtName = new StubReadHandler(new StubGeometryFormat(null));

        // act/assert
        GeometryTestUtils.assertThrowsWithMessage(
                () -> manager.registerReadHandler(null),
                NullPointerException.class, ""Handler cannot be null"");
        GeometryTestUtils.assertThrowsWithMessage(
                () -> manager.registerReadHandler(nullFmt),
                NullPointerException.class, ""Format cannot be null"");
        GeometryTestUtils.assertThrowsWithMessage(
                () -> manager.registerReadHandler(nullFmtName),
                NullPointerException.class, ""Format name cannot be null"");
    }",BoundaryIOManagerTest::testRegisterReadHandler_illegalArgs_oe
commons-geometry_226,"@Test
    void testUnregisterReadHandler_oe() {
        // arrange
        final StubReadHandler r1 = new StubReadHandler(FMT_A);
        final StubReadHandler r2 = new StubReadHandler(FMT_B);

        manager.registerReadHandler(r1);
        manager.registerReadHandler(r2);

        // act
        manager.unregisterReadHandler(r1);

        // assert
        Assertions.assertNull(manager.getReadHandlerForFormat(FMT_A));
        Assertions.assertSame(r2, manager.getReadHandlerForFormat(FMT_B));

        Assertions.assertEquals(Arrays.asList(r2), manager.getReadHandlers());
    }",BoundaryIOManagerTest::testUnregisterReadHandler_oe
commons-geometry_227,"@Test
    void testUnregisterReadHandler_argsNotRegistered_oe() {
        // arrange
        final StubReadHandler r1 = new StubReadHandler(FMT_A);
        final StubReadHandler r2 = new StubReadHandler(FMT_B);

        manager.registerReadHandler(r1);

        // act
        manager.unregisterReadHandler(null);
        manager.unregisterReadHandler(r2);

        // assert
        Assertions.assertEquals(Arrays.asList(r1), manager.getReadHandlers());
    }",BoundaryIOManagerTest::testUnregisterReadHandler_argsNotRegistered_oe
commons-geometry_228,"@Test
    void testGetReadHandlerForFormat_oe() {
        // arrange
        final StubReadHandler r1 = new StubReadHandler(FMT_A);
        final StubReadHandler r2 = new StubReadHandler(FMT_B);

        manager.registerReadHandler(r1);
        manager.registerReadHandler(r2);

        // act/assert
        Assertions.assertSame(r1, manager.getReadHandlerForFormat(FMT_A));
        Assertions.assertSame(r1, manager.getReadHandlerForFormat(FMT_A_ALT));
        Assertions.assertSame(r2, manager.getReadHandlerForFormat(FMT_B));
        Assertions.assertSame(r2, manager.getReadHandlerForFormat(FMT_B_ALT));

        Assertions.assertNull(manager.getReadHandlerForFormat(null));
        Assertions.assertNull(manager.getReadHandlerForFormat(FMT_C));
    }",BoundaryIOManagerTest::testGetReadHandlerForFormat_oe
commons-geometry_229,"@Test
    void testGetReadHandlerForFileExtension_oe() {
        // arrange
        final StubReadHandler r1 = new StubReadHandler(FMT_A);
        final StubReadHandler r2 = new StubReadHandler(FMT_B);

        manager.registerReadHandler(r1);
        manager.registerReadHandler(r2);

        // act/assert
        Assertions.assertSame(r1, manager.getReadHandlerForFileExtension(""a""));
        Assertions.assertSame(r1, manager.getReadHandlerForFileExtension(""A""));
        Assertions.assertSame(r1, manager.getReadHandlerForFileExtension(""aext""));
        Assertions.assertSame(r1, manager.getReadHandlerForFileExtension(""AeXt""));

        Assertions.assertSame(r2, manager.getReadHandlerForFileExtension(""b""));
        Assertions.assertSame(r2, manager.getReadHandlerForFileExtension(""B""));

        Assertions.assertNull(manager.getReadHandlerForFileExtension(null));
        Assertions.assertNull(manager.getReadHandlerForFileExtension(""""));
        Assertions.assertNull(manager.getReadHandlerForFileExtension(""c""));
    }",BoundaryIOManagerTest::testGetReadHandlerForFileExtension_oe
commons-geometry_230,"@Test
    void testRequireReadHandler_oe() {
        // arrange
        final StubReadHandler r1 = new StubReadHandler(FMT_A);
        final GeometryInput aInput = new StubGeometryInput(""/some/path/to/a/file.AEXT"");
        final GeometryInput bInput = new StubGeometryInput(""/some/path/to/a/file.b"");
        final GeometryInput noFileExt = new StubGeometryInput(""/some/path/to/a/file"");
        final GeometryInput nullFileName = new StubGeometryInput(null);

        manager.registerReadHandler(r1);

        // act/assert
        Assertions.assertSame(r1, manager.requireReadHandler(bInput, FMT_A));
        Assertions.assertSame(r1, manager.requireReadHandler(noFileExt, FMT_A));
        Assertions.assertSame(r1, manager.requireReadHandler(aInput, null));

        GeometryTestUtils.assertThrowsWithMessage(
                () -> manager.requireReadHandler(aInput, FMT_B),
                IllegalArgumentException.class, ""Failed to find handler for format \""testB\"""");

        GeometryTestUtils.assertThrowsWithMessage(
                () -> manager.requireReadHandler(bInput, null),
                IllegalArgumentException.class, ""Failed to find handler for file extension \""b\"""");

        GeometryTestUtils.assertThrowsWithMessage(
                () -> manager.requireReadHandler(noFileExt, null),
                IllegalArgumentException.class,
                ""Failed to find handler: no format specified and no file extension available"");

        GeometryTestUtils.assertThrowsWithMessage(
                () -> manager.requireReadHandler(nullFileName, null),
                IllegalArgumentException.class,
                ""Failed to find handler: no format specified and no file extension available"");
    }",BoundaryIOManagerTest::testRequireReadHandler_oe
commons-geometry_231,"@Test
    void testGetReadFormats_oe() {
        // arrange
        final StubReadHandler r1 = new StubReadHandler(FMT_A);
        final StubReadHandler r2 = new StubReadHandler(FMT_B);
        final StubReadHandler r3 = new StubReadHandler(FMT_B);

        manager.registerReadHandler(r1);
        manager.registerReadHandler(r2);
        manager.registerReadHandler(r3);

        // act
        final List<GeometryFormat> formats = manager.getReadFormats();

        // assert
        Assertions.assertEquals(2, formats.size());
        Assertions.assertEquals(Arrays.asList(FMT_A, FMT_B), formats);
    }",BoundaryIOManagerTest::testGetReadFormats_oe
commons-geometry_232,"@Test
    void testGetReadFormats_empty_oe() {
        // act/assert
        Assertions.assertEquals(0, manager.getReadFormats().size());
    }",BoundaryIOManagerTest::testGetReadFormats_empty_oe
commons-geometry_233,"@Test
    void testRegisterWriteHandler_oe() {
        // arrange
        final StubWriteHandler w1 = new StubWriteHandler(FMT_A);
        final StubWriteHandler w2 = new StubWriteHandler(FMT_B);
        final StubWriteHandler w3 = new StubWriteHandler(FMT_A_ALT);

        // act
        manager.registerWriteHandler(w1); // will be replaced by w3
        manager.registerWriteHandler(w2);
        manager.registerWriteHandler(w2); // register 2x
        manager.registerWriteHandler(w3);

        // assert
        Assertions.assertSame(w3, manager.getWriteHandlerForFormat(FMT_A));
        Assertions.assertSame(w2, manager.getWriteHandlerForFormat(FMT_B));

        Assertions.assertSame(w3, manager.getWriteHandlerForFileExtension(""a""));
        Assertions.assertNull(manager.getWriteHandlerForFileExtension(""aext""));
        Assertions.assertSame(w2, manager.getWriteHandlerForFileExtension(""b""));

        Assertions.assertEquals(Arrays.asList(w2, w3), manager.getWriteHandlers());
    }",BoundaryIOManagerTest::testRegisterWriteHandler_oe
commons-geometry_234,"@Test
    void testRegisterWriteHandler_multipleFileExtensions_oe() {
        // arrange
        final StubWriteHandler w1 = new StubWriteHandler(FMT_A);

        // act
        manager.registerWriteHandler(w1);

        // assert
        Assertions.assertSame(w1, manager.getWriteHandlerForFormat(FMT_A_ALT));

        Assertions.assertSame(w1, manager.getWriteHandlerForFileExtension(""A""));
        Assertions.assertSame(w1, manager.getWriteHandlerForFileExtension(""AEXT""));
    }",BoundaryIOManagerTest::testRegisterWriteHandler_multipleFileExtensions_oe
commons-geometry_235,"@Test
    void testRegisterWriteHandler_nullAndMissingFileExt_oe() {
        // arrange
        final StubGeometryFormat noExts = new StubGeometryFormat(""a"", null);
        final StubGeometryFormat nullExts = new StubGeometryFormat(""b"", Arrays.asList(""bext"", null, null));

        final StubWriteHandler w1 = new StubWriteHandler(noExts);
        final StubWriteHandler w2 = new StubWriteHandler(nullExts);

        // act
        manager.registerWriteHandler(w1);
        manager.registerWriteHandler(w2);

        // assert
        Assertions.assertSame(w1, manager.getWriteHandlerForFormat(noExts));
        Assertions.assertNull(manager.getWriteHandlerForFileExtension(""a""));

        Assertions.assertEquals(w2, manager.getWriteHandlerForFormat(nullExts));
        Assertions.assertEquals(w2, manager.getWriteHandlerForFileExtension(""bext""));
    }",BoundaryIOManagerTest::testRegisterWriteHandler_nullAndMissingFileExt_oe
commons-geometry_236,"@Test
    void testUnregisterWriteHandler_oe() {
        // arrange
        final StubWriteHandler w1 = new StubWriteHandler(FMT_A);
        final StubWriteHandler w2 = new StubWriteHandler(FMT_B);

        manager.registerWriteHandler(w1);
        manager.registerWriteHandler(w2);

        // act
        manager.unregisterWriteHandler(w1);

        // assert
        Assertions.assertNull(manager.getWriteHandlerForFormat(FMT_A));
        Assertions.assertSame(w2, manager.getWriteHandlerForFormat(FMT_B));

        Assertions.assertEquals(Arrays.asList(w2), manager.getWriteHandlers());
    }",BoundaryIOManagerTest::testUnregisterWriteHandler_oe
commons-geometry_237,"@Test
    void testUnregisterWriteHandler_argsNotRegistered_oe() {
        // arrange
        final StubWriteHandler w1 = new StubWriteHandler(FMT_A);
        final StubWriteHandler w2 = new StubWriteHandler(FMT_B);
        final StubWriteHandler w3 = new StubWriteHandler(FMT_C);

        manager.registerWriteHandler(w1);
        manager.registerWriteHandler(w2);

        // act
        manager.unregisterWriteHandler(null);
        manager.unregisterWriteHandler(w3);

        // assert
        Assertions.assertEquals(Arrays.asList(w1, w2), manager.getWriteHandlers());
    }",BoundaryIOManagerTest::testUnregisterWriteHandler_argsNotRegistered_oe
commons-geometry_238,"@Test
    void testGetWriteFormats_oe() {
        // arrange
        final StubWriteHandler w1 = new StubWriteHandler(FMT_A);
        final StubWriteHandler w2 = new StubWriteHandler(FMT_B);
        final StubWriteHandler w3 = new StubWriteHandler(FMT_B);

        manager.registerWriteHandler(w1);
        manager.registerWriteHandler(w2);
        manager.registerWriteHandler(w3);

        // act
        final List<GeometryFormat> formats = manager.getWriteFormats();

        // assert
        Assertions.assertEquals(2, formats.size());
        Assertions.assertEquals(Arrays.asList(FMT_A, FMT_B), formats);
    }",BoundaryIOManagerTest::testGetWriteFormats_oe
commons-geometry_239,"@Test
    void testGetWriteFormats_empty_oe() {
        // act/assert
        Assertions.assertEquals(0, manager.getWriteFormats().size());
    }",BoundaryIOManagerTest::testGetWriteFormats_empty_oe
commons-geometry_240,"@Test
    void testRegisterWriteHandler_illegalArgs_oe() {
        // act/assert
        GeometryTestUtils.assertThrowsWithMessage(
                () -> manager.registerWriteHandler(null),
                NullPointerException.class, ""Handler cannot be null"");
        GeometryTestUtils.assertThrowsWithMessage(
                () -> manager.registerWriteHandler(new StubWriteHandler(null)),
                NullPointerException.class, ""Format cannot be null"");
        GeometryTestUtils.assertThrowsWithMessage(
                () -> manager.registerWriteHandler(new StubWriteHandler(new StubGeometryFormat(null))),
                NullPointerException.class, ""Format name cannot be null"");
    }",BoundaryIOManagerTest::testRegisterWriteHandler_illegalArgs_oe
commons-geometry_241,"@Test
    void testGetWriteHandlerForFormat_oe() {
        // arrange
        final StubWriteHandler w1 = new StubWriteHandler(FMT_A);
        final StubWriteHandler w2 = new StubWriteHandler(FMT_B);

        manager.registerWriteHandler(w1);
        manager.registerWriteHandler(w2);

        // act/assert
        Assertions.assertSame(w1, manager.getWriteHandlerForFormat(FMT_A));
        Assertions.assertSame(w1, manager.getWriteHandlerForFormat(FMT_A_ALT));
        Assertions.assertSame(w2, manager.getWriteHandlerForFormat(FMT_B));
        Assertions.assertSame(w2, manager.getWriteHandlerForFormat(FMT_B_ALT));

        Assertions.assertNull(manager.getWriteHandlerForFormat(null));
        Assertions.assertNull(manager.getWriteHandlerForFormat(FMT_C));
    }",BoundaryIOManagerTest::testGetWriteHandlerForFormat_oe
commons-geometry_242,"@Test
    void testGetWriteHandlerForFileExtension_oe() {
        // arrange
        final StubWriteHandler w1 = new StubWriteHandler(FMT_A);
        final StubWriteHandler w2 = new StubWriteHandler(FMT_B);

        manager.registerWriteHandler(w1);
        manager.registerWriteHandler(w2);

        // act/assert
        Assertions.assertSame(w1, manager.getWriteHandlerForFileExtension(""a""));
        Assertions.assertSame(w1, manager.getWriteHandlerForFileExtension(""A""));
        Assertions.assertSame(w1, manager.getWriteHandlerForFileExtension(""aext""));
        Assertions.assertSame(w1, manager.getWriteHandlerForFileExtension(""AeXt""));

        Assertions.assertSame(w2, manager.getWriteHandlerForFileExtension(""b""));
        Assertions.assertSame(w2, manager.getWriteHandlerForFileExtension(""B""));

        Assertions.assertNull(manager.getWriteHandlerForFileExtension(null));
        Assertions.assertNull(manager.getWriteHandlerForFileExtension(""""));
        Assertions.assertNull(manager.getWriteHandlerForFileExtension(""c""));
    }",BoundaryIOManagerTest::testGetWriteHandlerForFileExtension_oe
commons-geometry_243,"@Test
    void testRequireWriteHandler_oe() {
        // arrange
        final StubWriteHandler w1 = new StubWriteHandler(FMT_A);
        final GeometryOutput aInput = new StubGeometryOutput(""/some/path/to/a/file.AEXT"");
        final GeometryOutput bInput = new StubGeometryOutput(""/some/path/to/a/file.b"");
        final GeometryOutput noFileExt = new StubGeometryOutput(""/some/path/to/a/file"");
        final GeometryOutput nullFileName = new StubGeometryOutput(null);

        manager.registerWriteHandler(w1);

        // act/assert
        Assertions.assertSame(w1, manager.requireWriteHandler(bInput, FMT_A));
        Assertions.assertSame(w1, manager.requireWriteHandler(noFileExt, FMT_A));
        Assertions.assertSame(w1, manager.requireWriteHandler(aInput, null));

        GeometryTestUtils.assertThrowsWithMessage(
                () -> manager.requireWriteHandler(aInput, FMT_B),
                IllegalArgumentException.class, ""Failed to find handler for format \""testB\"""");

        GeometryTestUtils.assertThrowsWithMessage(
                () -> manager.requireWriteHandler(bInput, null),
                IllegalArgumentException.class, ""Failed to find handler for file extension \""b\"""");

        GeometryTestUtils.assertThrowsWithMessage(
                () -> manager.requireWriteHandler(noFileExt, null),
                IllegalArgumentException.class,
                ""Failed to find handler: no format specified and no file extension available"");

        GeometryTestUtils.assertThrowsWithMessage(
                () -> manager.requireWriteHandler(nullFileName, null),
                IllegalArgumentException.class,
                ""Failed to find handler: no format specified and no file extension available"");
    }",BoundaryIOManagerTest::testRequireWriteHandler_oe
commons-geometry_244,"@Test
    void testRead_formatGiven_oe() {
        // arrange
        final StubReadHandler r1 = new StubReadHandler(FMT_A);
        manager.registerReadHandler(r1);

        final StubGeometryInput in = new StubGeometryInput(null);
        final Precision.DoubleEquivalence precision = Precision.doubleEquivalenceOfEpsilon(1e-4);

        // act
        final TestBoundaryList result = manager.read(in, FMT_A_ALT, precision);

        // assert
        Assertions.assertSame(BOUNDARY_LIST, result);
        Assertions.assertSame(in, r1.inArg);
        Assertions.assertSame(precision, r1.precisionArg);
    }",BoundaryIOManagerTest::testRead_formatGiven_oe
commons-geometry_245,"@Test
    void testRead_noFormatGiven_oe() {
        // arrange
        final StubReadHandler r1 = new StubReadHandler(FMT_A);
        manager.registerReadHandler(r1);

        final StubGeometryInput in = new StubGeometryInput(""file.aeXT"");
        final Precision.DoubleEquivalence precision = Precision.doubleEquivalenceOfEpsilon(1e-4);

        // act
        final TestBoundaryList result = manager.read(in, null, precision);

        // assert
        Assertions.assertSame(BOUNDARY_LIST, result);
        Assertions.assertSame(in, r1.inArg);
        Assertions.assertSame(precision, r1.precisionArg);
    }",BoundaryIOManagerTest::testRead_noFormatGiven_oe
commons-geometry_246,"@Test
    void testRead_handlerNotFound_oe() {
        // arrange
        final StubReadHandler r1 = new StubReadHandler(FMT_A);
        manager.registerReadHandler(r1);

        final StubGeometryInput inputA = new StubGeometryInput(""file.a"");
        final StubGeometryInput inputB = new StubGeometryInput(""file.b"");
        final StubGeometryInput inputNull = new StubGeometryInput(null);

        final Precision.DoubleEquivalence precision = Precision.doubleEquivalenceOfEpsilon(1e-4);

        // act/assert
        Assertions.assertThrows(IllegalArgumentException.class,
                () -> manager.read(inputA, FMT_B, precision));
        Assertions.assertThrows(IllegalArgumentException.class,
                () -> manager.read(inputB, null, precision));
        Assertions.assertThrows(IllegalArgumentException.class,
                () -> manager.read(inputNull, null, precision));
    }",BoundaryIOManagerTest::testRead_handlerNotFound_oe
commons-geometry_247,"@Test
    void testBoundaries_formatGiven_oe() {
        // arrange
        final StubReadHandler r1 = new StubReadHandler(FMT_A);
        manager.registerReadHandler(r1);

        final StubGeometryInput in = new StubGeometryInput(null);
        final Precision.DoubleEquivalence precision = Precision.doubleEquivalenceOfEpsilon(1e-4);

        // act
        final Stream<TestLineSegment> result = manager.boundaries(in, FMT_A_ALT, precision);

        // assert
        Assertions.assertEquals(BOUNDARY_LIST.getBoundaries(), result.collect(Collectors.toList()));
        Assertions.assertSame(in, r1.inArg);
        Assertions.assertSame(precision, r1.precisionArg);
    }",BoundaryIOManagerTest::testBoundaries_formatGiven_oe
commons-geometry_248,"@Test
    void testBoundaries_noFormatGiven_oe() {
        // arrange
        final StubReadHandler r1 = new StubReadHandler(FMT_A);
        manager.registerReadHandler(r1);

        final StubGeometryInput in = new StubGeometryInput(""file.aeXT"");
        final Precision.DoubleEquivalence precision = Precision.doubleEquivalenceOfEpsilon(1e-4);

        // act
        final Stream<TestLineSegment> result = manager.boundaries(in, null, precision);

        // assert
        Assertions.assertEquals(BOUNDARY_LIST.getBoundaries(), result.collect(Collectors.toList()));
        Assertions.assertSame(in, r1.inArg);
        Assertions.assertSame(precision, r1.precisionArg);
    }",BoundaryIOManagerTest::testBoundaries_noFormatGiven_oe
commons-geometry_249,"@Test
    void testBoundaries_handlerNotFound_oe() {
        // arrange
        final StubReadHandler r1 = new StubReadHandler(FMT_A);
        manager.registerReadHandler(r1);

        final StubGeometryInput inputA = new StubGeometryInput(""file.a"");
        final StubGeometryInput inputB = new StubGeometryInput(""file.b"");
        final StubGeometryInput inputNull = new StubGeometryInput(null);

        final Precision.DoubleEquivalence precision = Precision.doubleEquivalenceOfEpsilon(1e-4);

        // act/assert
        Assertions.assertThrows(IllegalArgumentException.class,
                () -> manager.boundaries(inputA, FMT_B, precision));
        Assertions.assertThrows(IllegalArgumentException.class,
                () -> manager.boundaries(inputB, null, precision));
        Assertions.assertThrows(IllegalArgumentException.class,
                () -> manager.boundaries(inputNull, null, precision));
    }",BoundaryIOManagerTest::testBoundaries_handlerNotFound_oe
commons-geometry_250,"@Test
    void testWrite_formatGiven_oe() {
        // arrange
        final StubWriteHandler w1 = new StubWriteHandler(FMT_A);
        manager.registerWriteHandler(w1);

        final TestBoundaryList src = BOUNDARY_LIST;
        final StubGeometryOutput out = new StubGeometryOutput(null);

        // act
        manager.write(BOUNDARY_LIST, out, FMT_A_ALT);

        // assert
        Assertions.assertSame(src, w1.list);
        Assertions.assertSame(out, w1.outArg);
    }",BoundaryIOManagerTest::testWrite_formatGiven_oe
commons-geometry_251,"@Test
    void testWrite_noFormatGiven_oe() {
        // arrange
        final StubWriteHandler w1 = new StubWriteHandler(FMT_A);
        manager.registerWriteHandler(w1);

        final TestBoundaryList src = BOUNDARY_LIST;
        final StubGeometryOutput out = new StubGeometryOutput(""file.aeXT"");

        // act
        manager.write(src, out, null);

        // assert
        Assertions.assertSame(src, w1.list);
        Assertions.assertSame(out, w1.outArg);
    }",BoundaryIOManagerTest::testWrite_noFormatGiven_oe
commons-geometry_252,"@Test
    void testWrite_handlerNotFound_oe() {
        // arrange
        final StubWriteHandler w1 = new StubWriteHandler(FMT_A);
        manager.registerWriteHandler(w1);

        final StubGeometryOutput outputA = new StubGeometryOutput(""file.a"");
        final StubGeometryOutput outputB = new StubGeometryOutput(""file.b"");
        final StubGeometryOutput nullOutput = new StubGeometryOutput(null);

        final TestBoundaryList src = BOUNDARY_LIST;

        // act/assert
        Assertions.assertThrows(IllegalArgumentException.class,
                () -> manager.write(src, outputA, FMT_B));
        Assertions.assertThrows(IllegalArgumentException.class,
                () -> manager.write(src, outputB, null));
        Assertions.assertThrows(IllegalArgumentException.class,
                () -> manager.write(src, nullOutput, null));
    }",BoundaryIOManagerTest::testWrite_handlerNotFound_oe
commons-geometry_253,"@Test
    void testDefaults_oe() {
        // act
        try (TestWriter writer = new TestWriter(out)) {
            // assert
            Assertions.assertEquals(""\n"", writer.getLineSeparator());
            Assertions.assertNotNull(writer.getDoubleFormat());
            Assertions.assertSame(out, writer.getWriter());
        }
    }",AbstractTextFormatWriterTest::testDefaults_oe
commons-geometry_254,"@Test
    void testWrite_defaultConfig_oe() {
        // arrange
        final double n = 20000.0 / 3.0;
        final CloseCountWriter closeCountWriter = new CloseCountWriter(out);
        try (TestWriter writer = new TestWriter(closeCountWriter)) {
            // act
            writer.write('a');
            writer.write(""bc"");
            writer.writeNewLine();
            writer.write(n);
            writer.writeNewLine();
            writer.write(Double.POSITIVE_INFINITY);
            writer.writeNewLine();
            writer.write(5);

            // assert
            Assertions.assertEquals(""abc\n"" + n + ""\nInfinity\n5"", out.toString());
        }

        Assertions.assertEquals(1, closeCountWriter.getCloseCount());
    }",AbstractTextFormatWriterTest::testWrite_defaultConfig_oe
commons-geometry_255,"@Test
    void testWrite_customConfig_oe() {
        // arrange
        final CloseCountWriter closeCountWriter = new CloseCountWriter(out);
        try (TestWriter writer = new TestWriter(closeCountWriter)) {

            writer.setLineSeparator(""\r\n"");

            final DecimalFormat fmt = new DecimalFormat(""0.00"", DecimalFormatSymbols.getInstance(Locale.ENGLISH));

            final DoubleFunction<String> df = fmt::format;
            writer.setDoubleFormat(df);

            // act
            writer.write('a');
            writer.write(""bc"");
            writer.writeNewLine();
            writer.write(20000.0 / 3.0);
            writer.writeNewLine();
            writer.write(5);

            // assert
            Assertions.assertEquals(""abc\r\n6666.67\r\n5"", out.toString());
        }

        Assertions.assertEquals(1, closeCountWriter.getCloseCount());
    }",AbstractTextFormatWriterTest::testWrite_customConfig_oe
commons-geometry_256,"@Test
    void testWrite_failure_oe() {
        // arrange
        final Writer failWriter = new Writer() {
            @Override
            public void write(char[] cbuf, int off, int len) throws IOException {
                throw new IOException(""test"");
            }

            @Override
            public void flush() {
            }

            @Override
            public void close() {
            }
        };

        // act/assert
        try (TestWriter writer = new TestWriter(failWriter)) {
            GeometryTestUtils.assertThrowsWithMessage(
                    () -> writer.write('a'),
                    UncheckedIOException.class,
                    ""IOException: test"");

            GeometryTestUtils.assertThrowsWithMessage(
                    () -> writer.write(""abc""),
                    UncheckedIOException.class,
                    ""IOException: test"");
        }
    }",AbstractTextFormatWriterTest::testWrite_failure_oe
commons-geometry_257,"@Test
    void testCtor_stream_oe() {
        // act
        final StreamGeometryOutput out = new StreamGeometryOutput(byteStream);

        // assert
        Assertions.assertNull(out.getFileName());
        Assertions.assertNull(out.getCharset());
        Assertions.assertEquals(byteStream, out.getOutputStream());
    }",StreamGeometryOutputTest::testCtor_stream_oe
commons-geometry_258,"@Test
    void testCtor_streamAndFileName_oe() {
        // act
        final StreamGeometryOutput out = new StreamGeometryOutput(byteStream, ""test.txt"");

        // assert
        Assertions.assertEquals(""test.txt"", out.getFileName());
        Assertions.assertNull(out.getCharset());
        Assertions.assertEquals(byteStream, out.getOutputStream());
    }",StreamGeometryOutputTest::testCtor_streamAndFileName_oe
commons-geometry_259,"@Test
    void testCtor_allArgs_oe() {
        // act
        final StreamGeometryOutput out = new StreamGeometryOutput(byteStream, ""test.txt"", StandardCharsets.UTF_16);

        // assert
        Assertions.assertEquals(""test.txt"", out.getFileName());
        Assertions.assertEquals(StandardCharsets.UTF_16, out.getCharset());
        Assertions.assertEquals(byteStream, out.getOutputStream());
    }",StreamGeometryOutputTest::testCtor_allArgs_oe
commons-geometry_260,"@Test
    void testToString_oe() {
        // arrange
        final StreamGeometryOutput out = new StreamGeometryOutput(byteStream, ""abc.txt"");

        // act
        final String result = out.toString();

        // assert
        Assertions.assertEquals(""StreamGeometryOutput[fileName= abc.txt]"", result);
    }",StreamGeometryOutputTest::testToString_oe
commons-geometry_261,"@Test
    void testCtor_fileOnly_oe() {
        // arrange
        final Path file = Paths.get(""some/path/test.txt"");

        // act
        final FileGeometryOutput out = new FileGeometryOutput(file);

        // assert
        Assertions.assertEquals(file, out.getFile());
        Assertions.assertEquals(""test.txt"", out.getFileName());
        Assertions.assertNull(out.getCharset());
    }",FileGeometryOutputTest::testCtor_fileOnly_oe
commons-geometry_262,"@Test
    void testCtor_fileAndCharset_oe() {
        // arrange
        final Path file = Paths.get(""TEST"");
        final Charset charset = StandardCharsets.UTF_8;

        // act
        final FileGeometryOutput out = new FileGeometryOutput(file, charset);

        // assert
        Assertions.assertEquals(file, out.getFile());
        Assertions.assertEquals(""TEST"", out.getFileName());
        Assertions.assertEquals(charset, out.getCharset());
    }",FileGeometryOutputTest::testCtor_fileAndCharset_oe
commons-geometry_263,"@Test
    void testGetOutputStream_oe() throws IOException {
        // arrange
        final Path file = tempDir.resolve(""test"");
        final byte[] bytes = ""abc"".getBytes(StandardCharsets.UTF_8);

        final FileGeometryOutput output = new FileGeometryOutput(file);

        // act/assert
        try (OutputStream out = output.getOutputStream()) {
            out.write(bytes);

            Assertions.assertEquals(BufferedOutputStream.class, out.getClass());
        }

        Assertions.assertArrayEquals(bytes, Files.readAllBytes(file));
    }",FileGeometryOutputTest::testGetOutputStream_oe
commons-geometry_264,"@Test
    void testToString_oe() {
        // arrange
        final FileGeometryOutput out = new FileGeometryOutput(Paths.get(""some/path/test.txt""));

        // act
        final String result = out.toString();

        // assert
        Assertions.assertEquals(""FileGeometryOutput[file= some/path/test.txt]"",result.replaceAll(""\\\\"",""/""));
    }",FileGeometryOutputTest::testToString_oe
commons-geometry_265,"@Test
    void testCtor_oe() {
        // act/assert
        GeometryTestUtils.assertThrowsWithMessage(() -> {
            new CharReadBuffer(null, 1, 1);
        }, NullPointerException.class, ""Reader cannot be null"");

        GeometryTestUtils.assertThrowsWithMessage(() -> {
            new CharReadBuffer(reader(""a""), 0, 1);
        }, IllegalArgumentException.class, ""Initial buffer capacity must be greater than 0; was 0"");

        GeometryTestUtils.assertThrowsWithMessage(() -> {
            new CharReadBuffer(reader(""a""), 1, 0);
        }, IllegalArgumentException.class, ""Min read value must be greater than 0; was 0"");
    }",CharReadBufferTest::testCtor_oe
commons-geometry_266,"@Test
    void testHasMoreCharacters_oe() {
        // act/assert
        for (int s = 1; s < 10; s += 2) {
            Assertions.assertFalse(new CharReadBuffer(reader("""")).hasMoreCharacters());
            Assertions.assertFalse(new CharReadBuffer(reader(""""), s).hasMoreCharacters());
            Assertions.assertFalse(new CharReadBuffer(reader(""""), s, s).hasMoreCharacters());
        }

        String str;
        for (int i = 1; i < 10; ++i) {
            str = repeat(""a"", i);

            for (int s = 1; s < 10; s += 2) {
                Assertions.assertTrue(new CharReadBuffer(reader(str)).hasMoreCharacters());
                Assertions.assertTrue(new CharReadBuffer(reader(str), s).hasMoreCharacters());
                Assertions.assertTrue(new CharReadBuffer(reader(str), s, s).hasMoreCharacters());
            }
        }
    }",CharReadBufferTest::testHasMoreCharacters_oe
commons-geometry_267,"@Test
    void testPeekRead_oe() {
        // arrange
        final String str = ""abcdefg"";
        final CharReadBuffer buf = new CharReadBuffer(reader(str), 1);

        final StringBuilder peek = new StringBuilder();
        final StringBuilder read = new StringBuilder();

        // act
        while (buf.hasMoreCharacters()) {
            peek.append((char) buf.peek());
            read.append((char) buf.read());
        }

        // assert
        Assertions.assertEquals(str, peek.toString());
        Assertions.assertEquals(str, read.toString());

        Assertions.assertEquals(-1, buf.peek());
        Assertions.assertEquals(-1, buf.read());
    }",CharReadBufferTest::testPeekRead_oe
commons-geometry_268,"@Test
    void testCharAt_oe() {
        // arrange
        final String str = ""abcdefgh"";
        final CharReadBuffer buf = new CharReadBuffer(reader(str), 3);

        // act/assert
        Assertions.assertEquals('a', buf.charAt(0));
        Assertions.assertEquals('b', buf.charAt(1));
        Assertions.assertEquals('c', buf.charAt(2));
        Assertions.assertEquals('d', buf.charAt(3));
        Assertions.assertEquals('e', buf.charAt(4));
        Assertions.assertEquals('f', buf.charAt(5));
        Assertions.assertEquals('g', buf.charAt(6));
        Assertions.assertEquals('h', buf.charAt(7));

        Assertions.assertEquals(-1, buf.charAt(8));
        Assertions.assertEquals(-1, buf.charAt(9));
        Assertions.assertEquals(-1, buf.charAt(10));
    }",CharReadBufferTest::testCharAt_oe
commons-geometry_269,"@Test
    void testCharAt_invalidArg_oe() {
        // arrange
        final String str = ""abcdefgh"";
        final CharReadBuffer buf = new CharReadBuffer(reader(str), 3);

        // act/assert
        GeometryTestUtils.assertThrowsWithMessage(() -> {
            buf.charAt(-1);
        }, IllegalArgumentException.class, ""Character index cannot be negative; was -1"");
    }",CharReadBufferTest::testCharAt_invalidArg_oe
commons-geometry_270,"@Test
    void testReadPeek_string_oe() {
        // arrange
        final String str = ""abcdefgh"";
        final CharReadBuffer buf = new CharReadBuffer(reader(str), 50);

        // act/assert
        Assertions.assertEquals("""", buf.peekString(0));
        Assertions.assertEquals("""", buf.readString(0));

        Assertions.assertEquals(""abc"", buf.peekString(3));
        Assertions.assertEquals(""abc"", buf.readString(3));

        Assertions.assertEquals(""defgh"", buf.peekString(100));
        Assertions.assertEquals(""defgh"", buf.readString(100));

        Assertions.assertEquals(null, buf.peekString(1));
        Assertions.assertEquals(null, buf.readString(1));
    }",CharReadBufferTest::testReadPeek_string_oe
commons-geometry_271,"@Test
    void testReadPeek_tring_zeroLen_oe() {
        // act/assert
        Assertions.assertNull(new CharReadBuffer(reader("""")).peekString(0));
        Assertions.assertNull(new CharReadBuffer(reader("""")).readString(0));

        Assertions.assertEquals("""", new CharReadBuffer(reader(""a"")).peekString(0));
        Assertions.assertEquals("""", new CharReadBuffer(reader(""a"")).readString(0));
    }",CharReadBufferTest::testReadPeek_tring_zeroLen_oe
commons-geometry_272,"@Test
    void testReadPeek_string_invalidArg_oe() {
        // arrange
        final CharReadBuffer buf = new CharReadBuffer(reader(""a""));
        final String msg = ""Requested string length cannot be negative; was -1"";

        // act/assert
        GeometryTestUtils.assertThrowsWithMessage(() -> {
            buf.peekString(-1);
        }, IllegalArgumentException.class, msg);

        GeometryTestUtils.assertThrowsWithMessage(() -> {
            buf.readString(-1);
        }, IllegalArgumentException.class, msg);
    }",CharReadBufferTest::testReadPeek_string_invalidArg_oe
commons-geometry_273,"@Test
    void testReadPeek_failure_oe() {
        // arrange
        final CharReadBuffer buf = new CharReadBuffer(failReader());
        final String msg = ""IOException: read"";

        // act/assert
        GeometryTestUtils.assertThrowsWithMessage(() -> {
            buf.peekString(3);
        }, UncheckedIOException.class, msg);

        GeometryTestUtils.assertThrowsWithMessage(() -> {
            buf.readString(3);
        }, UncheckedIOException.class, msg);
    }",CharReadBufferTest::testReadPeek_failure_oe
commons-geometry_274,"@Test
    void testSkip_oe() {
        // arrange
        final CharReadBuffer buf = new CharReadBuffer(reader(""abcdefg""), 3);
        buf.peekString(2);

        // act/assert
        Assertions.assertEquals(0, buf.skip(0));
        Assertions.assertEquals(""a"", buf.peekString(1));

        Assertions.assertEquals(1, buf.skip(1));
        Assertions.assertEquals(""b"", buf.peekString(1));

        Assertions.assertEquals(4, buf.skip(4));
        Assertions.assertEquals(""f"", buf.peekString(1));

        Assertions.assertEquals(1, buf.skip(1));
        Assertions.assertEquals(""g"", buf.peekString(1));

        Assertions.assertEquals(1, buf.skip(100));
        Assertions.assertNull(buf.peekString(1));

        Assertions.assertEquals(0, buf.skip(100));
        Assertions.assertNull(buf.peekString(1));
    }",CharReadBufferTest::testSkip_oe
commons-geometry_275,"@Test
    void testSkip_invalidArg_oe() {
        // arrange
        final CharReadBuffer buf = new CharReadBuffer(reader(""a""));

        // act/assert
        GeometryTestUtils.assertThrowsWithMessage(() -> {
            buf.skip(-1);
        }, IllegalArgumentException.class, ""Character skip count cannot be negative; was -1"");
    }",CharReadBufferTest::testSkip_invalidArg_oe
commons-geometry_276,"@Test
    void testSkip_failure_oe() {
        // arrange
        final CharReadBuffer buf = new CharReadBuffer(failReader());

        // act/assert
        GeometryTestUtils.assertThrowsWithMessage(() -> {
            buf.skip(10);
        }, UncheckedIOException.class, ""IOException: skip"");
    }",CharReadBufferTest::testSkip_failure_oe
commons-geometry_277,"@Test
    void testPushString_emptyReader_oe() {
        // arrange
        final String a = ""abcd"";
        final String b = ""efgh"";
        final CharReadBuffer buf = new CharReadBuffer(reader(""""), 1);

        // act
        buf.pushString(a);
        buf.pushString(b);

        // assert
        Assertions.assertTrue(buf.hasMoreCharacters());
        Assertions.assertEquals(""efghabcd"", buf.readString(8));
    }",CharReadBufferTest::testPushString_emptyReader_oe
commons-geometry_278,"@Test
    void testPushString_nonEmptyReader_oe() {
        // arrange
        final String a = ""abcd"";
        final String b = ""efgh"";
        final CharReadBuffer buf = new CharReadBuffer(reader(""ABCD""), 1);

        // act
        buf.pushString(a);
        buf.pushString(b);

        // assert
        Assertions.assertTrue(buf.hasMoreCharacters());
        Assertions.assertEquals(""efghabcdABCD"", buf.readString(12));
    }",CharReadBufferTest::testPushString_nonEmptyReader_oe
commons-geometry_279,"@Test
    void testPush_emptyReader_oe() {
        // arrange
        final CharReadBuffer buf = new CharReadBuffer(reader(""ABCD""), 1);

        // act
        buf.push('a');
        buf.push('b');
        buf.push('c');
        buf.push('d');

        // assert
        Assertions.assertTrue(buf.hasMoreCharacters());
        Assertions.assertEquals(""dcbaABCD"", buf.readString(8));
    }",CharReadBufferTest::testPush_emptyReader_oe
commons-geometry_280,"@Test
    void testAlternatingPushAndRead_oe() {
        // arrange
        final String str = repeat(""abcdefghijlmnopqrstuvwxyz"", 10);

        final CharReadBuffer buf = new CharReadBuffer(reader(str), 8);

        final Random rnd = new Random(1L);

        // act
        final StringBuilder result = new StringBuilder();
        String tmp;
        while (buf.hasMoreCharacters()) {
            buf.pushString(""ABC"");

            tmp = buf.readString(rnd.nextInt(10) + 4);

            result.append(tmp.charAt(3));

            buf.pushString(tmp.substring(4));
        }

        // assert
        Assertions.assertEquals(str, result.toString());
    }",CharReadBufferTest::testAlternatingPushAndRead_oe
commons-geometry_281,"@Test
    void testMaxStringLength_defaultValue_oe() {
        // arrange
        final SimpleTextParser p = parser(""abc"");

        // act/assert
        Assertions.assertEquals(1024, p.getMaxStringLength());
    }",SimpleTextParserTest::testMaxStringLength_defaultValue_oe
commons-geometry_282,"@Test
    void testMaxStringLength_illegalArg_oe() {
        // arrange
        final SimpleTextParser p = parser(""abc"");

        // act/assert
        GeometryTestUtils.assertThrowsWithMessage(() -> {
            p.setMaxStringLength(-1);
        }, IllegalArgumentException.class, ""Maximum string length cannot be less than zero; was -1"");
    }",SimpleTextParserTest::testMaxStringLength_illegalArg_oe
commons-geometry_283,"@Test
    void testCharacterSequence_oe() {
        // act/assert
        assertCharacterSequence(parser(""""), """");
        assertCharacterSequence(parser(""abc def""), ""abc def"");
    }",SimpleTextParserTest::testCharacterSequence_oe
commons-geometry_284,"@Test
    void testCharacterPosition_oe() {
        // arrange
        final SimpleTextParser p = parser(
                ""a b\n"" +
                ""\r\n"" +
                ""d \r"" +
                ""e"");

        // act/assert
        assertPosition(p, 1, 1);
        assertChar('a', p.readChar());

        assertPosition(p, 1, 2);
        assertChar(' ', p.readChar());

        assertPosition(p, 1, 3);
        assertChar('b', p.readChar());

        assertPosition(p, 1, 4);
        assertChar('\n', p.readChar());

        assertPosition(p, 2, 1);
        assertChar('\r', p.readChar());

        assertPosition(p, 2, 2);
        assertChar('\n', p.readChar());

        assertPosition(p, 3, 1);
        assertChar('d', p.readChar());

        assertPosition(p, 3, 2);
        assertChar(' ', p.readChar());

        assertPosition(p, 3, 3);
        assertChar('\r', p.readChar());

        assertPosition(p, 4, 1);
        assertChar('e', p.readChar());

        assertPosition(p, 4, 2);
        assertChar(EOF, p.readChar());
    }",SimpleTextParserTest::testCharacterPosition_oe
commons-geometry_285,"@Test
    void testCharacterPosition_givenPosition_oe() {
        // arrange
        final SimpleTextParser p = parser(""abc\rdef"");

        // act/assert
        assertPosition(p, 1, 1);

        p.setLineNumber(10);
        p.setColumnNumber(3);

        assertPosition(p, 10, 3);

        p.discard(4);

        assertPosition(p, 11, 1);

        p.discard(3);

        assertPosition(p, 11, 4);
    }",SimpleTextParserTest::testCharacterPosition_givenPosition_oe
commons-geometry_286,"@Test
    void testHasMoreCharacters_oe() {
        // arrange
        final SimpleTextParser empty = parser("""");
        final SimpleTextParser nonEmpty = parser(""a"");

        // act/assert
        Assertions.assertFalse(empty.hasMoreCharacters());

        Assertions.assertTrue(nonEmpty.hasMoreCharacters());
        assertChar('a', nonEmpty.readChar());
        Assertions.assertFalse(nonEmpty.hasMoreCharacters());
    }",SimpleTextParserTest::testHasMoreCharacters_oe
commons-geometry_287,"@Test
    void testHasMoreCharactersOnLine_oe() {
        // arrange
        final SimpleTextParser empty = parser("""");
        final SimpleTextParser singleLine = parser(""a"");
        final SimpleTextParser multiLine = parser(""a\r\nb\rc\n\n"");

        // act/assert
        Assertions.assertFalse(empty.hasMoreCharactersOnLine());

        Assertions.assertTrue(singleLine.hasMoreCharactersOnLine());
        assertChar('a', singleLine.readChar());
        Assertions.assertFalse(singleLine.hasMoreCharactersOnLine());

        Assertions.assertTrue(multiLine.hasMoreCharactersOnLine());
        assertChar('a', multiLine.readChar());

        Assertions.assertFalse(multiLine.hasMoreCharactersOnLine());
        assertChar('\r', multiLine.readChar());

        Assertions.assertFalse(multiLine.hasMoreCharactersOnLine());
        assertChar('\n', multiLine.readChar());

        Assertions.assertTrue(multiLine.hasMoreCharactersOnLine());
        assertChar('b', multiLine.readChar());

        Assertions.assertFalse(multiLine.hasMoreCharactersOnLine());
        assertChar('\r', multiLine.readChar());

        Assertions.assertTrue(multiLine.hasMoreCharactersOnLine());
        assertChar('c', multiLine.readChar());

        Assertions.assertFalse(multiLine.hasMoreCharactersOnLine());
        assertChar('\n', multiLine.readChar());

        Assertions.assertFalse(multiLine.hasMoreCharactersOnLine());
        assertChar('\n', multiLine.readChar());

        Assertions.assertFalse(multiLine.hasMoreCharactersOnLine());
        assertChar(EOF, multiLine.readChar());
    }",SimpleTextParserTest::testHasMoreCharactersOnLine_oe
commons-geometry_288,"@Test
    void testBasicTokenMethods_oe() {
        // arrange
        final SimpleTextParser p = parser(""abcdef\r\n\r ghi"");

        // act/assert
        assertToken(p, null, -1, -1);
        Assertions.assertFalse(p.hasNonEmptyToken());

        assertToken(p.next(1), ""a"", 1, 1);
        Assertions.assertTrue(p.hasNonEmptyToken());

        assertToken(p.next(3), ""bcd"", 1, 2);
        Assertions.assertTrue(p.hasNonEmptyToken());

        assertToken(p.next(5), ""ef\r\n\r"", 1, 5);
        Assertions.assertTrue(p.hasNonEmptyToken());

        assertToken(p.next(0), """", 3, 1);
        Assertions.assertFalse(p.hasNonEmptyToken());

        assertToken(p.next(1), "" "", 3, 1);
        Assertions.assertTrue(p.hasNonEmptyToken());

        assertToken(p.next(3), ""ghi"", 3, 2);
        Assertions.assertTrue(p.hasNonEmptyToken());

        assertToken(p.next(1), null, 3, 5);
        Assertions.assertFalse(p.hasNonEmptyToken());
    }",SimpleTextParserTest::testBasicTokenMethods_oe
commons-geometry_289,"@Test
    void testGetCurrentTokenAsDouble_oe() {
        // arrange
        final SimpleTextParser p = parser(""1e-4\n+5\n-4.001"");

        // act/assert
        p.nextLine();
        Assertions.assertEquals(1e-4, p.getCurrentTokenAsDouble(), EPS);

        p.nextLine();
        Assertions.assertEquals(5.0, p.getCurrentTokenAsDouble(), EPS);

        p.nextLine();
        Assertions.assertEquals(-4.001, p.getCurrentTokenAsDouble(), EPS);
    }",SimpleTextParserTest::testGetCurrentTokenAsDouble_oe
commons-geometry_290,"@Test
    void testGetCurrentTokenAsDouble_failures_oe() {
        // arrange
        final SimpleTextParser p = parser(""abc\n1.1.1a"");

        // act/assert
        GeometryTestUtils.assertThrowsWithMessage(() -> {
            p.getCurrentTokenAsDouble();
        }, IllegalStateException.class, ""No token has been read from the character stream"");

        p.next(SimpleTextParser::isNotNewLinePart);
        GeometryTestUtils.assertThrowsWithMessage(() -> {
            p.getCurrentTokenAsDouble();
        }, IllegalStateException.class,
                ""Parsing failed at line 1, column 1: expected double but found [abc]"");

        p.nextAlphanumeric();
        GeometryTestUtils.assertThrowsWithMessage(() -> {
            p.getCurrentTokenAsDouble();
        }, IllegalStateException.class,
                ""Parsing failed at line 1, column 4: expected double but found end of line"");

        p.discardLine()
            .next(c -> c != 'a');
        GeometryTestUtils.assertThrowsWithMessage(() -> {
            p.getCurrentTokenAsDouble();
        }, IllegalStateException.class,
                ""Parsing failed at line 2, column 1: expected double but found [1.1.1]"");

        p.next(Character::isDigit);
        GeometryTestUtils.assertThrowsWithMessage(() -> {
            p.getCurrentTokenAsDouble();
        }, IllegalStateException.class,
                ""Parsing failed at line 2, column 6: expected double but found empty token followed by [a]"");

        p.nextLine();
        GeometryTestUtils.assertThrowsWithMessage(() -> {
            p.getCurrentTokenAsDouble();
        }, IllegalStateException.class,
                ""Parsing failed at line 2, column 6: expected double but found [a]"");

        p.nextLine();
        GeometryTestUtils.assertThrowsWithMessage(() -> {
            p.getCurrentTokenAsDouble();
        }, IllegalStateException.class,
                ""Parsing failed at line 2, column 7: expected double but found end of content"");
    }",SimpleTextParserTest::testGetCurrentTokenAsDouble_failures_oe
commons-geometry_291,"@Test
    void testGetCurrentTokenAsDouble_includedNumberFormatExceptionOnFailure_oe() {
        // arrange
        final SimpleTextParser p = parser(""abc"");
        p.nextLine();

        // act/assert
        final Throwable exc = Assertions.assertThrows(IllegalStateException.class, () -> p.getCurrentTokenAsDouble());
        Assertions.assertEquals(NumberFormatException.class, exc.getCause().getClass());
    }",SimpleTextParserTest::testGetCurrentTokenAsDouble_includedNumberFormatExceptionOnFailure_oe
commons-geometry_292,"@Test
    void testGetCurrentTokenAsInt_oe() {
        // arrange
        final SimpleTextParser p = parser(""0\n+5\n-401"");

        // act/assert
        p.nextLine();
        Assertions.assertEquals(0, p.getCurrentTokenAsInt());

        p.nextLine();
        Assertions.assertEquals(5, p.getCurrentTokenAsInt());

        p.nextLine();
        Assertions.assertEquals(-401, p.getCurrentTokenAsInt());
    }",SimpleTextParserTest::testGetCurrentTokenAsInt_oe
commons-geometry_293,"@Test
    void testGetCurrentTokenAsInt_failures_oe() {
        // arrange
        final SimpleTextParser p = parser(""abc\n1.1.1a"");

        // act/assert
        GeometryTestUtils.assertThrowsWithMessage(() -> {
            p.getCurrentTokenAsInt();
        }, IllegalStateException.class, ""No token has been read from the character stream"");

        p.next(SimpleTextParser::isNotNewLinePart);
        GeometryTestUtils.assertThrowsWithMessage(() -> {
            p.getCurrentTokenAsInt();
        }, IllegalStateException.class,
                ""Parsing failed at line 1, column 1: expected integer but found [abc]"");

        p.nextAlphanumeric();
        GeometryTestUtils.assertThrowsWithMessage(() -> {
            p.getCurrentTokenAsInt();
        }, IllegalStateException.class,
                ""Parsing failed at line 1, column 4: expected integer but found end of line"");

        p.discardLine()
            .next(c -> c != 'a');
        GeometryTestUtils.assertThrowsWithMessage(() -> {
            p.getCurrentTokenAsInt();
        }, IllegalStateException.class,
                ""Parsing failed at line 2, column 1: expected integer but found [1.1.1]"");

        p.next(Character::isDigit);
        GeometryTestUtils.assertThrowsWithMessage(() -> {
            p.getCurrentTokenAsInt();
        }, IllegalStateException.class,
                ""Parsing failed at line 2, column 6: expected integer but found empty token followed by [a]"");

        p.nextLine();
        GeometryTestUtils.assertThrowsWithMessage(() -> {
            p.getCurrentTokenAsInt();
        }, IllegalStateException.class,
                ""Parsing failed at line 2, column 6: expected integer but found [a]"");

        p.nextLine();
        GeometryTestUtils.assertThrowsWithMessage(() -> {
            p.getCurrentTokenAsInt();
        }, IllegalStateException.class,
                ""Parsing failed at line 2, column 7: expected integer but found end of content"");
    }",SimpleTextParserTest::testGetCurrentTokenAsInt_failures_oe
commons-geometry_294,"@Test
    void testGetCurrentTokenAsInt_includedNumberFormatExceptionOnFailure_oe() {
        // arrange
        final SimpleTextParser p = parser(""abc"");
        p.nextLine();

        // act/assert
        final Throwable exc = Assertions.assertThrows(IllegalStateException.class, () -> p.getCurrentTokenAsInt());
        Assertions.assertEquals(NumberFormatException.class, exc.getCause().getClass());
    }",SimpleTextParserTest::testGetCurrentTokenAsInt_includedNumberFormatExceptionOnFailure_oe
commons-geometry_295,"@Test
    void testNext_lenArg_oe() {
        // arrange
        final SimpleTextParser p = parser(""abcdef\r\n\r ghi"");

        // act/assert
        assertToken(p.next(0), """", 1, 1);
        assertToken(p.next(4), ""abcd"", 1, 1);
        assertToken(p.next(6), ""ef\r\n\r "", 1, 5);
        assertToken(p.next(100), ""ghi"", 3, 2);

        assertToken(p.next(0), null, 3, 5);
        assertToken(p.next(100), null, 3, 5);
    }",SimpleTextParserTest::testNext_lenArg_oe
commons-geometry_296,"@Test
    void testNextWithLineContinuation_lenArg_oe() {
        // arrange
        final char cont = '\\';
        final SimpleTextParser p = parser(""a\\bcdef\\\r\n\r ghi\\\n\\\n\\\rj"");

        // act/assert
        assertToken(p.nextWithLineContinuation(cont, 0), """", 1, 1);
        assertToken(p.nextWithLineContinuation(cont, 5), ""a\\bcd"", 1, 1);
        assertToken(p.nextWithLineContinuation(cont, 3), ""ef\r"", 1, 6);
        assertToken(p.nextWithLineContinuation(cont, 100), "" ghij"", 3, 1);

        assertToken(p.nextWithLineContinuation(cont, 0), null, 6, 2);
        assertToken(p.nextWithLineContinuation(cont, 100), null, 6, 2);
    }",SimpleTextParserTest::testNextWithLineContinuation_lenArg_oe
commons-geometry_297,"@Test
    void testNext_lenArg_invalidArg_oe() {
        // arrange
        final SimpleTextParser p = parser(""abc"");
        p.setMaxStringLength(2);

        // act/assert
        GeometryTestUtils.assertThrowsWithMessage(() -> {
            p.next(-1);
        }, IllegalArgumentException.class, ""Requested string length cannot be negative; was -1"");

        GeometryTestUtils.assertThrowsWithMessage(() -> {
            p.next(3);
        }, IllegalArgumentException.class, ""Requested string length of 3 exceeds maximum value of 2"");
    }",SimpleTextParserTest::testNext_lenArg_invalidArg_oe
commons-geometry_298,"@Test
    void testNext_predicateArg_oe() {
        // arrange
        final SimpleTextParser p = parser(""a\n 012\r\ndef"");

        // act/assert
        assertToken(p.next(c -> false), """", 1, 1);

        assertToken(p.next(Character::isAlphabetic), ""a"", 1, 1);
        assertToken(p.next(Character::isAlphabetic), """", 1, 2);

        assertToken(p.next(Character::isWhitespace), ""\n "", 1, 2);
        assertToken(p.next(Character::isWhitespace), """", 2, 2);

        assertToken(p.next(Character::isDigit), ""012"", 2, 2);
        assertToken(p.next(Character::isDigit), """", 2, 5);

        assertToken(p.next(Character::isWhitespace), ""\r\n"", 2, 5);
        assertToken(p.next(Character::isWhitespace), """", 3, 1);

        assertToken(p.next(c -> true), ""def"", 3, 1);
        assertToken(p.next(c -> true), null, 3, 4);
    }",SimpleTextParserTest::testNext_predicateArg_oe
commons-geometry_299,"@Test
    void testNext_predicateArg_exceedsMaxStringLength_oe() {
        // arrange
        final SimpleTextParser p = parser(""abcdef"");
        p.setMaxStringLength(4);

        // act/assert
        GeometryTestUtils.assertThrowsWithMessage(() -> {
            p.next(c -> !Character.isWhitespace(c));
        }, IllegalStateException.class, ""Parsing failed at line 1, column 1: string length exceeds maximum value of 4"");
    }",SimpleTextParserTest::testNext_predicateArg_exceedsMaxStringLength_oe
commons-geometry_300,"@Test
    void testNextWithLineContinuation_predicateArg_oe() {
        // arrange
        final char cont = '|';
        final SimpleTextParser p = parser(""|\na\n 0|\r\n|\r12\r\nd|ef"");

        // act/assert
        assertToken(p.nextWithLineContinuation(cont, c -> false), """", 1, 1);

        assertToken(p.nextWithLineContinuation(cont, Character::isAlphabetic), ""a"", 2, 1);
        assertToken(p.nextWithLineContinuation(cont, Character::isAlphabetic), """", 2, 2);

        assertToken(p.nextWithLineContinuation(cont, Character::isWhitespace), ""\n "", 2, 2);
        assertToken(p.nextWithLineContinuation(cont, Character::isWhitespace), """", 3, 2);

        assertToken(p.nextWithLineContinuation(cont, Character::isDigit), ""012"", 3, 2);
        assertToken(p.nextWithLineContinuation(cont, Character::isDigit), """", 5, 3);

        assertToken(p.nextWithLineContinuation(cont, Character::isWhitespace), ""\r\n"", 5, 3);
        assertToken(p.nextWithLineContinuation(cont, Character::isWhitespace), """", 6, 1);

        assertToken(p.nextWithLineContinuation(cont, c -> true), ""d|ef"", 6, 1);
        assertToken(p.nextWithLineContinuation(cont, c -> true), null, 6, 5);
    }",SimpleTextParserTest::testNextWithLineContinuation_predicateArg_oe
commons-geometry_301,"@Test
    void testNextLine_oe() {
        // arrange
        final SimpleTextParser p = parser(""a\n 012\r\ndef\n\nx"");

        // act/assert
        assertToken(p.nextLine(), ""a"", 1, 1);

        assertToken(p.nextLine(), "" 012"", 2, 1);

        p.readChar();
        assertToken(p.nextLine(), ""ef"", 3, 2);

        assertToken(p.nextLine(), """", 4, 1);

        assertToken(p.nextLine(), ""x"", 5, 1);
        assertToken(p.nextLine(), null, 5, 2);
    }",SimpleTextParserTest::testNextLine_oe
commons-geometry_302,"@Test
    void testNextAlphanumeric_oe() {
        // arrange
        final SimpleTextParser p = parser(""a10Fd;X23456789-0\ny"");

        // act/assert
        assertToken(p.nextAlphanumeric(), ""a10Fd"", 1, 1);

        assertChar(';', p.readChar());
        assertToken(p.nextAlphanumeric(), ""X23456789"", 1, 7);

        assertChar('-', p.readChar());
        assertToken(p.nextAlphanumeric(), ""0"", 1, 17);

        assertToken(p.nextAlphanumeric(), """", 1, 18);

        assertChar('\n', p.readChar());
        assertToken(p.nextAlphanumeric(), ""y"", 2, 1);

        assertToken(p.nextAlphanumeric(), null, 2, 2);
    }",SimpleTextParserTest::testNextAlphanumeric_oe
commons-geometry_303,"@Test
    void testDiscard_lenArg_oe() {
        // arrange
        final SimpleTextParser p = parser(""\na,b c\r\n12.3\rdef\n"");

        // act/assert
        p.discard(0);
        assertChar('\n', p.peekChar());
        assertPosition(p, 1, 1);

        p.discard(1);
        assertChar('a', p.peekChar());
        assertPosition(p, 2, 1);

        p.discard(8);
        assertChar('2', p.peekChar());
        assertPosition(p, 3, 2);

        p.discard(100);
        assertChar(EOF, p.peekChar());
        assertPosition(p, 5, 1);

        p.discard(0);
        assertChar(EOF, p.peekChar());
        assertPosition(p, 5, 1);

        p.discard(100);
        assertChar(EOF, p.peekChar());
        assertPosition(p, 5, 1);
    }",SimpleTextParserTest::testDiscard_lenArg_oe
commons-geometry_304,"@Test
    void testDiscardWithLineContinuation_lenArg_oe() {
        // arrange
        final char cont = '|';
        final SimpleTextParser p = parser(""\n|a|\r\n,b|\n|\r c\r\n12.3\rdef\n"");

        // act/assert
        p.discardWithLineContinuation(cont, 0);
        assertChar('\n', p.peekChar());
        assertPosition(p, 1, 1);

        p.discardWithLineContinuation(cont, 1);
        assertChar('|', p.peekChar());
        assertPosition(p, 2, 1);

        p.discardWithLineContinuation(cont, 8);
        assertChar('1', p.peekChar());
        assertPosition(p, 6, 1);

        p.discardWithLineContinuation(cont, 100);
        assertChar(EOF, p.peekChar());
        assertPosition(p, 8, 1);

        p.discardWithLineContinuation(cont, 0);
        assertChar(EOF, p.peekChar());
        assertPosition(p, 8, 1);

        p.discardWithLineContinuation(cont, 100);
        assertChar(EOF, p.peekChar());
        assertPosition(p, 8, 1);
    }",SimpleTextParserTest::testDiscardWithLineContinuation_lenArg_oe
commons-geometry_305,"@Test
    void testDiscard_predicateArg_oe() {
        // arrange
        final SimpleTextParser p = parser(""\na,b c\r\n12.3\rdef\n"");

        // act/assert
        p.discard(c -> Character.isWhitespace(c));
        assertChar('a', p.peekChar());
        assertPosition(p, 2, 1);

        p.discard(c -> !Character.isWhitespace(c));
        assertChar(' ', p.peekChar());
        assertPosition(p, 2, 4);

        p.discard(c -> Character.isDigit(c)); // should not advance
        assertChar(' ', p.peekChar());
        assertPosition(p, 2, 4);

        p.discard(c -> Character.isWhitespace(c));
        assertChar('c', p.peekChar());
        assertPosition(p, 2, 5);

        p.discard(c -> c != 'd');
        assertChar('d', p.peekChar());
        assertPosition(p, 4, 1);

        p.discard(c -> true);
        assertChar(EOF, p.peekChar());
        assertPosition(p, 5, 1);

        p.discard(c -> true);
        assertChar(EOF, p.peekChar());
        assertPosition(p, 5, 1);
    }",SimpleTextParserTest::testDiscard_predicateArg_oe
commons-geometry_306,"@Test
    void testDiscardWithLineContinuation_predicateArg_oe() {
        // arrange
        final char cont = '|';
        final SimpleTextParser p = parser(""\na,|\r\nb |c\r\n1|\r|\n2.3\rdef\n"");

        // act/assert
        p.discardWithLineContinuation(cont, c -> Character.isWhitespace(c));
        assertChar('a', p.peekChar());
        assertPosition(p, 2, 1);

        p.discardWithLineContinuation(cont, c -> !Character.isWhitespace(c));
        assertChar(' ', p.peekChar());
        assertPosition(p, 3, 2);

        p.discardWithLineContinuation(cont, c -> Character.isDigit(c)); // should not advance
        assertChar(' ', p.peekChar());
        assertPosition(p, 3, 2);

        p.discardWithLineContinuation(cont, c -> Character.isWhitespace(c));
        assertChar('|', p.peekChar());
        assertPosition(p, 3, 3);

        p.discardWithLineContinuation(cont, c -> c != 'd');
        assertChar('d', p.peekChar());
        assertPosition(p, 7, 1);

        p.discardWithLineContinuation(cont, c -> true);
        assertChar(EOF, p.peekChar());
        assertPosition(p, 8, 1);

        p.discardWithLineContinuation(cont, c -> true);
        assertChar(EOF, p.peekChar());
        assertPosition(p, 8, 1);
    }",SimpleTextParserTest::testDiscardWithLineContinuation_predicateArg_oe
commons-geometry_307,"@Test
    void testDiscardWhitespace_oe() {
        // arrange
        final SimpleTextParser p = parser(""a\t\n\r\n   b c"");

        // act/assert
        p.discardWhitespace();
        assertPosition(p, 1, 1);
        assertChar('a', p.readChar());

        p.discardWhitespace();
        assertPosition(p, 3, 4);
        assertChar('b', p.readChar());

        p.discardWhitespace();
        assertPosition(p, 3, 6);
        assertChar('c', p.readChar());

        p.discardWhitespace();
        assertPosition(p, 3, 7);
        assertChar(EOF, p.readChar());
    }",SimpleTextParserTest::testDiscardWhitespace_oe
commons-geometry_308,"@Test
    void testDiscardLineWhitespace_oe() {
        // arrange
        final SimpleTextParser p = parser(""a\t\n\r\n   b c"");

        // act/assert
        p.discardLineWhitespace();
        assertPosition(p, 1, 1);
        assertChar('a', p.readChar());

        p.discardLineWhitespace();
        assertPosition(p, 1, 3);
        assertChar('\n', p.peekChar());

        p.discardLineWhitespace();
        assertPosition(p, 1, 3);
        assertChar('\n', p.readChar());

        p.discardLineWhitespace();
        assertPosition(p, 2, 1);
        assertChar('\r', p.readChar());

        p.discardLineWhitespace();
        assertPosition(p, 2, 2);
        assertChar('\n', p.readChar());

        p.discardLineWhitespace();
        assertPosition(p, 3, 4);
        assertChar('b', p.readChar());

        p.discardLineWhitespace();
        assertPosition(p, 3, 6);
        assertChar('c', p.readChar());

        p.discardLineWhitespace();
        assertPosition(p, 3, 7);
        assertChar(EOF, p.readChar());
    }",SimpleTextParserTest::testDiscardLineWhitespace_oe
commons-geometry_309,"@Test
    void testDiscardNewLineSequence_oe() {
        // arrange
        final SimpleTextParser p = parser(""a\t\n\r\n   b\rc"");

        // act/assert
        p.discardNewLineSequence();
        assertPosition(p, 1, 1);
        assertChar('a', p.readChar());

        p.discardLineWhitespace();

        p.discardNewLineSequence();
        assertPosition(p, 2, 1);
        assertChar('\r', p.readChar());

        p.discardNewLineSequence();
        assertPosition(p, 3, 1);
        assertChar(' ', p.readChar());

        p.discardWhitespace();

        p.discardNewLineSequence();
        assertPosition(p, 3, 4);
        assertChar('b', p.readChar());

        p.discardNewLineSequence();
        assertPosition(p, 4, 1);
        assertChar('c', p.readChar());

        p.discardNewLineSequence();
        assertPosition(p, 4, 2);
        assertChar(EOF, p.readChar());
    }",SimpleTextParserTest::testDiscardNewLineSequence_oe
commons-geometry_310,"@Test
    void testDiscardLine_oe() {
        // arrange
        final SimpleTextParser p = parser(""a\t\n\r\n   b c"");

        // act/assert
        p.discardLine();
        assertChar('\r', p.peekChar());
        assertPosition(p, 2, 1);

        p.discardLine();
        assertChar(' ', p.peekChar());
        assertPosition(p, 3, 1);

        p.discardLine();
        assertPosition(p, 3, 7);
        assertChar(EOF, p.peekChar());

        p.discardLine();
        assertPosition(p, 3, 7);
        assertChar(EOF, p.peekChar());
    }",SimpleTextParserTest::testDiscardLine_oe
commons-geometry_311,"@Test
    void testPeek_lenArg_oe() {
        // arrange
        final SimpleTextParser p = parser(""abcdef\r\n\r ghi"");

        // act/assert
        Assertions.assertEquals("""", p.peek(0));
        assertPosition(p, 1, 1);

        Assertions.assertEquals("""", p.peek(0));
        assertPosition(p, 1, 1);

        p.readChar();

        Assertions.assertEquals(""bcde"", p.peek(4));
        assertPosition(p, 1, 2);

        Assertions.assertEquals(""bcdef\r"", p.peek(6));
        assertPosition(p, 1, 2);

        Assertions.assertEquals(""bcdef\r\n\r ghi"", p.peek(100));
        assertPosition(p, 1, 2);

        assertChar('b', p.readChar());

        p.discard(c -> true);

        Assertions.assertNull(p.peek(0));
        Assertions.assertNull(p.peek(100));
    }",SimpleTextParserTest::testPeek_lenArg_oe
commons-geometry_312,"@Test
    void testPeek_lenArg_invalidArg_oe() {
        // arrange
        final SimpleTextParser p = parser(""abcdef"");
        p.setMaxStringLength(4);

        // act/assert
        GeometryTestUtils.assertThrowsWithMessage(() -> {
            p.peek(-1);
        }, IllegalArgumentException.class, ""Requested string length cannot be negative; was -1"");

        GeometryTestUtils.assertThrowsWithMessage(() -> {
            p.peek(6);
        }, IllegalArgumentException.class, ""Requested string length of 6 exceeds maximum value of 4"");
    }",SimpleTextParserTest::testPeek_lenArg_invalidArg_oe
commons-geometry_313,"@Test
    void testPeek_predicateArg_oe() {
        // arrange
        final SimpleTextParser p = parser(""abcdef\r\n\r ghi"");

        // act/assert
        Assertions.assertEquals("""", p.peek(c -> false));
        assertPosition(p, 1, 1);

        p.readChar();

        Assertions.assertEquals(""bcdef"", p.peek(SimpleTextParser::isAlphanumeric));
        assertPosition(p, 1, 2);

        Assertions.assertEquals(""bcdef\r\n\r ghi"", p.peek(c -> true));
        assertPosition(p, 1, 2);

        assertChar('b', p.readChar());

        p.discard(c -> true);

        Assertions.assertNull(p.peek(c -> true));
        Assertions.assertNull(p.peek(c -> false));
    }",SimpleTextParserTest::testPeek_predicateArg_oe
commons-geometry_314,"@Test
    void testPeek_predicateArg_exceedsMaxStringLength_oe() {
        // arrange
        final SimpleTextParser p = parser(""\n  abcdefg"");
        p.setMaxStringLength(4);
        p.discardLine()
            .discard(SimpleTextParser::isWhitespace);

        // act/assert
        GeometryTestUtils.assertThrowsWithMessage(() -> {
            p.peek(SimpleTextParser::isNotWhitespace);
        }, IllegalStateException.class, ""Parsing failed at line 2, column 3: string length exceeds maximum value of 4"");
    }",SimpleTextParserTest::testPeek_predicateArg_exceedsMaxStringLength_oe
commons-geometry_315,"@Test
    void testMatch_oe() {
        // arrange
        final SimpleTextParser p = parser(""abcdef"");

        // act/assert
        p.next(1)
            .match(""a"")
            .next(100)
            .match(""bcdef"");

        Assertions.assertFalse(p.hasMoreCharacters());
    }",SimpleTextParserTest::testMatch_oe
commons-geometry_316,"@Test
    void testMatch_failure_oe() {
        // arrange
        final SimpleTextParser p = parser(""abcdef"");

        // act/assert
        GeometryTestUtils.assertThrowsWithMessage(() -> {
            p.match(""empty"");
        }, IllegalStateException.class, ""No token has been read from the character stream"");

        p.next(1);
        GeometryTestUtils.assertThrowsWithMessage(() -> {
            p.match(""b"");
        }, IllegalStateException.class, ""Parsing failed at line 1, column 1: expected [b] but found [a]"");

        GeometryTestUtils.assertThrowsWithMessage(() -> {
            p.match(""A"");
        }, IllegalStateException.class, ""Parsing failed at line 1, column 1: expected [A] but found [a]"");

        GeometryTestUtils.assertThrowsWithMessage(() -> {
            p.match(null);
        }, IllegalStateException.class, ""Parsing failed at line 1, column 1: expected [null] but found [a]"");
    }",SimpleTextParserTest::testMatch_failure_oe
commons-geometry_317,"@Test
    void testMatch_ignoreCase_oe() {
        // arrange
        final SimpleTextParser p = parser(""abcdef"");

        // act/assert
        p.next(1)
            .matchIgnoreCase(""A"")
            .next(100)
            .matchIgnoreCase(""BcdEF"");

        Assertions.assertFalse(p.hasMoreCharacters());
    }",SimpleTextParserTest::testMatch_ignoreCase_oe
commons-geometry_318,"@Test
    void testMatchIgnoreCase_failure_oe() {
        // arrange
        final SimpleTextParser p = parser(""abcdef"");

        // act/assert
        GeometryTestUtils.assertThrowsWithMessage(() -> {
            p.matchIgnoreCase(""empty"");
        }, IllegalStateException.class, ""No token has been read from the character stream"");

        p.next(1);
        GeometryTestUtils.assertThrowsWithMessage(() -> {
            p.matchIgnoreCase(""b"");
        }, IllegalStateException.class, ""Parsing failed at line 1, column 1: expected [b] but found [a]"");

        GeometryTestUtils.assertThrowsWithMessage(() -> {
            p.match(null);
        }, IllegalStateException.class, ""Parsing failed at line 1, column 1: expected [null] but found [a]"");
    }",SimpleTextParserTest::testMatchIgnoreCase_failure_oe
commons-geometry_319,"@Test
    void testTryMatch_oe() {
        // arrange
        final SimpleTextParser p = parser(""abc"");

        // act/assert
        p.next(3);

        Assertions.assertTrue(p.tryMatch(""abc""));

        Assertions.assertFalse(p.tryMatch(""ab""));
        Assertions.assertFalse(p.tryMatch(""""));
        Assertions.assertFalse(p.tryMatch(null));

        Assertions.assertFalse(p.tryMatch(""ABC""));
        Assertions.assertFalse(p.tryMatch(""aBc""));

        p.next(1);
        Assertions.assertTrue(p.tryMatch(null));
    }",SimpleTextParserTest::testTryMatch_oe
commons-geometry_320,"@Test
    void testTryMatch_noToken_oe() {
        // arrange
        final SimpleTextParser p = parser(""abcdef"");

        // act/assert
        GeometryTestUtils.assertThrowsWithMessage(() -> {
            p.tryMatch(""empty"");
        }, IllegalStateException.class, ""No token has been read from the character stream"");
    }",SimpleTextParserTest::testTryMatch_noToken_oe
commons-geometry_321,"@Test
    void testTryMatchIgnoreCase_oe() {
        // arrange
        final SimpleTextParser p = parser(""abc"");

        // act/assert
        p.next(3);

        Assertions.assertTrue(p.tryMatchIgnoreCase(""abc""));
        Assertions.assertTrue(p.tryMatchIgnoreCase(""ABC""));
        Assertions.assertTrue(p.tryMatchIgnoreCase(""aBc""));

        Assertions.assertFalse(p.tryMatch(""ab""));
        Assertions.assertFalse(p.tryMatch(""""));
        Assertions.assertFalse(p.tryMatch(null));

        p.next(1);
        Assertions.assertTrue(p.tryMatch(null));
    }",SimpleTextParserTest::testTryMatchIgnoreCase_oe
commons-geometry_322,"@Test
    void testTryMatchIgnoreCase_noToken_oe() {
        // arrange
        final SimpleTextParser p = parser(""abcdef"");

        // act/assert
        GeometryTestUtils.assertThrowsWithMessage(() -> {
            p.tryMatchIgnoreCase(""empty"");
        }, IllegalStateException.class, ""No token has been read from the character stream"");
    }",SimpleTextParserTest::testTryMatchIgnoreCase_noToken_oe
commons-geometry_323,"@Test
    void testChoose_oe() {
        // arrange
        final SimpleTextParser p = parser(""abc"");

        // act/assert
        p.next(1);

        Assertions.assertEquals(0, p.choose(""a""));

        Assertions.assertEquals(0, p.choose(""a"", ""b"", ""c""));
        Assertions.assertEquals(2, p.choose(""c"", ""b"", ""a""));

        p.next(1);

        Assertions.assertEquals(0, p.choose(""b""));

        Assertions.assertEquals(1, p.choose(""a"", ""b"", ""c""));
        Assertions.assertEquals(1, p.choose(""c"", ""b"", ""a""));
    }",SimpleTextParserTest::testChoose_oe
commons-geometry_324,"@Test
    void testChoose_failure_oe() {
        // arrange
        final SimpleTextParser p = parser(""abc"");

        // act/assert
        GeometryTestUtils.assertThrowsWithMessage(() -> {
            p.choose(""X"");
        }, IllegalStateException.class, ""No token has been read from the character stream"");

        p.next(1);
        GeometryTestUtils.assertThrowsWithMessage(() -> {
            p.choose(""X"");
        }, IllegalStateException.class, ""Parsing failed at line 1, column 1: expected one of [X] but found [a]"");

        GeometryTestUtils.assertThrowsWithMessage(() -> {
            p.choose(""X"", ""Y"", ""Z"");
        }, IllegalStateException.class, ""Parsing failed at line 1, column 1: expected one of [X, Y, Z] but found [a]"");

        GeometryTestUtils.assertThrowsWithMessage(() -> {
            p.choose(""A"");
        }, IllegalStateException.class, ""Parsing failed at line 1, column 1: expected one of [A] but found [a]"");

        GeometryTestUtils.assertThrowsWithMessage(() -> {
            p.choose();
        }, IllegalStateException.class, ""Parsing failed at line 1, column 1: expected one of [] but found [a]"");
    }",SimpleTextParserTest::testChoose_failure_oe
commons-geometry_325,"@Test
    void testChooseIgnoreCase_oe() {
        // arrange
        final SimpleTextParser p = parser(""abc"");

        // act/assert
        p.next(1);

        Assertions.assertEquals(0, p.chooseIgnoreCase(""A""));

        Assertions.assertEquals(0, p.chooseIgnoreCase(""A"", ""b"", ""C""));
        Assertions.assertEquals(2, p.chooseIgnoreCase(""C"", ""b"", ""A""));

        p.next(1);

        Assertions.assertEquals(0, p.chooseIgnoreCase(""b""));

        Assertions.assertEquals(1, p.chooseIgnoreCase(""A"", ""b"", ""C""));
        Assertions.assertEquals(1, p.chooseIgnoreCase(""C"", ""b"", ""A""));
    }",SimpleTextParserTest::testChooseIgnoreCase_oe
commons-geometry_326,"@Test
    void testChooseIgnoreCase_failure_oe() {
        // arrange
        final SimpleTextParser p = parser(""abc"");

        // act/assert
        GeometryTestUtils.assertThrowsWithMessage(() -> {
            p.chooseIgnoreCase(""X"");
        }, IllegalStateException.class, ""No token has been read from the character stream"");

        p.next(1);
        GeometryTestUtils.assertThrowsWithMessage(() -> {
            p.chooseIgnoreCase(""X"");
        }, IllegalStateException.class, ""Parsing failed at line 1, column 1: expected one of [X] but found [a]"");

        GeometryTestUtils.assertThrowsWithMessage(() -> {
            p.chooseIgnoreCase(""X"", ""Y"", ""Z"");
        }, IllegalStateException.class, ""Parsing failed at line 1, column 1: expected one of [X, Y, Z] but found [a]"");

        GeometryTestUtils.assertThrowsWithMessage(() -> {
            p.chooseIgnoreCase();
        }, IllegalStateException.class, ""Parsing failed at line 1, column 1: expected one of [] but found [a]"");
    }",SimpleTextParserTest::testChooseIgnoreCase_failure_oe
commons-geometry_327,"@Test
    void testTryChoose_oe() {
        // arrange
        final SimpleTextParser p = parser(""abc"");

        // act/assert
        p.next(1);

        Assertions.assertEquals(0, p.tryChoose(""a""));

        Assertions.assertEquals(0, p.tryChoose(""a"", ""b"", ""c""));
        Assertions.assertEquals(2, p.tryChoose(""c"", ""b"", ""a""));

        p.next(1);

        Assertions.assertEquals(0, p.tryChoose(""b""));

        Assertions.assertEquals(1, p.tryChoose(""a"", ""b"", ""c""));
        Assertions.assertEquals(1, p.tryChoose(""c"", ""b"", ""a""));

        Assertions.assertEquals(-1, p.tryChoose(""A"", ""B"", ""C""));
        Assertions.assertEquals(-1, p.tryChoose());
        Assertions.assertEquals(-1, p.tryChoose((String) null));
    }",SimpleTextParserTest::testTryChoose_oe
commons-geometry_328,"@Test
    void testTryChoose_noToken_oe() {
        // arrange
        final SimpleTextParser p = parser(""abcdef"");

        // act/assert
        GeometryTestUtils.assertThrowsWithMessage(() -> {
            p.tryChoose(""X"");
        }, IllegalStateException.class, ""No token has been read from the character stream"");
    }",SimpleTextParserTest::testTryChoose_noToken_oe
commons-geometry_329,"@Test
    void testTryChooseIgnoreCase_oe() {
        // arrange
        final SimpleTextParser p = parser(""abc"");

        // act/assert
        p.next(1);

        Assertions.assertEquals(0, p.tryChooseIgnoreCase(""a""));

        Assertions.assertEquals(0, p.tryChooseIgnoreCase(""A"", ""B"", ""C""));
        Assertions.assertEquals(2, p.tryChooseIgnoreCase(""C"", ""b"", ""A""));

        p.next(1);

        Assertions.assertEquals(0, p.tryChooseIgnoreCase(""B""));

        Assertions.assertEquals(1, p.tryChooseIgnoreCase(""a"", ""B"", ""c""));
        Assertions.assertEquals(1, p.tryChooseIgnoreCase(""c"", ""b"", ""a""));

        Assertions.assertEquals(-1, p.tryChooseIgnoreCase(""X"", ""Y"", ""Z""));
        Assertions.assertEquals(-1, p.tryChooseIgnoreCase());
        Assertions.assertEquals(-1, p.tryChooseIgnoreCase((String) null));
    }",SimpleTextParserTest::testTryChooseIgnoreCase_oe
commons-geometry_330,"@Test
    void testTryChooseIgnoreCase_noToken_oe() {
        // arrange
        final SimpleTextParser p = parser(""abcdef"");

        // act/assert
        GeometryTestUtils.assertThrowsWithMessage(() -> {
            p.tryChooseIgnoreCase(""X"");
        }, IllegalStateException.class, ""No token has been read from the character stream"");
    }",SimpleTextParserTest::testTryChooseIgnoreCase_noToken_oe
commons-geometry_334,"@Test
    void testTokenError_oe() {
        // arrange
        final SimpleTextParser p = parser(""a\nbc"");
        p.nextLine();
        p.next(1);
        p.readChar();

        // act/assert
        final IllegalStateException exc = p.tokenError(""test message"");

        Assertions.assertEquals(""Parsing failed at line 2, column 1: test message"", exc.getMessage());
        Assertions.assertNull(exc.getCause());
    }",SimpleTextParserTest::testTokenError_oe
commons-geometry_335,"@Test
    void testTokenError_noTokenSet_oe() {
        // arrange
        final SimpleTextParser p = parser(""ab\nc"");
        p.readChar();

        // act/assert
        final IllegalStateException exc = p.tokenError(""test message"");

        Assertions.assertEquals(""Parsing failed at line 1, column 2: test message"", exc.getMessage());
        Assertions.assertNull(exc.getCause());
    }",SimpleTextParserTest::testTokenError_noTokenSet_oe
commons-geometry_336,"@Test
    void testTokenError_withCause_oe() {
        // arrange
        SimpleTextParser p = parser(""a\nbc"");
        p.nextLine();
        p.next(1);
        p.readChar();

        final Exception cause = new Exception(""test"");

        // act/assert
        final IllegalStateException exc = p.tokenError(""test message"", cause);

        Assertions.assertEquals(""Parsing failed at line 2, column 1: test message"", exc.getMessage());
        Assertions.assertSame(cause, exc.getCause());
    }",SimpleTextParserTest::testTokenError_withCause_oe
commons-geometry_337,"@Test
    void testParseError_currentLineCol_oe() {
        // arrange
        final SimpleTextParser p = parser(""a\nbc"");
        p.discard(ch -> ch != 'b');

        // act
        final IllegalStateException exc = p.parseError(""test message"");

        Assertions.assertEquals(""Parsing failed at line 2, column 1: test message"", exc.getMessage());
        Assertions.assertNull(exc.getCause());
    }",SimpleTextParserTest::testParseError_currentLineCol_oe
commons-geometry_338,"@Test
    void testParseError_currentLineCol_withCause_oe() {
        // arrange
        final SimpleTextParser p = parser(""abc"");
        p.readChar();
        final Exception cause = new Exception(""test"");

        // act
        final IllegalStateException exc = p.parseError(""test message"", cause);

        Assertions.assertEquals(""Parsing failed at line 1, column 2: test message"", exc.getMessage());
        Assertions.assertSame(cause, exc.getCause());
    }",SimpleTextParserTest::testParseError_currentLineCol_withCause_oe
commons-geometry_339,"@Test
    void testParseError_givenLineCol_oe() {
        // arrange
        final SimpleTextParser p = parser(""abc"");

        // act
        final IllegalStateException exc = p.parseError(5, 6, ""test message"");

        Assertions.assertEquals(""Parsing failed at line 5, column 6: test message"", exc.getMessage());
        Assertions.assertNull(exc.getCause());
    }",SimpleTextParserTest::testParseError_givenLineCol_oe
commons-geometry_340,"@Test
    void testParseError_givenLineCol_withCause_oe() {
        // arrange
        final SimpleTextParser p = parser(""abc"");
        final Exception cause = new Exception(""test"");

        // act
        final IllegalStateException exc = p.parseError(5, 6, ""test message"", cause);

        Assertions.assertEquals(""Parsing failed at line 5, column 6: test message"", exc.getMessage());
        Assertions.assertSame(cause, exc.getCause());
    }",SimpleTextParserTest::testParseError_givenLineCol_withCause_oe
commons-geometry_341,"@Test
    void testCharacterPredicates_oe() {
        // act/assert
        assertMatchesAll(SimpleTextParser::isWhitespace, "" \t\n\r"");
        assertDoesNotMatchAny(SimpleTextParser::isWhitespace, ""abcABC<>,./?:;'\""[]{}`~!@#$%^&*()_+-="");

        assertMatchesAll(SimpleTextParser::isNotWhitespace, ""abcABC<>,./?:;'\""[]{}`~!@#$%^&*()_+-="");
        assertDoesNotMatchAny(SimpleTextParser::isNotWhitespace, "" \t\n\r"");

        assertMatchesAll(SimpleTextParser::isLineWhitespace, "" \t"");
        assertDoesNotMatchAny(SimpleTextParser::isLineWhitespace, ""\n\rabcABC<>,./?:;'\""[]{}`~!@#$%^&*()_+-="");

        assertMatchesAll(SimpleTextParser::isNewLinePart, ""\n\r"");
        assertDoesNotMatchAny(SimpleTextParser::isNewLinePart, "" \tabcABC<>,./?:;'\""[]{}`~!@#$%^&*()_+-="");

        assertMatchesAll(SimpleTextParser::isNotNewLinePart, "" \tabcABC<>,./?:;'\""[]{}`~!@#$%^&*()_+-="");
        assertDoesNotMatchAny(SimpleTextParser::isNotNewLinePart, ""\n\r"");

        assertMatchesAll(SimpleTextParser::isAlphanumeric, ""abcdefghijklmnopqrstuvwxyzABCDEFGHIJKLMNOPQRSTUVWXYZ0123456789"");
        assertDoesNotMatchAny(SimpleTextParser::isAlphanumeric, "" \t\n\r./?:;'\\\""[]{}`~!@#$%^&*()_+-="");

        assertMatchesAll(SimpleTextParser::isNotAlphanumeric, "" \t\n\r./?:;'\\\""[]{}`~!@#$%^&*()_+-="");
        assertDoesNotMatchAny(SimpleTextParser::isNotAlphanumeric, ""abcdefghijklmnopqrstuvwxyzABCDEFGHIJKLMNOPQRSTUVWXYZ0123456789"");

        assertMatchesAll(SimpleTextParser::isIntegerPart, ""0123456789+-"");
        assertDoesNotMatchAny(SimpleTextParser::isIntegerPart, "" \t\n\r./?:;'\\\""[]{}`~!@#$%^&*()_=abcdeABCDE"");

        assertMatchesAll(SimpleTextParser::isDecimalPart, ""0123456789+-.eE"");
        assertDoesNotMatchAny(SimpleTextParser::isDecimalPart, "" \t\n\r/?:;'\\\""[]{}`~!@#$%^&*()_=abcdABCD"");
    }",SimpleTextParserTest::testCharacterPredicates_oe
commons-geometry_342,"@Test
    void testGetFileName_path_oe() {
        // act/assert
        Assertions.assertNull(GeometryIOUtils.getFileName((Path) null));
        Assertions.assertNull(GeometryIOUtils.getFileName(Paths.get("""")));

        Assertions.assertEquals(""myfile"", GeometryIOUtils.getFileName(Paths.get(""myfile"")));
        Assertions.assertEquals(""myfile.txt"", GeometryIOUtils.getFileName(Paths.get(""path/to/myfile.txt"")));
    }",GeometryIOUtilsTest::testGetFileName_path_oe
commons-geometry_343,"@Test
    void testGetFileName_url_oe() throws MalformedURLException {
        // act/assert
        Assertions.assertNull(GeometryIOUtils.getFileName((URL) null));
        Assertions.assertNull(GeometryIOUtils.getFileName(new URL(""http://test.com/"")));

        Assertions.assertEquals(""myfile.txt"",GeometryIOUtils.getFileName(new URL(""http://test.com/myfile.txt?a=otherfile.txt"")));
    }",GeometryIOUtilsTest::testGetFileName_url_oe
commons-geometry_344,"@Test
    void testGetFileName_string_oe() {
        // act/assert
        Assertions.assertNull(GeometryIOUtils.getFileName((String) null));
        Assertions.assertNull(GeometryIOUtils.getFileName(""""));
        Assertions.assertNull(GeometryIOUtils.getFileName(""some/path/""));
        Assertions.assertNull(GeometryIOUtils.getFileName(""some\\path\\""));

        Assertions.assertEquals(""myfile"", GeometryIOUtils.getFileName(""myfile""));
        Assertions.assertEquals(""myfile.txt"", GeometryIOUtils.getFileName(Paths.get(""path/to/myfile.txt"")));
        Assertions.assertEquals(""myfile.txt"", GeometryIOUtils.getFileName(Paths.get(""/myfile.txt"")));
        Assertions.assertEquals(""myfile.txt"", GeometryIOUtils.getFileName(Paths.get(""path\\to\\myfile.txt"")));
        Assertions.assertEquals(""myfile.txt"", GeometryIOUtils.getFileName(Paths.get(""C:\\myfile.txt"")));
    }",GeometryIOUtilsTest::testGetFileName_string_oe
commons-geometry_345,"@Test
    void testGetFileExtension_oe() {
        // act/assert
        Assertions.assertEquals(null, GeometryIOUtils.getFileExtension(null));
        Assertions.assertEquals("""", GeometryIOUtils.getFileExtension(""""));
        Assertions.assertEquals("""", GeometryIOUtils.getFileExtension(""abc""));
        Assertions.assertEquals("""", GeometryIOUtils.getFileExtension(""abc.""));
        Assertions.assertEquals(""txt"", GeometryIOUtils.getFileExtension(""abc.txt""));
        Assertions.assertEquals(""X"", GeometryIOUtils.getFileExtension(""/a/b/c.X""));
        Assertions.assertEquals(""jpg"", GeometryIOUtils.getFileExtension(""/a/b/c.d.jpg""));
    }",GeometryIOUtilsTest::testGetFileExtension_oe
commons-geometry_346,"@Test
    void testCreateBufferedWriter_givenCharset_oe() throws IOException {
        // arrange
        final ByteArrayOutputStream bytes = new ByteArrayOutputStream();
        final GeometryOutput output = new StreamGeometryOutput(bytes, null, StandardCharsets.UTF_8);

        // act
        final BufferedWriter writer = GeometryIOUtils.createBufferedWriter(output, StandardCharsets.ISO_8859_1);
        writer.append('\u00fc');
        writer.flush();

        // assert
        Assertions.assertEquals(""\u00fc"", new String(bytes.toByteArray(), StandardCharsets.UTF_8));
    }",GeometryIOUtilsTest::testCreateBufferedWriter_givenCharset_oe
commons-geometry_347,"@Test
    void testCreateBufferedWriter_defaultCharset_oe() throws IOException {
        // arrange
        final ByteArrayOutputStream bytes = new ByteArrayOutputStream();
        final GeometryOutput output = new StreamGeometryOutput(bytes);

        // act
        final BufferedWriter writer = GeometryIOUtils.createBufferedWriter(output, StandardCharsets.ISO_8859_1);
        writer.append('\u00fc');
        writer.flush();

        // assert
        Assertions.assertEquals(""\u00fc"", new String(bytes.toByteArray(), StandardCharsets.ISO_8859_1));
    }",GeometryIOUtilsTest::testCreateBufferedWriter_defaultCharset_oe
commons-geometry_348,"@Test
    void testCreateBufferedReader_givenCharset_oe() throws IOException {
        // arrange
        final byte[] bytes = ""\u00fc"".getBytes(StandardCharsets.UTF_8);
        final GeometryInput input = new StreamGeometryInput(
                new ByteArrayInputStream(bytes), null, StandardCharsets.UTF_8);

        // act
        final BufferedReader reader = GeometryIOUtils.createBufferedReader(input, StandardCharsets.ISO_8859_1);

        // assert
        Assertions.assertEquals(""\u00fc"", reader.readLine());
    }",GeometryIOUtilsTest::testCreateBufferedReader_givenCharset_oe
commons-geometry_349,"@Test
    void testCreateBufferedReader_defaultCharset_oe() throws IOException {
        // arrange
        final byte[] bytes = ""\u00fc"".getBytes(StandardCharsets.UTF_8);
        final GeometryInput input = new StreamGeometryInput(new ByteArrayInputStream(bytes));

        // act
        final BufferedReader reader = GeometryIOUtils.createBufferedReader(input, StandardCharsets.UTF_8);

        // assert
        Assertions.assertEquals(""\u00fc"", reader.readLine());
    }",GeometryIOUtilsTest::testCreateBufferedReader_defaultCharset_oe
commons-geometry_350,"@Test
    void testGetUnchecked_oe() {
        // act
        final Object result = GeometryIOUtils.getUnchecked(() -> ""abc"");

        // assert
        Assertions.assertSame(""abc"", result);
    }",GeometryIOUtilsTest::testGetUnchecked_oe
commons-geometry_351,"@Test
    void testGetUnchecked_failure_oe() {
        // arrange
        final IOSupplier<String> supplier = () -> {
            throw new IOException(""test"");
        };

        // act/assert
        GeometryTestUtils.assertThrowsWithMessage(
                () -> GeometryIOUtils.getUnchecked(supplier),
                UncheckedIOException.class,
                ""IOException: test"");
    }",GeometryIOUtilsTest::testGetUnchecked_failure_oe
commons-geometry_352,"@Test
    void testAcceptUnchecked_oe() {
        // arrange
        final ByteArrayOutputStream out = new ByteArrayOutputStream();
        final byte[] bytes = new byte[] {0, 1};

        // act
        GeometryIOUtils.acceptUnchecked(out::write, bytes);

        // assert
        Assertions.assertArrayEquals(bytes, out.toByteArray());
    }",GeometryIOUtilsTest::testAcceptUnchecked_oe
commons-geometry_353,"@Test
    void testAcceptUnchecked_failure_oe() {
        // arrange
        final IOConsumer<String> consumer = str -> {
            throw new IOException(str);
        };

        // act/assert
        GeometryTestUtils.assertThrowsWithMessage(
                () -> GeometryIOUtils.acceptUnchecked(consumer, ""arg""),
                UncheckedIOException.class,
                ""IOException: arg"");
    }",GeometryIOUtilsTest::testAcceptUnchecked_failure_oe
commons-geometry_354,"@Test
    void testApplyAsIntUnchecked_oe() {
        // arrange
        final ByteArrayInputStream in = new ByteArrayInputStream(new byte[] {0, 1, 2});
        final byte[] bytes = new byte[10];

        // act
        int result = GeometryIOUtils.applyAsIntUnchecked(in::read, bytes);

        // assert
        Assertions.assertEquals(3, result);
        Assertions.assertEquals((byte) 0, bytes[0]);
        Assertions.assertEquals((byte) 1, bytes[1]);
        Assertions.assertEquals((byte) 2, bytes[2]);
    }",GeometryIOUtilsTest::testApplyAsIntUnchecked_oe
commons-geometry_355,"@Test
    void testApplyAsIntUnchecked_failure_oe() {
        // arrange
        final IOToIntFunction<String> consumer = str -> {
            throw new IOException(str);
        };

        // act/assert
        GeometryTestUtils.assertThrowsWithMessage(
                () -> GeometryIOUtils.applyAsIntUnchecked(consumer, ""arg""),
                UncheckedIOException.class,
                ""IOException: arg"");
    }",GeometryIOUtilsTest::testApplyAsIntUnchecked_failure_oe
commons-geometry_356,"@Test
    void testCreateUnchecked_oe() {
        // arrange
        final FileNotFoundException exc = new FileNotFoundException(""test"");

        // act
        final UncheckedIOException result = GeometryIOUtils.createUnchecked(exc);

        // assert
        Assertions.assertEquals(""FileNotFoundException: test"", result.getMessage());
        Assertions.assertSame(exc, result.getCause());
    }",GeometryIOUtilsTest::testCreateUnchecked_oe
commons-geometry_357,"@Test
    void testParseError_noCause_oe() {
        // act
        final IllegalStateException exc = GeometryIOUtils.parseError(""test"");

        // assert
        Assertions.assertEquals(""test"", exc.getMessage());
        Assertions.assertNull(exc.getCause());
    }",GeometryIOUtilsTest::testParseError_noCause_oe
commons-geometry_358,"@Test
    void testParseError_withCause_oe() {
        // arrange
        final Throwable cause = new Throwable(""cause"");

        // act
        final IllegalStateException exc = GeometryIOUtils.parseError(""test"", cause);

        // assert
        Assertions.assertEquals(""test"", exc.getMessage());
        Assertions.assertSame(cause, exc.getCause());
    }",GeometryIOUtilsTest::testParseError_withCause_oe
commons-geometry_359,"@Test
    void testTryApplyCloseable_oe() {
        // arrange
        final CloseCountInputStream in = new CloseCountInputStream(new ByteArrayInputStream(new byte[] {1}));

        // act
        final int result = GeometryIOUtils.tryApplyCloseable(i -> i.read(), () -> in);

        // assert
        Assertions.assertEquals(1, result);
        Assertions.assertEquals(0, in.getCloseCount());
    }",GeometryIOUtilsTest::testTryApplyCloseable_oe
commons-geometry_360,"@Test
    void testTryApplyCloseable_supplierThrows_ioException_oe() {
        // act/assert
        GeometryTestUtils.assertThrowsWithMessage(() -> {
            GeometryIOUtils.tryApplyCloseable(i -> {
                throw new IOException(""fn"");
            }, () -> {
                throw new IOException(""supplier"");
            });
        }, UncheckedIOException.class, ""IOException: supplier"");
    }",GeometryIOUtilsTest::testTryApplyCloseable_supplierThrows_ioException_oe
commons-geometry_361,"@Test
    void testTryApplyCloseable_supplierThrows_runtimeException_oe() {
        // act/assert
        GeometryTestUtils.assertThrowsWithMessage(() -> {
            GeometryIOUtils.tryApplyCloseable(i -> {
                throw new IOException(""fn"");
            }, () -> {
                throw new RuntimeException(""supplier"");
            });
        }, RuntimeException.class, ""supplier"");
    }",GeometryIOUtilsTest::testTryApplyCloseable_supplierThrows_runtimeException_oe
commons-geometry_362,"@Test
    void testTryApplyCloseable_functionThrows_oe() {
        // arrange
        final CloseCountInputStream in = new CloseCountInputStream(new ByteArrayInputStream(new byte[0]));

        // act/assert
        GeometryTestUtils.assertThrowsWithMessage(() -> {
            GeometryIOUtils.tryApplyCloseable(i -> {
                throw new IOException(""fn"");
            }, () -> in);
        }, UncheckedIOException.class, ""IOException: fn"");

        Assertions.assertEquals(1, in.getCloseCount());
    }",GeometryIOUtilsTest::testTryApplyCloseable_functionThrows_oe
commons-geometry_363,"@Test
    void testTryApplyCloseable_functionThrows_inputCloseThrows_oe() {
        // arrange
        final CloseCountInputStream in = new CloseCountInputStream(new CloseFailByteArrayInputStream(new byte[0]));

        // act/assert
        final Throwable thr = Assertions.assertThrows(UncheckedIOException.class, () -> {
            GeometryIOUtils.tryApplyCloseable(i -> {
                throw new IOException(""fn"");
            }, () -> in);
        });

        Assertions.assertEquals(UncheckedIOException.class, thr.getClass());
        Assertions.assertEquals(""close"", thr.getSuppressed()[0].getMessage());

        Assertions.assertEquals(1, in.getCloseCount());
    }",GeometryIOUtilsTest::testTryApplyCloseable_functionThrows_inputCloseThrows_oe
commons-geometry_364,"@Test
    void testCreateCloseableStream_oe() {
        // arrange
        final CloseCountInputStream in = new CloseCountInputStream(new ByteArrayInputStream(new byte[0]));

        // act/assert
        try (Stream<String> stream = GeometryIOUtils.createCloseableStream(i -> Stream.of(""a""), () -> in)) {
            Assertions.assertEquals(Arrays.asList(""a""), stream.collect(Collectors.toList()));
            Assertions.assertEquals(0, in.getCloseCount());
        }

        Assertions.assertEquals(1, in.getCloseCount());
    }",GeometryIOUtilsTest::testCreateCloseableStream_oe
commons-geometry_365,"@Test
    void testCreateCloseableStream_closeThrows_oe() {
        // arrange
        final CloseCountInputStream in = new CloseCountInputStream(new CloseFailByteArrayInputStream(new byte[0]));

        // act/assert
        GeometryTestUtils.assertThrowsWithMessage(
                () -> GeometryIOUtils.createCloseableStream(i -> Stream.of(""a""), () -> in).close(),
                UncheckedIOException.class, ""IOException: close"");
    }",GeometryIOUtilsTest::testCreateCloseableStream_closeThrows_oe
commons-geometry_366,"@Test
    void testCtor_fileOnly_oe() throws IOException {
        // arrange
        final URL url = Paths.get(""some/path/test.txt"").toUri().toURL();

        // act
        final UrlGeometryInput in = new UrlGeometryInput(url);

        // assert
        Assertions.assertEquals(url, in.getUrl());
        Assertions.assertEquals(""test.txt"", in.getFileName());
        Assertions.assertNull(in.getCharset());
    }",UrlGeometryInputTest::testCtor_fileOnly_oe
commons-geometry_367,"@Test
    void testCtor_fileAndCharset_oe() {
        // arrange
        final URL url = getClass().getResource(""/java/lang/String.class"");
        final Charset charset = StandardCharsets.UTF_8;

        // act
        final UrlGeometryInput in = new UrlGeometryInput(url, charset);

        // assert
        Assertions.assertEquals(url, in.getUrl());
        Assertions.assertEquals(""String.class"", in.getFileName());
        Assertions.assertEquals(charset, in.getCharset());
    }",UrlGeometryInputTest::testCtor_fileAndCharset_oe
commons-geometry_368,"@Test
    void testGetInputStream_oe() throws IOException {
        // arrange
        final Path file = tempDir.resolve(""test"");
        final byte[] bytes = ""abc"".getBytes(StandardCharsets.UTF_8);
        Files.write(file, bytes);

        final UrlGeometryInput input = new UrlGeometryInput(file.toUri().toURL());

        // act/assert
        try (InputStream in = input.getInputStream()) {
            Assertions.assertEquals(BufferedInputStream.class, in.getClass());

            final byte[] readBytes = new byte[3];
            in.read(readBytes);

            Assertions.assertArrayEquals(bytes, readBytes);
        }
    }",UrlGeometryInputTest::testGetInputStream_oe
commons-geometry_369,"@Test
    void testToString_oe() throws IOException {
        // arrange
        final UrlGeometryInput in = new UrlGeometryInput(Paths.get(""some/path/test.txt"").toUri().toURL());

        // act
        final String result = in.toString();

        // assert
        Assertions.assertTrue(result.startsWith(""UrlGeometryInput[url= file:""));
    }",UrlGeometryInputTest::testToString_oe
commons-geometry_370,"@Test
    void testCtor_stream_oe() {
        // act
        final StreamGeometryInput in = new StreamGeometryInput(byteStream);

        // assert
        Assertions.assertNull(in.getFileName());
        Assertions.assertNull(in.getCharset());
        Assertions.assertEquals(byteStream, in.getInputStream());
    }",StreamGeometryInputTest::testCtor_stream_oe
commons-geometry_371,"@Test
    void testCtor_streamAndFileName_oe() {
        // act
        final StreamGeometryInput in = new StreamGeometryInput(byteStream, ""test.txt"");

        // assert
        Assertions.assertEquals(""test.txt"", in.getFileName());
        Assertions.assertNull(in.getCharset());
        Assertions.assertEquals(byteStream, in.getInputStream());
    }",StreamGeometryInputTest::testCtor_streamAndFileName_oe
commons-geometry_372,"@Test
    void testCtor_allArgs_oe() {
        // act
        final StreamGeometryInput in = new StreamGeometryInput(byteStream, ""test.txt"", StandardCharsets.UTF_16);

        // assert
        Assertions.assertEquals(""test.txt"", in.getFileName());
        Assertions.assertEquals(StandardCharsets.UTF_16, in.getCharset());
        Assertions.assertEquals(byteStream, in.getInputStream());
    }",StreamGeometryInputTest::testCtor_allArgs_oe
commons-geometry_373,"@Test
    void testToString_oe() {
        // arrange
        final StreamGeometryInput in = new StreamGeometryInput(byteStream, ""abc.txt"");

        // act
        final String result = in.toString();

        // assert
        Assertions.assertEquals(""StreamGeometryInput[fileName= abc.txt]"", result);
    }",StreamGeometryInputTest::testToString_oe
commons-geometry_374,"@Test
    void testCtor_fileOnly_oe() {
        // arrange
        final Path file = Paths.get(""some/path/test.txt"");

        // act
        final FileGeometryInput in = new FileGeometryInput(file);

        // assert
        Assertions.assertEquals(file, in.getFile());
        Assertions.assertEquals(""test.txt"", in.getFileName());
        Assertions.assertNull(in.getCharset());
    }",FileGeometryInputTest::testCtor_fileOnly_oe
commons-geometry_375,"@Test
    void testCtor_fileAndCharset_oe() {
        // arrange
        final Path file = Paths.get(""TEST"");
        final Charset charset = StandardCharsets.UTF_8;

        // act
        final FileGeometryInput in = new FileGeometryInput(file, charset);

        // assert
        Assertions.assertEquals(file, in.getFile());
        Assertions.assertEquals(""TEST"", in.getFileName());
        Assertions.assertEquals(charset, in.getCharset());
    }",FileGeometryInputTest::testCtor_fileAndCharset_oe
commons-geometry_376,"@Test
    void testGetInputStream_oe() throws IOException {
        // arrange
        final Path file = tempDir.resolve(""test"");
        final byte[] bytes = ""abc"".getBytes(StandardCharsets.UTF_8);
        Files.write(file, bytes);

        final FileGeometryInput input = new FileGeometryInput(file);

        // act/assert
        try (InputStream in = input.getInputStream()) {
            Assertions.assertEquals(BufferedInputStream.class, in.getClass());

            final byte[] readBytes = new byte[3];
            in.read(readBytes);

            Assertions.assertArrayEquals(bytes, readBytes);
        }
    }",FileGeometryInputTest::testGetInputStream_oe
commons-geometry_377,"@Test
    void testToString_oe() {
        // arrange
        final FileGeometryInput in = new FileGeometryInput(Paths.get(""some/path/test.txt""));

        // act
        final String result = in.toString();

        // assert
        Assertions.assertEquals(""FileGeometryInput[file= some/path/test.txt]"",result.replaceAll(""\\\\"",""/""));
    }",FileGeometryInputTest::testToString_oe
commons-geometry_378,"@Test
    void testAngularIntervalExample_oe() {
        final Precision.DoubleEquivalence precision = Precision.doubleEquivalenceOfEpsilon(1e-6);

        // create angular intervals of different sizes, one of size pi/2 and one of size 3pi/2
        final AngularInterval a = AngularInterval.of(0, Angle.PI_OVER_TWO, precision);
        final AngularInterval b = AngularInterval.of(Point1S.PI, Point1S.of(Angle.PI_OVER_TWO), precision);

        // test some points
        a.contains(Point1S.of(0.25 * Math.PI)); // true
        b.contains(Point1S.of(0.25 * Math.PI)); // true

        final RegionLocation aLocZero = a.classify(Point1S.ZERO); // RegionLocation.BOUNDARY
        final RegionLocation bLocZero = b.classify(Point1S.ZERO); // RegionLocation.INSIDE

        // -------------------
        Assertions.assertTrue(a.contains(Point1S.of(0.25 * Math.PI)));
        Assertions.assertTrue(b.contains(Point1S.of(0.25 * Math.PI)));

        Assertions.assertEquals(RegionLocation.BOUNDARY, aLocZero);
        Assertions.assertEquals(RegionLocation.INSIDE, bLocZero);
    }",DocumentationExamplesTest::testAngularIntervalExample_oe
commons-geometry_379,"@Test
    void testRegionBSPTree1SExample_oe() {
        final Precision.DoubleEquivalence precision = Precision.doubleEquivalenceOfEpsilon(1e-6);

        // create a region from the union of multiple angular intervals
        final RegionBSPTree1S tree = RegionBSPTree1S.empty();
        tree.add(AngularInterval.of(0, 0.25 * Math.PI, precision));
        tree.add(AngularInterval.of(0.5 * Math.PI, Math.PI, precision));
        tree.add(AngularInterval.of(0.75 * Math.PI, 1.5 * Math.PI, precision));

        // compute the region size in radians
        final double size = tree.getSize(); // 1.25pi

        // convert back to intervals
        final List<AngularInterval> intervals = tree.toIntervals(); //size = 2

        // ---------------
        Assertions.assertEquals(1.25 * Math.PI, size, TEST_EPS);
        Assertions.assertEquals(2, intervals.size());
    }",DocumentationExamplesTest::testRegionBSPTree1SExample_oe
commons-geometry_380,"@Test
    void testGreatCircleIntersectionExample_oe() {
        final Precision.DoubleEquivalence precision = Precision.doubleEquivalenceOfEpsilon(1e-6);

        // create two great circles
        final GreatCircle a = GreatCircles.fromPoints(Point2S.PLUS_I, Point2S.PLUS_K, precision);
        final GreatCircle b = GreatCircles.fromPole(Vector3D.Unit.PLUS_Z, precision);

        // find the two intersection points of the great circles
        final Point2S ptA = a.intersection(b); //(pi, pi/2)
        final Point2S ptB = ptA.antipodal(); // (0, pi/2)

        // ----------------------
        SphericalTestUtils.assertPointsEq(Point2S.MINUS_I, ptA, TEST_EPS);
        SphericalTestUtils.assertPointsEq(Point2S.PLUS_I, ptB, TEST_EPS);
    }",DocumentationExamplesTest::testGreatCircleIntersectionExample_oe
commons-geometry_381,"@Test
    void testRegionBSPTree2SExample_oe() {
        final Precision.DoubleEquivalence precision = Precision.doubleEquivalenceOfEpsilon(1e-6);

        // create a path outlining a quadrant triangle
        final GreatArcPath path = GreatArcPath.builder(precision)
                .append(Point2S.PLUS_I)
                .append(Point2S.PLUS_J)
                .append(Point2S.PLUS_K)
                .build(true); // close the path with the starting path

        // convert to a region
        final RegionBSPTree2S tree = path.toTree();

        // split in two through the centroid
        final GreatCircle splitter = GreatCircles.fromPoints(tree.getCentroid(), Point2S.PLUS_K, precision);
        final Split<RegionBSPTree2S> split = tree.split(splitter);

        // compute some properties for the minus side
        final RegionBSPTree2S minus = split.getMinus();

        final double minusSize = minus.getSize(); // pi/4
        final List<GreatArcPath> minusPaths = minus.getBoundaryPaths(); // size = 1

        // ---------------------
        Assertions.assertEquals(Math.PI / 4, minusSize, TEST_EPS);
        Assertions.assertEquals(1, minusPaths.size());
    }",DocumentationExamplesTest::testRegionBSPTree2SExample_oe
commons-geometry_382,"@Test
    void testFromPoints_invalidPoints_oe() {
        // arrange
        final Point2S p1 = Point2S.of(0, Angle.PI_OVER_TWO);
        final Point2S p2 = Point2S.of(Math.PI, Angle.PI_OVER_TWO);

        // act/assert
        GeometryTestUtils.assertThrowsWithMessage(() -> {
            GreatCircles.fromPoints(p1, p1, TEST_PRECISION);
        }, IllegalArgumentException.class, Pattern.compile(""^.*points are equal$""));

        GeometryTestUtils.assertThrowsWithMessage(() -> {
            GreatCircles.fromPoints(p1, Point2S.of(1e-12, Angle.PI_OVER_TWO), TEST_PRECISION);
        }, IllegalArgumentException.class, Pattern.compile(""^.*points are equal$""));

        GeometryTestUtils.assertThrowsWithMessage(() -> {
            GreatCircles.fromPoints(
                    Point2S.from(Vector3D.Unit.PLUS_X),
                    Point2S.from(Vector3D.Unit.MINUS_X),
                    TEST_PRECISION);
        }, IllegalArgumentException.class, Pattern.compile(""^.*points are antipodal$""));

        Assertions.assertThrows(IllegalArgumentException.class, () -> GreatCircles.fromPoints(p1, Point2S.NaN, TEST_PRECISION));
        Assertions.assertThrows(IllegalArgumentException.class, () -> GreatCircles.fromPoints(Point2S.NaN, p2, TEST_PRECISION));
        Assertions.assertThrows(IllegalArgumentException.class, () -> GreatCircles.fromPoints(p1, Point2S.of(Double.POSITIVE_INFINITY, Angle.PI_OVER_TWO), TEST_PRECISION));
        Assertions.assertThrows(IllegalArgumentException.class, () -> GreatCircles.fromPoints(Point2S.of(Double.POSITIVE_INFINITY, Angle.PI_OVER_TWO), p2, TEST_PRECISION));
    }",GreatCircleTest::testFromPoints_invalidPoints_oe
commons-geometry_383,"@Test
    void testOffset_point_oe() {
        // --- arrange
        final GreatCircle circle = GreatCircles.fromPoleAndU(
                Vector3D.Unit.MINUS_X, Vector3D.Unit.PLUS_Z, TEST_PRECISION);

        // --- act/assert

        // on circle
        for (double polar = -Angle.PI_OVER_TWO; polar <= Angle.PI_OVER_TWO; polar += 0.1) {
            Assertions.assertEquals(0, circle.offset(Point2S.of(Angle.PI_OVER_TWO, polar)), TEST_EPS);
            Assertions.assertEquals(0, circle.offset(Point2S.of(-Angle.PI_OVER_TWO, polar)), TEST_EPS);
        }

        // +1/-1
        Assertions.assertEquals(-1, circle.offset(Point2S.of(Angle.PI_OVER_TWO + 1, Angle.PI_OVER_TWO)), TEST_EPS);
        Assertions.assertEquals(1, circle.offset(Point2S.of(-Angle.PI_OVER_TWO + 1, Angle.PI_OVER_TWO)), TEST_EPS);

        // poles
        Assertions.assertEquals(-Angle.PI_OVER_TWO, circle.offset(Point2S.of(Math.PI, Angle.PI_OVER_TWO)), TEST_EPS);
        Assertions.assertEquals(Angle.PI_OVER_TWO, circle.offset(Point2S.of(0.0, Angle.PI_OVER_TWO)), TEST_EPS);
    }",GreatCircleTest::testOffset_point_oe
commons-geometry_384,"@Test
    void testOffset_vector_oe() {
        // --- arrange
        final GreatCircle circle = GreatCircles.fromPoleAndU(
                Vector3D.Unit.MINUS_X, Vector3D.Unit.PLUS_Z, TEST_PRECISION);

        // --- act/assert

        // on circle
        Assertions.assertEquals(0, circle.offset(Vector3D.of(0, 1, 0)), TEST_EPS);
        Assertions.assertEquals(0, circle.offset(Vector3D.of(0, 0, 1)), TEST_EPS);
        Assertions.assertEquals(0, circle.offset(Vector3D.of(0, -1, 0)), TEST_EPS);
        Assertions.assertEquals(0, circle.offset(Vector3D.of(0, 0, -1)), TEST_EPS);

        // +1/-1
        Assertions.assertEquals(-0.25 * Math.PI, circle.offset(Vector3D.of(-1, 1, 0)), TEST_EPS);
        Assertions.assertEquals(-0.25 * Math.PI, circle.offset(Vector3D.of(-1, 0, 1)), TEST_EPS);
        Assertions.assertEquals(-0.25 * Math.PI, circle.offset(Vector3D.of(-1, -1, 0)), TEST_EPS);
        Assertions.assertEquals(-0.25 * Math.PI, circle.offset(Vector3D.of(-1, 0, -1)), TEST_EPS);

        Assertions.assertEquals(0.25 * Math.PI, circle.offset(Vector3D.of(1, 1, 0)), TEST_EPS);
        Assertions.assertEquals(0.25 * Math.PI, circle.offset(Vector3D.of(1, 0, 1)), TEST_EPS);
        Assertions.assertEquals(0.25 * Math.PI, circle.offset(Vector3D.of(1, -1, 0)), TEST_EPS);
        Assertions.assertEquals(0.25 * Math.PI, circle.offset(Vector3D.of(1, 0, -1)), TEST_EPS);

        // poles
        Assertions.assertEquals(-Angle.PI_OVER_TWO, circle.offset(Vector3D.Unit.MINUS_X), TEST_EPS);
        Assertions.assertEquals(Angle.PI_OVER_TWO, circle.offset(Vector3D.Unit.PLUS_X), TEST_EPS);
    }",GreatCircleTest::testOffset_vector_oe
commons-geometry_385,"@Test
    void testAzimuth_point_oe() {
        // --- arrange
        final GreatCircle circle = GreatCircles.fromPoleAndU(
                Vector3D.Unit.MINUS_X, Vector3D.Unit.PLUS_Z, TEST_PRECISION);

        // --- act/assert

        // on circle
        Assertions.assertEquals(Angle.PI_OVER_TWO, circle.azimuth(Point2S.from(Vector3D.of(0, 1, 0))), TEST_EPS);
        Assertions.assertEquals(0.0, circle.azimuth(Point2S.from(Vector3D.of(0, 0, 1))), TEST_EPS);
        Assertions.assertEquals(1.5 * Math.PI, circle.azimuth(Point2S.from(Vector3D.of(0, -1, 0))), TEST_EPS);
        Assertions.assertEquals(Math.PI, circle.azimuth(Point2S.from(Vector3D.of(0, 0, -1))), TEST_EPS);

        // +1/-1
        Assertions.assertEquals(Angle.PI_OVER_TWO, circle.azimuth(Point2S.from(Vector3D.of(-1, 1, 0))), TEST_EPS);
        Assertions.assertEquals(0.0, circle.azimuth(Point2S.from(Vector3D.of(-1, 0, 1))), TEST_EPS);
        Assertions.assertEquals(1.5 * Math.PI, circle.azimuth(Point2S.from(Vector3D.of(-1, -1, 0))), TEST_EPS);
        Assertions.assertEquals(Math.PI, circle.azimuth(Point2S.from(Vector3D.of(-1, 0, -1))), TEST_EPS);

        Assertions.assertEquals(Angle.PI_OVER_TWO, circle.azimuth(Point2S.from(Vector3D.of(1, 1, 0))), TEST_EPS);
        Assertions.assertEquals(0.0, circle.azimuth(Point2S.from(Vector3D.of(1, 0, 1))), TEST_EPS);
        Assertions.assertEquals(1.5 * Math.PI, circle.azimuth(Point2S.from(Vector3D.of(1, -1, 0))), TEST_EPS);
        Assertions.assertEquals(Math.PI, circle.azimuth(Point2S.from(Vector3D.of(1, 0, -1))), TEST_EPS);

        // poles
        Assertions.assertEquals(0, circle.azimuth(Point2S.from(Vector3D.Unit.MINUS_X)), TEST_EPS);
        Assertions.assertEquals(0, circle.azimuth(Point2S.from(Vector3D.Unit.PLUS_X)), TEST_EPS);
    }",GreatCircleTest::testAzimuth_point_oe
commons-geometry_386,"@Test
    void testAzimuth_vector_oe() {
        // --- arrange
        final GreatCircle circle = GreatCircles.fromPoleAndU(
                Vector3D.Unit.MINUS_X, Vector3D.Unit.PLUS_Z, TEST_PRECISION);

        // --- act/assert

        // on circle
        Assertions.assertEquals(Angle.PI_OVER_TWO, circle.azimuth(Vector3D.of(0, 1, 0)), TEST_EPS);
        Assertions.assertEquals(0.0, circle.azimuth(Vector3D.of(0, 0, 1)), TEST_EPS);
        Assertions.assertEquals(1.5 * Math.PI, circle.azimuth(Vector3D.of(0, -1, 0)), TEST_EPS);
        Assertions.assertEquals(Math.PI, circle.azimuth(Vector3D.of(0, 0, -1)), TEST_EPS);

        // +1/-1
        Assertions.assertEquals(Angle.PI_OVER_TWO, circle.azimuth(Vector3D.of(-1, 1, 0)), TEST_EPS);
        Assertions.assertEquals(0.0, circle.azimuth(Vector3D.of(-1, 0, 1)), TEST_EPS);
        Assertions.assertEquals(1.5 * Math.PI, circle.azimuth(Vector3D.of(-1, -1, 0)), TEST_EPS);
        Assertions.assertEquals(Math.PI, circle.azimuth(Vector3D.of(-1, 0, -1)), TEST_EPS);

        Assertions.assertEquals(Angle.PI_OVER_TWO, circle.azimuth(Vector3D.of(1, 1, 0)), TEST_EPS);
        Assertions.assertEquals(0.0, circle.azimuth(Vector3D.of(1, 0, 1)), TEST_EPS);
        Assertions.assertEquals(1.5 * Math.PI, circle.azimuth(Vector3D.of(1, -1, 0)), TEST_EPS);
        Assertions.assertEquals(Math.PI, circle.azimuth(Vector3D.of(1, 0, -1)), TEST_EPS);

        // poles
        Assertions.assertEquals(0, circle.azimuth(Vector3D.Unit.MINUS_X), TEST_EPS);
        Assertions.assertEquals(0, circle.azimuth(Vector3D.Unit.PLUS_X), TEST_EPS);
    }",GreatCircleTest::testAzimuth_vector_oe
commons-geometry_387,"@Test
    void testVectorAt_oe() {
        // arrange
        final GreatCircle circle = GreatCircles.fromPoleAndU(
                Vector3D.Unit.MINUS_X, Vector3D.Unit.PLUS_Z, TEST_PRECISION);

        // act/assert
        SphericalTestUtils.assertVectorsEqual(Vector3D.Unit.PLUS_Z, circle.vectorAt(0.0), TEST_EPS);
        SphericalTestUtils.assertVectorsEqual(Vector3D.Unit.PLUS_Y, circle.vectorAt(Angle.PI_OVER_TWO), TEST_EPS);
        SphericalTestUtils.assertVectorsEqual(Vector3D.Unit.MINUS_Z, circle.vectorAt(Math.PI), TEST_EPS);
        SphericalTestUtils.assertVectorsEqual(Vector3D.Unit.MINUS_Y, circle.vectorAt(-Angle.PI_OVER_TWO), TEST_EPS);
        SphericalTestUtils.assertVectorsEqual(Vector3D.Unit.PLUS_Z, circle.vectorAt(Angle.TWO_PI), TEST_EPS);
    }",GreatCircleTest::testVectorAt_oe
commons-geometry_388,"@Test
    void testProject_oe() {
        // arrange
        final GreatCircle circle = GreatCircles.fromPoleAndU(
                Vector3D.Unit.MINUS_X, Vector3D.Unit.PLUS_Z, TEST_PRECISION);

        // act/assert
        SphericalTestUtils.assertPointsEqual(Point2S.of(Angle.PI_OVER_TWO, Angle.PI_OVER_TWO),
                circle.project(Point2S.of(Angle.PI_OVER_TWO, Angle.PI_OVER_TWO)), TEST_EPS);
        SphericalTestUtils.assertPointsEqual(Point2S.of(Angle.PI_OVER_TWO, Angle.PI_OVER_TWO),
                circle.project(Point2S.of(Angle.PI_OVER_TWO + 1, Angle.PI_OVER_TWO)), TEST_EPS);
        SphericalTestUtils.assertPointsEqual(Point2S.of(Angle.PI_OVER_TWO, Angle.PI_OVER_TWO),
                circle.project(Point2S.of(Angle.PI_OVER_TWO - 1, Angle.PI_OVER_TWO)), TEST_EPS);

        SphericalTestUtils.assertPointsEqual(Point2S.of(-Angle.PI_OVER_TWO, Angle.PI_OVER_TWO),
                circle.project(Point2S.of(-Angle.PI_OVER_TWO, Angle.PI_OVER_TWO)), TEST_EPS);
        SphericalTestUtils.assertPointsEqual(Point2S.of(-Angle.PI_OVER_TWO, Angle.PI_OVER_TWO),
                circle.project(Point2S.of(-Angle.PI_OVER_TWO + 1, Angle.PI_OVER_TWO)), TEST_EPS);
        SphericalTestUtils.assertPointsEqual(Point2S.of(-Angle.PI_OVER_TWO, Angle.PI_OVER_TWO),
                circle.project(Point2S.of(-Angle.PI_OVER_TWO - 1, Angle.PI_OVER_TWO)), TEST_EPS);
    }",GreatCircleTest::testProject_oe
commons-geometry_389,"@Test
    void testProject_poles_oe() {
        // arrange
        final GreatCircle minusXCircle = GreatCircles.fromPoleAndU(
                Vector3D.Unit.MINUS_X, Vector3D.Unit.PLUS_Z, TEST_PRECISION);
        final GreatCircle plusZCircle = GreatCircles.fromPoleAndU(
                Vector3D.Unit.PLUS_Z, Vector3D.Unit.MINUS_Y, TEST_PRECISION);

        // act
        SphericalTestUtils.assertPointsEqual(Point2S.of(0.0, 0.0),
                minusXCircle.project(Point2S.from(Vector3D.Unit.MINUS_X)), TEST_EPS);
        SphericalTestUtils.assertPointsEqual(Point2S.of(0.0, 0.0),
                minusXCircle.project(Point2S.from(Vector3D.Unit.PLUS_X)), TEST_EPS);

        SphericalTestUtils.assertPointsEqual(Point2S.of(1.5 * Math.PI, Angle.PI_OVER_TWO),
                plusZCircle.project(Point2S.from(Vector3D.Unit.PLUS_Z)), TEST_EPS);
        SphericalTestUtils.assertPointsEqual(Point2S.of(1.5 * Math.PI, Angle.PI_OVER_TWO),
                plusZCircle.project(Point2S.from(Vector3D.Unit.MINUS_Z)), TEST_EPS);
    }",GreatCircleTest::testProject_poles_oe
commons-geometry_390,"@Test
    void testTransform_rotateAroundPole_oe() {
        // arrange
        final GreatCircle circle = GreatCircles.fromPoints(
                Point2S.of(0, Angle.PI_OVER_TWO),
                Point2S.of(1, Angle.PI_OVER_TWO),
                TEST_PRECISION);

        final Transform2S t = Transform2S.createRotation(circle.getPolePoint(), 0.25 * Math.PI);

        // act
        final GreatCircle result = circle.transform(t);

        // assert
        Assertions.assertNotSame(circle, result);
        checkGreatCircle(result, Vector3D.Unit.PLUS_Z, Vector3D.Unit.from(1, 1, 0));
    }",GreatCircleTest::testTransform_rotateAroundPole_oe
commons-geometry_391,"@Test
    void testTransform_rotateAroundNonPole_oe() {
        // arrange
        final GreatCircle circle = GreatCircles.fromPoints(
                Point2S.of(0, Angle.PI_OVER_TWO),
                Point2S.of(1, Angle.PI_OVER_TWO),
                TEST_PRECISION);

        final Transform2S t = Transform2S.createRotation(Point2S.of(0, Angle.PI_OVER_TWO), Angle.PI_OVER_TWO);

        // act
        final GreatCircle result = circle.transform(t);

        // assert
        Assertions.assertNotSame(circle, result);
        checkGreatCircle(result, Vector3D.Unit.MINUS_Y, Vector3D.Unit.PLUS_X);
    }",GreatCircleTest::testTransform_rotateAroundNonPole_oe
commons-geometry_392,"@Test
    void testTransform_piMinusAzimuth_oe() {
        // arrange
        final GreatCircle circle = GreatCircles.fromPoints(
                Point2S.of(0, Angle.PI_OVER_TWO),
                Point2S.of(1, Angle.PI_OVER_TWO),
                TEST_PRECISION);

        final Transform2S t = Transform2S.createReflection(Point2S.PLUS_J)
                .rotate(Point2S.PLUS_K, Math.PI);

        // act
        final GreatCircle result = circle.transform(t);

        // assert
        Assertions.assertNotSame(circle, result);
        checkGreatCircle(result, Vector3D.Unit.MINUS_Z, Vector3D.Unit.MINUS_X);
    }",GreatCircleTest::testTransform_piMinusAzimuth_oe
commons-geometry_393,"@Test
    void testSimilarOrientation_oe() {
        // arrange
        final GreatCircle a = GreatCircles.fromPole(Vector3D.Unit.PLUS_Z, TEST_PRECISION);
        final GreatCircle b = GreatCircles.fromPole(Vector3D.Unit.PLUS_X, TEST_PRECISION);
        final GreatCircle c = GreatCircles.fromPole(Vector3D.Unit.MINUS_Z, TEST_PRECISION);
        final GreatCircle d = GreatCircles.fromPole(Vector3D.Unit.from(1, 1, -1), TEST_PRECISION);
        final GreatCircle e = GreatCircles.fromPole(Vector3D.Unit.from(1, 1, 1), TEST_PRECISION);

        // act/assert
        Assertions.assertTrue(a.similarOrientation(a));

        Assertions.assertFalse(a.similarOrientation(b));
        Assertions.assertFalse(a.similarOrientation(c));
        Assertions.assertFalse(a.similarOrientation(d));

        Assertions.assertTrue(a.similarOrientation(e));
    }",GreatCircleTest::testSimilarOrientation_oe
commons-geometry_394,"@Test
    void testSpan_oe() {
        // arrange
        final GreatCircle circle = GreatCircles.fromPoleAndU(Vector3D.Unit.PLUS_X, Vector3D.Unit.PLUS_Z, TEST_PRECISION);

        // act
        final GreatArc span = circle.span();

        // assert
        Assertions.assertSame(circle, span.getCircle());
        Assertions.assertTrue(span.getInterval().isFull());

        Assertions.assertNull(span.getStartPoint());
        Assertions.assertNull(span.getEndPoint());
    }",GreatCircleTest::testSpan_oe
commons-geometry_395,"@Test
    void testArc_points_2s_oe() {
        // arrange
        final GreatCircle circle = GreatCircles.fromPoleAndU(Vector3D.Unit.PLUS_X, Vector3D.Unit.PLUS_Z, TEST_PRECISION);

        // act/assert
        checkArc(circle.arc(Point2S.of(1, Angle.PI_OVER_TWO), Point2S.of(0, 1)),
                Point2S.of(Angle.PI_OVER_TWO, Angle.PI_OVER_TWO), Point2S.of(0, 0));

        Assertions.assertTrue(circle.arc(Point2S.PLUS_I, Point2S.PLUS_I).isFull());
    }",GreatCircleTest::testArc_points_2s_oe
commons-geometry_396,"@Test
    void testArc_points_1s_oe() {
        // arrange
        final GreatCircle circle = GreatCircles.fromPoleAndU(Vector3D.Unit.PLUS_X, Vector3D.Unit.PLUS_Z, TEST_PRECISION);

        // act/assert
        checkArc(circle.arc(Point1S.of(Math.PI), Point1S.of(1.5 * Math.PI)),
                Point2S.of(0, Math.PI), Point2S.of(Angle.PI_OVER_TWO, Angle.PI_OVER_TWO));

        Assertions.assertTrue(circle.arc(Point1S.of(1), Point1S.of(1)).isFull());
    }",GreatCircleTest::testArc_points_1s_oe
commons-geometry_397,"@Test
    void testArc_azimuths_oe() {
        // arrange
        final GreatCircle circle = GreatCircles.fromPoleAndU(Vector3D.Unit.PLUS_X, Vector3D.Unit.PLUS_Z, TEST_PRECISION);

        // act/assert
        checkArc(circle.arc(Math.PI, 1.5 * Math.PI),
                Point2S.of(0, Math.PI), Point2S.of(Angle.PI_OVER_TWO, Angle.PI_OVER_TWO));

        Assertions.assertTrue(circle.arc(1, 1).isFull());
    }",GreatCircleTest::testArc_azimuths_oe
commons-geometry_398,"@Test
    void testArc_interval_oe() {
        // arrange
        final GreatCircle circle = GreatCircles.fromPoleAndU(Vector3D.Unit.PLUS_X, Vector3D.Unit.PLUS_Z, TEST_PRECISION);
        final AngularInterval.Convex interval = AngularInterval.Convex.of(1, 2, TEST_PRECISION);

        // act
        final GreatArc arc = circle.arc(interval);

        // assert
        Assertions.assertSame(circle, arc.getCircle());
        Assertions.assertSame(interval, arc.getInterval());
    }",GreatCircleTest::testArc_interval_oe
commons-geometry_399,"@Test
    void testIntersection_parallel_oe() {
        // arrange
        final Precision.DoubleEquivalence precision = Precision.doubleEquivalenceOfEpsilon(1e-3);

        final GreatCircle a = GreatCircles.fromPole(Vector3D.Unit.PLUS_X, precision);
        final GreatCircle b = GreatCircles.fromPole(Vector3D.Unit.PLUS_X, precision);
        final GreatCircle c = GreatCircles.fromPole(Vector3D.Unit.of(1, 1e-4, 1e-4), precision);
        final GreatCircle d = GreatCircles.fromPole(Vector3D.Unit.MINUS_X, precision);
        final GreatCircle e = GreatCircles.fromPole(Vector3D.Unit.of(-1, 1e-4, 1e-4), precision);

        // act/assert
        Assertions.assertNull(a.intersection(b));
        Assertions.assertNull(a.intersection(c));
        Assertions.assertNull(a.intersection(d));
        Assertions.assertNull(a.intersection(e));
    }",GreatCircleTest::testIntersection_parallel_oe
commons-geometry_400,"@Test
    void testIntersection_oe() {
        // arrange
        final GreatCircle a = GreatCircles.fromPole(Vector3D.Unit.PLUS_X, TEST_PRECISION);
        final GreatCircle b = GreatCircles.fromPole(Vector3D.Unit.PLUS_Y, TEST_PRECISION);
        final GreatCircle c = GreatCircles.fromPole(Vector3D.Unit.PLUS_Z, TEST_PRECISION);

        // act/assert
        SphericalTestUtils.assertVectorsEqual(Vector3D.Unit.PLUS_Z,
                a.intersection(b).getVector(), TEST_EPS);
        SphericalTestUtils.assertVectorsEqual(Vector3D.Unit.MINUS_Z,
                b.intersection(a).getVector(), TEST_EPS);

        SphericalTestUtils.assertVectorsEqual(Vector3D.Unit.PLUS_X,
                b.intersection(c).getVector(), TEST_EPS);
        SphericalTestUtils.assertVectorsEqual(Vector3D.Unit.MINUS_X,
                c.intersection(b).getVector(), TEST_EPS);
    }",GreatCircleTest::testIntersection_oe
commons-geometry_401,"@Test
    void testAngle_withoutReferencePoint_oe() {
     // arrange
        final GreatCircle a = GreatCircles.fromPoints(Point2S.PLUS_I, Point2S.PLUS_J, TEST_PRECISION);
        final GreatCircle b = GreatCircles.fromPoints(Point2S.PLUS_J, Point2S.PLUS_I, TEST_PRECISION);
        final GreatCircle c = GreatCircles.fromPoints(Point2S.PLUS_I, Point2S.PLUS_K, TEST_PRECISION);
        final GreatCircle d = GreatCircles.fromPoints(Point2S.PLUS_J, Point2S.PLUS_K, TEST_PRECISION);
        final GreatCircle e = GreatCircles.fromPoleAndU(
                Vector3D.Unit.of(1, 0, 1),
                Vector3D.Unit.PLUS_Y,
                TEST_PRECISION);

        final GreatCircle f = GreatCircles.fromPoleAndU(
                Vector3D.Unit.of(1, 0, -1),
                Vector3D.Unit.PLUS_Y,
                TEST_PRECISION);

        // act/assert
        Assertions.assertEquals(0, a.angle(a), TEST_EPS);
        Assertions.assertEquals(Math.PI, a.angle(b), TEST_EPS);

        Assertions.assertEquals(Angle.PI_OVER_TWO, a.angle(c), TEST_EPS);
        Assertions.assertEquals(Angle.PI_OVER_TWO, c.angle(a), TEST_EPS);

        Assertions.assertEquals(Angle.PI_OVER_TWO, a.angle(d), TEST_EPS);
        Assertions.assertEquals(Angle.PI_OVER_TWO, d.angle(a), TEST_EPS);

        Assertions.assertEquals(0.25 * Math.PI, a.angle(e), TEST_EPS);
        Assertions.assertEquals(0.25 * Math.PI, e.angle(a), TEST_EPS);

        Assertions.assertEquals(0.75 * Math.PI, a.angle(f), TEST_EPS);
        Assertions.assertEquals(0.75 * Math.PI, f.angle(a), TEST_EPS);
    }",GreatCircleTest::testAngle_withoutReferencePoint_oe
commons-geometry_402,"@Test
    void testAngle_withReferencePoint_oe() {
        // arrange
        final GreatCircle a = GreatCircles.fromPoints(Point2S.PLUS_I, Point2S.PLUS_J, TEST_PRECISION);
        final GreatCircle b = GreatCircles.fromPoints(Point2S.PLUS_J, Point2S.PLUS_I, TEST_PRECISION);
        final GreatCircle c = GreatCircles.fromPoints(Point2S.PLUS_I, Point2S.PLUS_K, TEST_PRECISION);
        final GreatCircle d = GreatCircles.fromPoints(Point2S.PLUS_J, Point2S.PLUS_K, TEST_PRECISION);
        final GreatCircle e = GreatCircles.fromPoleAndU(
                Vector3D.Unit.of(1, 0, 1),
                Vector3D.Unit.PLUS_Y,
                TEST_PRECISION);

        final GreatCircle f = GreatCircles.fromPoleAndU(
                Vector3D.Unit.of(1, 0, -1),
                Vector3D.Unit.PLUS_Y,
                TEST_PRECISION);

        // act/assert
        Assertions.assertEquals(0, a.angle(a, Point2S.PLUS_J), TEST_EPS);
        Assertions.assertEquals(0, a.angle(a, Point2S.MINUS_J), TEST_EPS);

        Assertions.assertEquals(-Math.PI, a.angle(b, Point2S.PLUS_J), TEST_EPS);
        Assertions.assertEquals(-Math.PI, a.angle(b, Point2S.MINUS_J), TEST_EPS);

        Assertions.assertEquals(Angle.PI_OVER_TWO, a.angle(c, Point2S.PLUS_I), TEST_EPS);
        Assertions.assertEquals(-Angle.PI_OVER_TWO, a.angle(c, Point2S.MINUS_I), TEST_EPS);

        Assertions.assertEquals(-Angle.PI_OVER_TWO, c.angle(a, Point2S.PLUS_I), TEST_EPS);
        Assertions.assertEquals(Angle.PI_OVER_TWO, c.angle(a, Point2S.MINUS_I), TEST_EPS);

        Assertions.assertEquals(Angle.PI_OVER_TWO, a.angle(d, Point2S.PLUS_J), TEST_EPS);
        Assertions.assertEquals(-Angle.PI_OVER_TWO, a.angle(d, Point2S.MINUS_J), TEST_EPS);

        Assertions.assertEquals(-Angle.PI_OVER_TWO, d.angle(a, Point2S.PLUS_J), TEST_EPS);
        Assertions.assertEquals(Angle.PI_OVER_TWO, d.angle(a, Point2S.MINUS_J), TEST_EPS);

        Assertions.assertEquals(0.25 * Math.PI, a.angle(e, Point2S.PLUS_J), TEST_EPS);
        Assertions.assertEquals(-0.25 * Math.PI, a.angle(e, Point2S.MINUS_J), TEST_EPS);

        Assertions.assertEquals(-0.25 * Math.PI, e.angle(a, Point2S.PLUS_J), TEST_EPS);
        Assertions.assertEquals(0.25 * Math.PI, e.angle(a, Point2S.MINUS_J), TEST_EPS);

        Assertions.assertEquals(0.75 * Math.PI, a.angle(f, Point2S.PLUS_J), TEST_EPS);
        Assertions.assertEquals(-0.75 * Math.PI, a.angle(f, Point2S.MINUS_J), TEST_EPS);

        Assertions.assertEquals(-0.75 * Math.PI, f.angle(a, Point2S.PLUS_J), TEST_EPS);
        Assertions.assertEquals(0.75 * Math.PI, f.angle(a, Point2S.MINUS_J), TEST_EPS);
    }",GreatCircleTest::testAngle_withReferencePoint_oe
commons-geometry_403,"@Test
    void testAngle_withReferencePoint_pointEquidistanceFromIntersections_oe() {
        // arrange
        final GreatCircle a = GreatCircles.fromPoints(Point2S.PLUS_I, Point2S.PLUS_J, TEST_PRECISION);
        final GreatCircle b = GreatCircles.fromPoleAndU(
                Vector3D.Unit.of(1, 0, 1),
                Vector3D.Unit.PLUS_Y,
                TEST_PRECISION);

        // act/assert
        Assertions.assertEquals(-0.25 * Math.PI, a.angle(b, Point2S.PLUS_I), TEST_EPS);
        Assertions.assertEquals(-0.25 * Math.PI, a.angle(b, Point2S.MINUS_I), TEST_EPS);
    }",GreatCircleTest::testAngle_withReferencePoint_pointEquidistanceFromIntersections_oe
commons-geometry_404,"@Test
    void testToSubspace_oe() {
        // arrange
        final GreatCircle circle = GreatCircles.fromPoleAndU(Vector3D.Unit.PLUS_Y, Vector3D.Unit.MINUS_Z, TEST_PRECISION);

        // act/assert
        SphericalTestUtils.assertPointsEqual(Point1S.ZERO,
                circle.toSubspace(Point2S.from(Vector3D.Unit.MINUS_Z)), TEST_EPS);

        SphericalTestUtils.assertPointsEqual(Point1S.of(0.25 * Math.PI),
                circle.toSubspace(Point2S.from(Vector3D.of(-1, -1, -1))), TEST_EPS);
        SphericalTestUtils.assertPointsEqual(Point1S.of(0.75 * Math.PI),
                circle.toSubspace(Point2S.from(Vector3D.of(-1, 1, 1))), TEST_EPS);
        SphericalTestUtils.assertPointsEqual(Point1S.of(1.25 * Math.PI),
                circle.toSubspace(Point2S.from(Vector3D.of(1, -1, 1))), TEST_EPS);
        SphericalTestUtils.assertPointsEqual(Point1S.of(1.75 * Math.PI),
                circle.toSubspace(Point2S.from(Vector3D.of(1, 1, -1))), TEST_EPS);

        SphericalTestUtils.assertPointsEqual(Point1S.ZERO,
                circle.toSubspace(Point2S.from(Vector3D.Unit.PLUS_Y)), TEST_EPS);
        SphericalTestUtils.assertPointsEqual(Point1S.ZERO,
                circle.toSubspace(Point2S.from(Vector3D.Unit.MINUS_Y)), TEST_EPS);
    }",GreatCircleTest::testToSubspace_oe
commons-geometry_405,"@Test
    void testToSpace_oe() {
        // arrange
        final GreatCircle circle = GreatCircles.fromPoleAndU(Vector3D.Unit.PLUS_Y, Vector3D.Unit.MINUS_Z, TEST_PRECISION);

        // act/assert
        SphericalTestUtils.assertPointsEqual(Point2S.from(Vector3D.Unit.MINUS_Z),
                circle.toSpace(Point1S.ZERO), TEST_EPS);

        SphericalTestUtils.assertPointsEqual(Point2S.from(Vector3D.of(-1, 0, -1)),
                circle.toSpace(Point1S.of(0.25 * Math.PI)), TEST_EPS);
        SphericalTestUtils.assertPointsEqual(Point2S.from(Vector3D.of(-1, 0, 1)),
                circle.toSpace(Point1S.of(0.75 * Math.PI)), TEST_EPS);
        SphericalTestUtils.assertPointsEqual(Point2S.from(Vector3D.of(1, 0, 1)),
                circle.toSpace(Point1S.of(1.25 * Math.PI)), TEST_EPS);
        SphericalTestUtils.assertPointsEqual(Point2S.from(Vector3D.of(1, 0, -1)),
                circle.toSpace(Point1S.of(1.75 * Math.PI)), TEST_EPS);
    }",GreatCircleTest::testToSpace_oe
commons-geometry_406,"@Test
    void testEq_oe() {
        // arrange
        final double eps = 1e-3;
        final Precision.DoubleEquivalence precision = Precision.doubleEquivalenceOfEpsilon(eps);

        final GreatCircle a = GreatCircles.fromPoleAndU(Vector3D.Unit.PLUS_Z, Vector3D.Unit.PLUS_X, precision);

        final GreatCircle b = GreatCircles.fromPoleAndU(Vector3D.Unit.MINUS_Z, Vector3D.Unit.PLUS_X, precision);
        final GreatCircle c = GreatCircles.fromPoleAndU(Vector3D.Unit.PLUS_Z, Vector3D.Unit.MINUS_X, precision);
        final GreatCircle d = GreatCircles.fromPoleAndU(Vector3D.Unit.PLUS_Z, Vector3D.Unit.PLUS_X, TEST_PRECISION);

        final GreatCircle e = GreatCircles.fromPoleAndU(Vector3D.of(1e-6, 0, 1), Vector3D.Unit.PLUS_X, precision);
        final GreatCircle f = GreatCircles.fromPoleAndU(Vector3D.Unit.PLUS_Z, Vector3D.of(1, 1e-6, 0), precision);
        final GreatCircle g = GreatCircles.fromPoleAndU(Vector3D.Unit.PLUS_Z, Vector3D.Unit.PLUS_X,
                Precision.doubleEquivalenceOfEpsilon(eps));

        // act/assert
        Assertions.assertTrue(a.eq(a, precision));

        Assertions.assertFalse(a.eq(b, precision));
        Assertions.assertFalse(a.eq(c, precision));

        Assertions.assertTrue(a.eq(d, precision));
        Assertions.assertTrue(a.eq(e, precision));
        Assertions.assertTrue(e.eq(a, precision));

        Assertions.assertTrue(a.eq(f, precision));
        Assertions.assertTrue(f.eq(a, precision));

        Assertions.assertTrue(g.eq(e, precision));
        Assertions.assertTrue(e.eq(g, precision));
    }",GreatCircleTest::testEq_oe
commons-geometry_407,"@Test
    void testHashCode_oe() {
        // arrange
        final Precision.DoubleEquivalence precision = Precision.doubleEquivalenceOfEpsilon(1e-3);

        final GreatCircle a = GreatCircles.fromPoleAndU(Vector3D.Unit.PLUS_Z, Vector3D.Unit.PLUS_X, TEST_PRECISION);

        final GreatCircle b = GreatCircles.fromPoleAndU(Vector3D.of(0, 1, 1), Vector3D.Unit.PLUS_X, TEST_PRECISION);
        final GreatCircle c = GreatCircles.fromPoleAndU(Vector3D.Unit.PLUS_Z, Vector3D.Unit.MINUS_X, TEST_PRECISION);
        final GreatCircle d = GreatCircles.fromPoleAndU(Vector3D.Unit.PLUS_Z, Vector3D.Unit.PLUS_X, precision);

        final GreatCircle e = GreatCircles.fromPoleAndU(Vector3D.Unit.PLUS_Z, Vector3D.Unit.PLUS_X, TEST_PRECISION);

        // act
        final int hash = a.hashCode();

        // act/assert
        Assertions.assertEquals(hash, a.hashCode());

        Assertions.assertNotEquals(hash, b.hashCode());
        Assertions.assertNotEquals(hash, c.hashCode());
        Assertions.assertNotEquals(hash, d.hashCode());

        Assertions.assertEquals(hash, e.hashCode());
    }",GreatCircleTest::testHashCode_oe
commons-geometry_408,"@Test
    void testEquals_oe() {
        // arrange
        final Precision.DoubleEquivalence precision = Precision.doubleEquivalenceOfEpsilon(1e-3);

        final GreatCircle a = GreatCircles.fromPoleAndU(Vector3D.Unit.PLUS_Z, Vector3D.Unit.PLUS_X, TEST_PRECISION);

        final GreatCircle b = GreatCircles.fromPoleAndU(Vector3D.Unit.MINUS_Z, Vector3D.Unit.PLUS_X, TEST_PRECISION);
        final GreatCircle c = GreatCircles.fromPoleAndU(Vector3D.Unit.PLUS_Z, Vector3D.Unit.MINUS_X, TEST_PRECISION);
        final GreatCircle d = GreatCircles.fromPoleAndU(Vector3D.Unit.PLUS_Z, Vector3D.Unit.PLUS_X, precision);

        final GreatCircle e = GreatCircles.fromPoleAndU(Vector3D.Unit.PLUS_Z, Vector3D.Unit.PLUS_X, TEST_PRECISION);

        // act/assert
        GeometryTestUtils.assertSimpleEqualsCases(a);

        Assertions.assertNotEquals(a, b);
        Assertions.assertNotEquals(a, c);
        Assertions.assertNotEquals(a, d);

        Assertions.assertEquals(a, e);
        Assertions.assertEquals(e, a);
    }",GreatCircleTest::testEquals_oe
commons-geometry_409,"@Test
    void testToString_oe() {
        // arrange
        final GreatCircle circle = GreatCircles.fromPoleAndU(Vector3D.Unit.PLUS_Z, Vector3D.Unit.PLUS_X, TEST_PRECISION);

        // act
        final String str = circle.toString();

        // assert
        GeometryTestUtils.assertContains(""GreatCircle["", str);
        GeometryTestUtils.assertContains(""pole= (0.0, 0.0, 1.0)"", str);
        GeometryTestUtils.assertContains(""u= (1.0, 0.0, 0.0)"", str);
        GeometryTestUtils.assertContains(""v= (0.0, 1.0, 0.0)"", str);
    }",GreatCircleTest::testToString_oe
commons-geometry_410,"@Test
    void testCtor_booleanArg_true_oe() {
        // act
        final RegionBSPTree2S tree = new RegionBSPTree2S(true);

        // assert
        Assertions.assertTrue(tree.isFull());
        Assertions.assertFalse(tree.isEmpty());
        Assertions.assertEquals(1, tree.count());
    }",RegionBSPTree2STest::testCtor_booleanArg_true_oe
commons-geometry_411,"@Test
    void testCtor_booleanArg_false_oe() {
        // act
        final RegionBSPTree2S tree = new RegionBSPTree2S(false);

        // assert
        Assertions.assertFalse(tree.isFull());
        Assertions.assertTrue(tree.isEmpty());
        Assertions.assertEquals(1, tree.count());
    }",RegionBSPTree2STest::testCtor_booleanArg_false_oe
commons-geometry_412,"@Test
    void testCtor_default_oe() {
        // act
        final RegionBSPTree2S tree = new RegionBSPTree2S();

        // assert
        Assertions.assertFalse(tree.isFull());
        Assertions.assertTrue(tree.isEmpty());
        Assertions.assertEquals(1, tree.count());
    }",RegionBSPTree2STest::testCtor_default_oe
commons-geometry_413,"@Test
    void testFull_factoryMethod_oe() {
        // act
        final RegionBSPTree2S tree = RegionBSPTree2S.full();

        // assert
        Assertions.assertTrue(tree.isFull());
        Assertions.assertFalse(tree.isEmpty());
        Assertions.assertEquals(1, tree.count());
    }",RegionBSPTree2STest::testFull_factoryMethod_oe
commons-geometry_414,"@Test
    void testEmpty_factoryMethod_oe() {
        // act
        final RegionBSPTree2S tree = RegionBSPTree2S.empty();

        // assert
        Assertions.assertFalse(tree.isFull());
        Assertions.assertTrue(tree.isEmpty());
        Assertions.assertEquals(1, tree.count());
    }",RegionBSPTree2STest::testEmpty_factoryMethod_oe
commons-geometry_415,"@Test
    void testFrom_boundaries_noBoundaries_oe() {
        // act/assert
        Assertions.assertTrue(RegionBSPTree2S.from(Collections.emptyList()).isEmpty());
        Assertions.assertTrue(RegionBSPTree2S.from(Collections.emptyList(), true).isFull());
        Assertions.assertTrue(RegionBSPTree2S.from(Collections.emptyList(), false).isEmpty());
    }",RegionBSPTree2STest::testFrom_boundaries_noBoundaries_oe
commons-geometry_416,"@Test
    void testFrom_boundaries_oe() {
        // act
        final RegionBSPTree2S tree = RegionBSPTree2S.from(Arrays.asList(
                    EQUATOR.arc(Point2S.PLUS_I, Point2S.PLUS_J),
                    X_MERIDIAN.arc(Point2S.PLUS_K, Point2S.PLUS_I),
                    Y_MERIDIAN.arc(Point2S.PLUS_J, Point2S.PLUS_K)
                ));

        // assert
        Assertions.assertFalse(tree.isFull());
        Assertions.assertFalse(tree.isEmpty());

        Assertions.assertEquals(RegionLocation.OUTSIDE, tree.getRoot().getLocation());

        SphericalTestUtils.checkClassify(tree, RegionLocation.INSIDE, Point2S.of(1, 0.5));
        SphericalTestUtils.checkClassify(tree, RegionLocation.OUTSIDE,
                Point2S.of(-1, 0.5), Point2S.of(Math.PI, 0.5 * Math.PI));
    }",RegionBSPTree2STest::testFrom_boundaries_oe
commons-geometry_417,"@Test
    void testFrom_boundaries_fullIsTrue_oe() {
        // act
        final RegionBSPTree2S tree = RegionBSPTree2S.from(Arrays.asList(
                    EQUATOR.arc(Point2S.PLUS_I, Point2S.PLUS_J),
                    X_MERIDIAN.arc(Point2S.PLUS_K, Point2S.PLUS_I),
                    Y_MERIDIAN.arc(Point2S.PLUS_J, Point2S.PLUS_K)
                ), true);

        // assert
        Assertions.assertFalse(tree.isFull());
        Assertions.assertFalse(tree.isEmpty());

        Assertions.assertEquals(RegionLocation.INSIDE, tree.getRoot().getLocation());

        SphericalTestUtils.checkClassify(tree, RegionLocation.INSIDE, Point2S.of(1, 0.5));
        SphericalTestUtils.checkClassify(tree, RegionLocation.OUTSIDE,
                Point2S.of(-1, 0.5), Point2S.of(Math.PI, 0.5 * Math.PI));
    }",RegionBSPTree2STest::testFrom_boundaries_fullIsTrue_oe
commons-geometry_418,"@Test
    void testCopy_oe() {
        // arrange
        final RegionBSPTree2S tree = new RegionBSPTree2S(true);
        tree.getRoot().cut(EQUATOR);

        // act
        final RegionBSPTree2S copy = tree.copy();

        // assert
        Assertions.assertNotSame(tree, copy);
        Assertions.assertEquals(3, copy.count());
    }",RegionBSPTree2STest::testCopy_oe
commons-geometry_419,"@Test
    void testBoundaries_oe() {
        // arrange
        final RegionBSPTree2S tree = RegionBSPTree2S.empty();
        insertPositiveQuadrant(tree);

        // act
        final List<GreatArc> arcs = new ArrayList<>();
        tree.boundaries().forEach(arcs::add);

        // assert
        Assertions.assertEquals(3, arcs.size());
    }",RegionBSPTree2STest::testBoundaries_oe
commons-geometry_420,"@Test
    void testGetBoundaries_oe() {
        // arrange
        final RegionBSPTree2S tree = RegionBSPTree2S.empty();
        insertPositiveQuadrant(tree);

        // act
        final List<GreatArc> arcs = tree.getBoundaries();

        // assert
        Assertions.assertEquals(3, arcs.size());
    }",RegionBSPTree2STest::testGetBoundaries_oe
commons-geometry_421,"@Test
    void testBoundaryStream_oe() {
        // arrange
        final RegionBSPTree2S tree = RegionBSPTree2S.empty();
        insertPositiveQuadrant(tree);

        // act
        final List<GreatArc> arcs = tree.boundaryStream().collect(Collectors.toList());

        // assert
        Assertions.assertEquals(3, arcs.size());
    }",RegionBSPTree2STest::testBoundaryStream_oe
commons-geometry_422,"@Test
    void testBoundaryStream_noBoundaries_oe() {
        // arrange
        final RegionBSPTree2S tree = RegionBSPTree2S.empty();

        // act
        final List<GreatArc> arcs = tree.boundaryStream().collect(Collectors.toList());

        // assert
        Assertions.assertEquals(0, arcs.size());
    }",RegionBSPTree2STest::testBoundaryStream_noBoundaries_oe
commons-geometry_423,"@Test
    void testToList_fullAndEmpty_oe() {
        // act/assert
        Assertions.assertEquals(0, RegionBSPTree2S.full().toList().count());
        Assertions.assertEquals(0, RegionBSPTree2S.empty().toList().count());
    }",RegionBSPTree2STest::testToList_fullAndEmpty_oe
commons-geometry_424,"@Test
    void testToList_oe() {
        // arrange
        final RegionBSPTree2S tree = RegionBSPTree2S.empty();
        insertPositiveQuadrant(tree);

        // act
        final BoundaryList2S list = tree.toList();

        // assert
        Assertions.assertEquals(3, list.count());
        Assertions.assertEquals(0.5 * Math.PI, list.toTree().getSize(), TEST_EPS);
    }",RegionBSPTree2STest::testToList_oe
commons-geometry_425,"@Test
    void testToTree_returnsSameInstance_oe() {
        // arrange
        final RegionBSPTree2S tree = RegionBSPTree2S.empty();
        insertPositiveQuadrant(tree);

        // act/assert
        Assertions.assertSame(tree, tree.toTree());
    }",RegionBSPTree2STest::testToTree_returnsSameInstance_oe
commons-geometry_426,"@Test
    void testGetBoundaryPaths_cachesResult_oe() {
        // arrange
        final RegionBSPTree2S tree = RegionBSPTree2S.empty();
        insertPositiveQuadrant(tree);

        // act
        final List<GreatArcPath> a = tree.getBoundaryPaths();
        final List<GreatArcPath> b = tree.getBoundaryPaths();

        // assert
        Assertions.assertSame(a, b);
    }",RegionBSPTree2STest::testGetBoundaryPaths_cachesResult_oe
commons-geometry_427,"@Test
    void testGetBoundaryPaths_recomputesResultOnChange_oe() {
        // arrange
        final RegionBSPTree2S tree = RegionBSPTree2S.empty();
        tree.insert(EQUATOR.span());

        // act
        final List<GreatArcPath> a = tree.getBoundaryPaths();
        tree.insert(X_MERIDIAN.span());
        final List<GreatArcPath> b = tree.getBoundaryPaths();

        // assert
        Assertions.assertNotSame(a, b);
    }",RegionBSPTree2STest::testGetBoundaryPaths_recomputesResultOnChange_oe
commons-geometry_428,"@Test
    void testGetBoundaryPaths_isUnmodifiable_oe() {
        // arrange
        final RegionBSPTree2S tree = RegionBSPTree2S.empty();
        tree.insert(EQUATOR.span());

        // act/assert
        Assertions.assertThrows(UnsupportedOperationException.class, () -> tree.getBoundaryPaths().add(GreatArcPath.empty()));
    }",RegionBSPTree2STest::testGetBoundaryPaths_isUnmodifiable_oe
commons-geometry_429,"@Test
    void testToConvex_full_oe() {
        // arrange
        final RegionBSPTree2S tree = RegionBSPTree2S.full();

        // act
        final List<ConvexArea2S> result = tree.toConvex();

        // assert
        Assertions.assertEquals(1, result.size());
        Assertions.assertTrue(result.get(0).isFull());
    }",RegionBSPTree2STest::testToConvex_full_oe
commons-geometry_430,"@Test
    void testToConvex_empty_oe() {
        // arrange
        final RegionBSPTree2S tree = RegionBSPTree2S.empty();

        // act
        final List<ConvexArea2S> result = tree.toConvex();

        // assert
        Assertions.assertEquals(0, result.size());
    }",RegionBSPTree2STest::testToConvex_empty_oe
commons-geometry_431,"@Test
    void testToConvex_doubleLune_oe() {
        // arrange
        final RegionBSPTree2S tree = GreatArcPath.builder(TEST_PRECISION)
                .append(EQUATOR.arc(0,  Math.PI))
                .append(X_MERIDIAN.arc(Math.PI, 0))
                .append(EQUATOR.reverse().arc(0, Math.PI))
                .append(X_MERIDIAN.reverse().arc(Math.PI, 0))
                .build()
                .toTree();

        // act
        final List<ConvexArea2S> result = tree.toConvex();

        // assert
        Assertions.assertEquals(2, result.size());

        final double size = result.stream().mapToDouble(ConvexArea2S::getSize).sum();
        Assertions.assertEquals(Angle.TWO_PI, size, TEST_EPS);
    }",RegionBSPTree2STest::testToConvex_doubleLune_oe
commons-geometry_432,"@Test
    void testToConvex_doubleLune_complement_oe() {
        // arrange
        final RegionBSPTree2S tree = GreatArcPath.builder(TEST_PRECISION)
                .append(EQUATOR.arc(0,  Math.PI))
                .append(X_MERIDIAN.arc(Math.PI, 0))
                .append(EQUATOR.reverse().arc(0, Math.PI))
                .append(X_MERIDIAN.reverse().arc(Math.PI, 0))
                .build()
                .toTree();

        // act
        final List<ConvexArea2S> result = tree.toConvex();

        // assert
        Assertions.assertEquals(2, result.size());

        final double size = result.stream().mapToDouble(ConvexArea2S::getSize).sum();
        Assertions.assertEquals(Angle.TWO_PI, size, TEST_EPS);
    }",RegionBSPTree2STest::testToConvex_doubleLune_complement_oe
commons-geometry_433,"@Test
    void testProject_oe() {
        // arrange
        final RegionBSPTree2S tree = RegionBSPTree2S.empty();
        tree.insert(EQUATOR.arc(0, Math.PI));
        tree.insert(X_MERIDIAN.arc(Math.PI, 0));

        // act/assert
        SphericalTestUtils.assertPointsEq(Point2S.of(Angle.PI_OVER_TWO, Angle.PI_OVER_TWO),
                tree.project(Point2S.of(Angle.PI_OVER_TWO, Angle.PI_OVER_TWO + 0.2)), TEST_EPS);
        SphericalTestUtils.assertPointsEq(Point2S.PLUS_K,
                tree.project(Point2S.of(-Angle.PI_OVER_TWO, 0.2)), TEST_EPS);

        SphericalTestUtils.assertPointsEq(Point2S.PLUS_I,
                tree.project(Point2S.of(-0.5, Angle.PI_OVER_TWO)), TEST_EPS);
        SphericalTestUtils.assertPointsEq(Point2S.MINUS_I,
                tree.project(Point2S.of(Math.PI + 0.5, Angle.PI_OVER_TWO)), TEST_EPS);

        final Point2S centroid = tree.getCentroid();
        SphericalTestUtils.assertPointsEq(Point2S.PLUS_K,
                tree.project(centroid.slerp(Point2S.PLUS_K, 1e-10)), TEST_EPS);
        SphericalTestUtils.assertPointsEq(Point2S.PLUS_J,
                tree.project(centroid.slerp(Point2S.PLUS_J, 1e-10)), TEST_EPS);
    }",RegionBSPTree2STest::testProject_oe
commons-geometry_434,"@Test
    void testProject_noBoundaries_oe() {
        // act/assert
        Assertions.assertNull(RegionBSPTree2S.empty().project(Point2S.PLUS_I));
        Assertions.assertNull(RegionBSPTree2S.full().project(Point2S.PLUS_I));
    }",RegionBSPTree2STest::testProject_noBoundaries_oe
commons-geometry_435,"@Test
    void testGeometricProperties_full_oe() {
        // arrange
        final RegionBSPTree2S tree = RegionBSPTree2S.full();

        // act/assert
        Assertions.assertEquals(4 * Math.PI, tree.getSize(), TEST_EPS);
        Assertions.assertNull(tree.getCentroid());

        Assertions.assertEquals(0, tree.getBoundarySize(), TEST_EPS);

        Assertions.assertEquals(0, tree.getBoundaries().size());
        Assertions.assertEquals(0, tree.getBoundaryPaths().size());
    }",RegionBSPTree2STest::testGeometricProperties_full_oe
commons-geometry_436,"@Test
    void testGeometricProperties_empty_oe() {
        // arrange
        final RegionBSPTree2S tree = RegionBSPTree2S.empty();

        // act/assert
        Assertions.assertEquals(0, tree.getSize(), TEST_EPS);
        Assertions.assertNull(tree.getCentroid());

        Assertions.assertEquals(0, tree.getBoundarySize(), TEST_EPS);

        Assertions.assertEquals(0, tree.getBoundaries().size());
        Assertions.assertEquals(0, tree.getBoundaryPaths().size());
    }",RegionBSPTree2STest::testGeometricProperties_empty_oe
commons-geometry_437,"@Test
    void testGeometricProperties_halfSpace_oe() {
        // arrange
        final RegionBSPTree2S tree = RegionBSPTree2S.full();
        tree.getRoot().cut(EQUATOR);

        // act/assert
        Assertions.assertEquals(Angle.TWO_PI, tree.getSize(), TEST_EPS);
        Assertions.assertEquals(Angle.TWO_PI, tree.getBoundarySize(), TEST_EPS);
        SphericalTestUtils.assertPointsEq(Point2S.PLUS_K, tree.getCentroid(), TEST_EPS);

        checkCentroidConsistency(tree);

        final List<GreatArc> arcs = tree.getBoundaries();
        Assertions.assertEquals(1, arcs.size());

        final GreatArc arc = arcs.get(0);
        Assertions.assertSame(EQUATOR, arc.getCircle());
        Assertions.assertNull(arc.getStartPoint());
        Assertions.assertNull(arc.getEndPoint());

        final List<GreatArcPath> paths = tree.getBoundaryPaths();
        Assertions.assertEquals(1, paths.size());

        final GreatArcPath path = paths.get(0);
        Assertions.assertEquals(1, path.getArcs().size());
        Assertions.assertTrue(path.getArcs().get(0).isFull());
    }",RegionBSPTree2STest::testGeometricProperties_halfSpace_oe
commons-geometry_438,"@Test
    void testGeometricProperties_doubleLune_oe() {
        // act
        final RegionBSPTree2S tree = GreatArcPath.builder(TEST_PRECISION)
                .append(EQUATOR.arc(0,  Math.PI))
                .append(X_MERIDIAN.arc(Math.PI, 0))
                .append(EQUATOR.reverse().arc(0, Math.PI))
                .append(X_MERIDIAN.reverse().arc(Math.PI, 0))
                .build()
                .toTree();

        // assert
        Assertions.assertEquals(2 * Math.PI, tree.getSize(), TEST_EPS);
        Assertions.assertEquals(4 * Math.PI, tree.getBoundarySize(), TEST_EPS);
        Assertions.assertNull(tree.getCentroid());

        final List<GreatArcPath> paths = tree.getBoundaryPaths();
        Assertions.assertEquals(2, paths.size());

        assertPath(paths.get(0), Point2S.PLUS_I, Point2S.MINUS_I, Point2S.PLUS_I);
        assertPath(paths.get(1), Point2S.PLUS_I, Point2S.MINUS_I, Point2S.PLUS_I);

        SphericalTestUtils.checkClassify(tree, RegionLocation.INSIDE,
                Point2S.of(0.5 * Math.PI, 0.25 * Math.PI),
                Point2S.of(1.5 * Math.PI, 0.75 * Math.PI));

        SphericalTestUtils.checkClassify(tree, RegionLocation.OUTSIDE,
                Point2S.of(0.5 * Math.PI, 0.75 * Math.PI),
                Point2S.of(1.5 * Math.PI, 0.25 * Math.PI));
    }",RegionBSPTree2STest::testGeometricProperties_doubleLune_oe
commons-geometry_439,"@Test
    void testGeometricProperties_quadrant_oe() {
        // act
        final RegionBSPTree2S tree = GreatArcPath.builder(TEST_PRECISION)
                .appendVertices(Point2S.MINUS_K, Point2S.PLUS_I, Point2S.MINUS_J)
                .close()
                .toTree();

        // assert
        Assertions.assertEquals(0.5 * Math.PI, tree.getSize(), TEST_EPS);
        Assertions.assertEquals(1.5 * Math.PI, tree.getBoundarySize(), TEST_EPS);

        final Point2S center = Point2S.from(Point2S.MINUS_K.getVector()
                .add(Point2S.PLUS_I.getVector())
                .add(Point2S.MINUS_J.getVector()));
        SphericalTestUtils.assertPointsEq(center, tree.getCentroid(), TEST_EPS);

        checkCentroidConsistency(tree);

        final List<GreatArcPath> paths = tree.getBoundaryPaths();
        Assertions.assertEquals(1, paths.size());

        assertPathLoop(paths.get(0), Point2S.PLUS_I, Point2S.MINUS_J,  Point2S.MINUS_K);

        SphericalTestUtils.checkClassify(tree, RegionLocation.INSIDE,
                Point2S.of(1.75 * Math.PI, 0.75 * Math.PI));

        SphericalTestUtils.checkClassify(tree, RegionLocation.OUTSIDE,
                Point2S.PLUS_J, Point2S.PLUS_K, Point2S.MINUS_I);
    }",RegionBSPTree2STest::testGeometricProperties_quadrant_oe
commons-geometry_440,"@Test
    void testGeometricProperties_quadrant_complement_oe() {
        // arrange
        final RegionBSPTree2S tree = GreatArcPath.builder(TEST_PRECISION)
                .appendVertices(Point2S.MINUS_K, Point2S.PLUS_I, Point2S.MINUS_J)
                .close()
                .toTree();

        // act
        tree.complement();

        // assert
        Assertions.assertEquals(3.5 * Math.PI, tree.getSize(), TEST_EPS);
        Assertions.assertEquals(1.5 * Math.PI, tree.getBoundarySize(), TEST_EPS);

        final Point2S center = Point2S.from(Point2S.MINUS_K.getVector()
                .add(Point2S.PLUS_I.getVector())
                .add(Point2S.MINUS_J.getVector()));
        SphericalTestUtils.assertPointsEq(center.antipodal(), tree.getCentroid(), TEST_EPS);

        checkCentroidConsistency(tree);

        final List<GreatArcPath> paths = tree.getBoundaryPaths();
        Assertions.assertEquals(1, paths.size());

        assertPathLoop(paths.get(0), Point2S.PLUS_I, Point2S.MINUS_K, Point2S.MINUS_J);

        SphericalTestUtils.checkClassify(tree, RegionLocation.OUTSIDE,
                Point2S.of(1.75 * Math.PI, 0.75 * Math.PI));

        SphericalTestUtils.checkClassify(tree, RegionLocation.INSIDE,
                Point2S.PLUS_J, Point2S.PLUS_K, Point2S.MINUS_I);
    }",RegionBSPTree2STest::testGeometricProperties_quadrant_complement_oe
commons-geometry_441,"@Test
    void testGeometricProperties_polygonWithHole_oe() {
        // arrange
        final Point2S center = Point2S.of(0.5, 2);

        final double outerRadius = 1;
        final double innerRadius = 0.5;

        final RegionBSPTree2S outer = buildDiamond(center, outerRadius);
        final RegionBSPTree2S inner = buildDiamond(center, innerRadius);

        // rotate the inner diamond a quarter turn to become a square
        inner.transform(Transform2S.createRotation(center, 0.25 * Math.PI));

        // act
        final RegionBSPTree2S tree = RegionBSPTree2S.empty();
        tree.difference(outer, inner);

        // assert
        final double area = 4 * (rightTriangleArea(outerRadius, outerRadius) - rightTriangleArea(innerRadius, innerRadius));
        Assertions.assertEquals(area, tree.getSize(), TEST_EPS);

        final double outerSideLength = sphericalHypot(outerRadius, outerRadius);
        final double innerSideLength = sphericalHypot(innerRadius, innerRadius);
        final double boundarySize = 4 * (outerSideLength + innerSideLength);
        Assertions.assertEquals(boundarySize, tree.getBoundarySize(), TEST_EPS);

        SphericalTestUtils.assertPointsEq(center, tree.getCentroid(), TEST_EPS);
        checkCentroidConsistency(tree);

        SphericalTestUtils.checkClassify(tree, RegionLocation.OUTSIDE, center);
    }",RegionBSPTree2STest::testGeometricProperties_polygonWithHole_oe
commons-geometry_442,"@Test
    void testGeometricProperties_polygonWithHole_small_oe() {
        // arrange
        final Point2S center = Point2S.of(0.5, 2);

        final double outerRadius = 1e-5;
        final double innerRadius = 1e-7;

        final RegionBSPTree2S outer = buildDiamond(center, outerRadius);
        final RegionBSPTree2S inner = buildDiamond(center, innerRadius);

        // rotate the inner diamond a quarter turn to become a square
        inner.transform(Transform2S.createRotation(center, 0.25 * Math.PI));

        // act
        final RegionBSPTree2S tree = RegionBSPTree2S.empty();
        tree.difference(outer, inner);

        // assert

        // use Euclidean approximations of the area and boundary size since those will be more accurate
        // at these sizes
        final double area = (2 * outerRadius * outerRadius) - (2 * innerRadius * innerRadius);
        Assertions.assertEquals(area, tree.getSize(), TEST_EPS);

        final double outerSideLength = Math.hypot(outerRadius, outerRadius);
        final double innerSideLength = Math.hypot(innerRadius, innerRadius);
        final double boundarySize = 4 * (outerSideLength + innerSideLength);
        Assertions.assertEquals(boundarySize, tree.getBoundarySize(), TEST_EPS);

        SphericalTestUtils.assertPointsEq(center, tree.getCentroid(), TEST_EPS);
        checkCentroidConsistency(tree);

        SphericalTestUtils.checkClassify(tree, RegionLocation.OUTSIDE, center);
    }",RegionBSPTree2STest::testGeometricProperties_polygonWithHole_small_oe
commons-geometry_443,"@Test
    void testGeometricProperties_polygonWithHole_complex_oe() {
        // arrange
        final Point2S center = Point2S.of(0.5, 2);

        final double outerRadius = 2;
        final double midRadius = 1;
        final double innerRadius = 0.5;

        final RegionBSPTree2S outer = buildDiamond(center, outerRadius);
        final RegionBSPTree2S mid = buildDiamond(center, midRadius);
        final RegionBSPTree2S inner = buildDiamond(center, innerRadius);

        // rotate the middle diamond a quarter turn to become a square
        mid.transform(Transform2S.createRotation(center, 0.25 * Math.PI));

        // act
        final RegionBSPTree2S tree = RegionBSPTree2S.empty();
        tree.difference(outer, mid);
        tree.union(inner);
        tree.complement();

        // assert
        // compute the area, adjusting the first computation for the fact that the triangles comprising the
        // outer diamond have lengths greater than pi/2
        final double nonComplementedArea = 4 * ((Math.PI - rightTriangleArea(outerRadius, outerRadius) -
                rightTriangleArea(midRadius, midRadius) + rightTriangleArea(innerRadius, innerRadius)));
        final double area = (4 * Math.PI) - nonComplementedArea;
        Assertions.assertEquals(area, tree.getSize(), TEST_EPS);

        final double outerSideLength = sphericalHypot(outerRadius, outerRadius);
        final double midSideLength = sphericalHypot(midRadius, midRadius);
        final double innerSideLength = sphericalHypot(innerRadius, innerRadius);
        final double boundarySize = 4 * (outerSideLength + midSideLength + innerSideLength);
        Assertions.assertEquals(boundarySize, tree.getBoundarySize(), TEST_EPS);

        SphericalTestUtils.assertPointsEq(center.antipodal(), tree.getCentroid(), TEST_EPS);
        checkCentroidConsistency(tree);

        SphericalTestUtils.checkClassify(tree, RegionLocation.OUTSIDE, center);
    }",RegionBSPTree2STest::testGeometricProperties_polygonWithHole_complex_oe
commons-geometry_444,"@Test
    void testGeometricProperties_smallRightTriangle_oe() {
        // arrange
        final double azOffset = 1e-5;
        final double polarOffset = 1e-6;

        final double minAz = 0;
        final double maxAz = minAz + azOffset;
        final double maxPolar = Angle.PI_OVER_TWO;
        final double minPolar = maxPolar - polarOffset;

        final Point2S p0 = Point2S.of(minAz, maxPolar);
        final Point2S p1 = Point2S.of(maxAz, maxPolar);
        final Point2S p2 = Point2S.of(maxAz, minPolar);

        // act
        final RegionBSPTree2S tree = GreatArcPath.fromVertexLoop(Arrays.asList(p0, p1, p2), TEST_PRECISION)
                .toTree();

        // assert

        // use Euclidean approximations of the area and boundary size since those will be more accurate
        // at these sizes
        final double expectedArea = 0.5 * azOffset * polarOffset;
        Assertions.assertEquals(expectedArea, tree.getSize(), TEST_EPS);

        final double expectedBoundarySize = azOffset + polarOffset + Math.hypot(azOffset, polarOffset);
        Assertions.assertEquals(expectedBoundarySize, tree.getBoundarySize(), TEST_EPS);

        Assertions.assertTrue(tree.contains(tree.getCentroid()));
        checkCentroidConsistency(tree);

        SphericalTestUtils.checkClassify(tree, RegionLocation.INSIDE,
                tree.getCentroid(),
                Point2S.of(minAz + (0.75 * azOffset), minPolar + (0.75 * polarOffset)));

        SphericalTestUtils.checkClassify(tree, RegionLocation.BOUNDARY,
                p0, p1, p2, p0.slerp(p1, 0.5), p1.slerp(p2, 0.5), p2.slerp(p0, 0.5));

        final double midAz = minAz + (0.5 * azOffset);
        final double pastMinAz = minAz - azOffset;
        final double pastMaxAz = maxAz + azOffset;

        final double midPolar = minPolar + (0.5 * polarOffset);
        final double pastMinPolar = minPolar - polarOffset;
        final double pastMaxPolar = maxPolar + polarOffset;

        SphericalTestUtils.checkClassify(tree, RegionLocation.OUTSIDE,
                tree.getCentroid().antipodal(),
                Point2S.of(pastMinAz, midPolar), Point2S.of(pastMaxAz, midPolar),
                Point2S.of(midAz, pastMinPolar), Point2S.of(midAz, pastMaxPolar));
    }",RegionBSPTree2STest::testGeometricProperties_smallRightTriangle_oe
commons-geometry_445,"@Test
    void testGeometricProperties_equalAndOppositeRegions_oe() {
        // arrange
        final Point2S center = Point2S.PLUS_I;
        final double radius = 0.25 * Math.PI;

        final RegionBSPTree2S a = buildDiamond(center, radius);
        final RegionBSPTree2S b = buildDiamond(center.antipodal(), radius);

        // act
        final RegionBSPTree2S tree = RegionBSPTree2S.empty();
        tree.union(a, b);

        // assert
        final double area = 8 * rightTriangleArea(radius, radius);
        Assertions.assertEquals(area, tree.getSize(), TEST_EPS);

        final double boundarySize = 8 * sphericalHypot(radius, radius);
        Assertions.assertEquals(boundarySize, tree.getBoundarySize(), TEST_EPS);

        // should be null since no unique centroid exists
        Assertions.assertNull(tree.getCentroid());
    }",RegionBSPTree2STest::testGeometricProperties_equalAndOppositeRegions_oe
commons-geometry_446,"@Test
    void testSplit_both_oe() {
        // arrange
        final GreatCircle c1 = GreatCircles.fromPole(Vector3D.Unit.MINUS_X, TEST_PRECISION);
        final GreatCircle c2 = GreatCircles.fromPole(Vector3D.of(1, 1, 0), TEST_PRECISION);

        final RegionBSPTree2S tree = ConvexArea2S.fromBounds(c1, c2).toTree();

        final GreatCircle splitter = GreatCircles.fromPole(Vector3D.of(-1, 0, 1), TEST_PRECISION);

        // act
        final Split<RegionBSPTree2S> split = tree.split(splitter);

        // assert
        Assertions.assertEquals(SplitLocation.BOTH, split.getLocation());

        final Point2S p1 = c1.intersection(splitter);
        final Point2S p2 = splitter.intersection(c2);

        final RegionBSPTree2S minus = split.getMinus();
        final List<GreatArcPath> minusPaths = minus.getBoundaryPaths();
        Assertions.assertEquals(1, minusPaths.size());
        assertPath(minusPaths.get(0), Point2S.PLUS_K, p1, p2, Point2S.PLUS_K);

        final RegionBSPTree2S plus = split.getPlus();
        final List<GreatArcPath> plusPaths = plus.getBoundaryPaths();
        Assertions.assertEquals(1, plusPaths.size());
        assertPath(plusPaths.get(0), p1, Point2S.MINUS_K, p2, p1);

        Assertions.assertEquals(tree.getSize(), minus.getSize() + plus.getSize(), TEST_EPS);
    }",RegionBSPTree2STest::testSplit_both_oe
commons-geometry_447,"@Test
    void testSplit_minus_oe() {
        // arrange
        final RegionBSPTree2S tree = ConvexArea2S.fromVertexLoop(Arrays.asList(
                    Point2S.PLUS_I, Point2S.PLUS_K, Point2S.MINUS_J
                ), TEST_PRECISION).toTree();

        final GreatCircle splitter = GreatCircles.fromPole(Vector3D.of(0, -1, 1), TEST_PRECISION);

        // act
        final Split<RegionBSPTree2S> split = tree.split(splitter);

        // assert
        Assertions.assertEquals(SplitLocation.MINUS, split.getLocation());

        final RegionBSPTree2S minus = split.getMinus();
        Assertions.assertNotSame(tree, minus);
        Assertions.assertEquals(tree.getSize(), minus.getSize(), TEST_EPS);

        Assertions.assertNull(split.getPlus());
    }",RegionBSPTree2STest::testSplit_minus_oe
commons-geometry_448,"@Test
    void testSplit_plus_oe() {
        // arrange
        final RegionBSPTree2S tree = ConvexArea2S.fromVertexLoop(Arrays.asList(
                    Point2S.PLUS_I, Point2S.PLUS_K, Point2S.MINUS_J
                ), TEST_PRECISION).toTree();

        final GreatCircle splitter = GreatCircles.fromPole(Vector3D.of(0, 1, -1), TEST_PRECISION);

        // act
        final Split<RegionBSPTree2S> split = tree.split(splitter);

        // assert
        Assertions.assertEquals(SplitLocation.PLUS, split.getLocation());

        Assertions.assertNull(split.getMinus());

        final RegionBSPTree2S plus = split.getPlus();
        Assertions.assertNotSame(tree, plus);
        Assertions.assertEquals(tree.getSize(), plus.getSize(), TEST_EPS);
    }",RegionBSPTree2STest::testSplit_plus_oe
commons-geometry_449,"@Test
    void testTransform_oe() {
        // arrange
        final Transform2S t = Transform2S.createReflection(Point2S.PLUS_J);
        final RegionBSPTree2S tree = ConvexArea2S.fromVertexLoop(
                Arrays.asList(Point2S.PLUS_I, Point2S.PLUS_J, Point2S.PLUS_K), TEST_PRECISION).toTree();

        // act
        tree.transform(t);

        // assert
        Assertions.assertFalse(tree.isFull());
        Assertions.assertFalse(tree.isEmpty());
        Assertions.assertEquals(1.5 * Math.PI, tree.getBoundarySize(), TEST_EPS);
        Assertions.assertEquals(Angle.PI_OVER_TWO, tree.getSize(), TEST_EPS);

        final Point2S expectedCentroid = triangleCentroid(Point2S.MINUS_J, Point2S.PLUS_I, Point2S.PLUS_K);
        SphericalTestUtils.assertPointsEq(expectedCentroid, tree.getCentroid(), TEST_EPS);

        checkCentroidConsistency(tree);

        SphericalTestUtils.checkClassify(tree, RegionLocation.INSIDE,
                Point2S.of(-0.25 * Math.PI, 0.25 * Math.PI));

        SphericalTestUtils.checkClassify(tree, RegionLocation.BOUNDARY,
                Point2S.PLUS_I, Point2S.MINUS_J, Point2S.PLUS_K,
                Point2S.of(0, 0.25 * Math.PI), Point2S.of(-Angle.PI_OVER_TWO, 0.304 * Math.PI),
                Point2S.of(-0.25 * Math.PI, Angle.PI_OVER_TWO));

        SphericalTestUtils.checkClassify(tree, RegionLocation.OUTSIDE,
                Point2S.PLUS_J, Point2S.MINUS_I, Point2S.MINUS_K);
    }",RegionBSPTree2STest::testTransform_oe
commons-geometry_450,"@Test
    void testRegionNode_getNodeRegion_oe() {
        // arrange
        final RegionBSPTree2S tree = RegionBSPTree2S.empty();

        final RegionNode2S root = tree.getRoot();
        final RegionNode2S minus = root.cut(EQUATOR).getMinus();
        final RegionNode2S minusPlus = minus.cut(X_MERIDIAN).getPlus();

        // act/assert
        final ConvexArea2S rootRegion = root.getNodeRegion();
        Assertions.assertEquals(4 * Math.PI, rootRegion.getSize(), TEST_EPS);
        Assertions.assertNull(rootRegion.getCentroid());

        final ConvexArea2S minusRegion = minus.getNodeRegion();
        Assertions.assertEquals(2 * Math.PI, minusRegion.getSize(), TEST_EPS);
        SphericalTestUtils.assertPointsEq(Point2S.PLUS_K, minusRegion.getCentroid(), TEST_EPS);

        final ConvexArea2S minusPlusRegion = minusPlus.getNodeRegion();
        Assertions.assertEquals(Math.PI, minusPlusRegion.getSize(), TEST_EPS);
        SphericalTestUtils.assertPointsEq(Point2S.of(1.5 * Math.PI, 0.25 * Math.PI),
                minusPlusRegion.getCentroid(), TEST_EPS);
    }",RegionBSPTree2STest::testRegionNode_getNodeRegion_oe
commons-geometry_451,"@Test
    void testGeographicMap_oe() {
        // arrange
        final RegionBSPTree2S continental = latLongToTree(TEST_PRECISION, new double[][] {
                {51.14850,  2.51357}, {50.94660,  1.63900}, {50.12717,  1.33876}, {49.34737, -0.98946},
                {49.77634, -1.93349}, {48.64442, -1.61651}, {48.90169, -3.29581}, {48.68416, -4.59234},
                {47.95495, -4.49155}, {47.57032, -2.96327}, {46.01491, -1.19379}, {44.02261, -1.38422},
                {43.42280, -1.90135}, {43.03401, -1.50277}, {42.34338,  1.82679}, {42.47301,  2.98599},
                {43.07520,  3.10041}, {43.39965,  4.55696}, {43.12889,  6.52924}, {43.69384,  7.43518},
                {44.12790,  7.54959}, {45.02851,  6.74995}, {45.33309,  7.09665}, {46.42967,  6.50009},
                {46.27298,  6.02260}, {46.72577,  6.03738}, {47.62058,  7.46675}, {49.01778,  8.09927},
                {49.20195,  6.65822}, {49.44266,  5.89775}, {49.98537,  4.79922}
            });
        final RegionBSPTree2S corsica = latLongToTree(TEST_PRECISION, new double[][] {
                {42.15249,  9.56001}, {43.00998,  9.39000}, {42.62812,  8.74600}, {42.25651,  8.54421},
                {41.58361,  8.77572}, {41.38000,  9.22975}
            });

        // act
        final RegionBSPTree2S france = RegionBSPTree2S.empty();
        france.union(continental, corsica);

        // assert
        Assertions.assertEquals(0.6316801448267251, france.getBoundarySize(), TEST_EPS);
        Assertions.assertEquals(0.013964220234478741, france.getSize(), TEST_EPS);

        SphericalTestUtils.assertPointsEq(Point2S.of(0.04368552749392928, 0.7590839905197961),
                france.getCentroid(), CENTROID_EPS);

        checkCentroidConsistency(france);
    }",RegionBSPTree2STest::testGeographicMap_oe
commons-geometry_452,"@Test
    void testCircleToPolygonCentroid_oe() {
        final double radius = 0.0001;
        final Point2S center = Point2S.of(1.0, 1.0);
        final int numPts = 200;

        // counterclockwise
        final RegionBSPTree2S ccw = circleToPolygon(center, radius, numPts, false, TEST_PRECISION);
        SphericalTestUtils.assertPointsEq(center, ccw.getCentroid(), TEST_EPS);

        // clockwise; centroid should just be antipodal for the circle center
        final RegionBSPTree2S cw = circleToPolygon(center, radius, numPts, true, TEST_PRECISION);

        SphericalTestUtils.assertPointsEq(center.antipodal(), cw.getCentroid(), CENTROID_EPS);
    }",RegionBSPTree2STest::testCircleToPolygonCentroid_oe
commons-geometry_453,"@Test
    void testCircleToPolygonSize_oe() {
        final double radius = 0.0001;
        final Point2S center = Point2S.of(1.0, 1.0);
        final int numPts = 200;

        // https://en.wikipedia.org/wiki/Spherical_cap
        final double ccwArea = 4.0 * Math.PI * Math.pow(Math.sin(radius / 2.0), 2.0);
        final double cwArea = 4.0 * Math.PI - ccwArea;

        final RegionBSPTree2S ccw = circleToPolygon(center, radius, numPts, false, TEST_PRECISION);
        Assertions.assertEquals(ccwArea, ccw.getSize(), TEST_EPS, ""Counterclockwise size"");

        final RegionBSPTree2S cw = circleToPolygon(center, radius, numPts, true, TEST_PRECISION);
        Assertions.assertEquals(cwArea, cw.getSize(), TEST_EPS, ""Clockwise size"");
    }",RegionBSPTree2STest::testCircleToPolygonSize_oe
commons-geometry_454,"@Test
    void testCircleToPolygonBoundarySize_oe() {
        final double radius = 0.0001;
        final Point2S center = Point2S.of(1.0, 1.0);
        final int numPts = 200;

        // boundary size is independent from winding
        final double boundary = Angle.TWO_PI * Math.sin(radius);

        final RegionBSPTree2S ccw = circleToPolygon(center, radius, numPts, false, TEST_PRECISION);
        Assertions.assertEquals(boundary, ccw.getBoundarySize(), 1.0e-7, ""Counterclockwise boundary size"");

        final RegionBSPTree2S cw = circleToPolygon(center, radius, numPts, true, TEST_PRECISION);
        Assertions.assertEquals(boundary, cw.getBoundarySize(), 1.0e-7, ""Clockwise boundary size"");
    }",RegionBSPTree2STest::testCircleToPolygonBoundarySize_oe
commons-geometry_455,"@Test
    void testSmallCircleToPolygon_oe() {
        // arrange
        final double radius = 5.0e-8;
        final Point2S center = Point2S.of(0.5, 1.5);
        final int numPts = 100;

        // act
        final RegionBSPTree2S circle = circleToPolygon(center, radius, numPts, false, TEST_PRECISION);

        // assert
        // https://en.wikipedia.org/wiki/Spherical_cap
        final double area = 4.0 * Math.PI * Math.pow(Math.sin(radius / 2.0), 2.0);
        final double boundary = Angle.TWO_PI * Math.sin(radius);

        SphericalTestUtils.assertPointsEq(center, circle.getCentroid(), TEST_EPS);
        Assertions.assertEquals(area, circle.getSize(), TEST_EPS);
        Assertions.assertEquals(boundary, circle.getBoundarySize(), TEST_EPS);
    }",RegionBSPTree2STest::testSmallCircleToPolygon_oe
commons-geometry_456,"@Test
    void testSmallGeographicalRectangle_oe() {
        // arrange
        final double[][] vertices = {
            {42.656216727628696, -70.61919768884546},
            {42.65612858998112, -70.61938607250165},
            {42.65579098923594, -70.61909615581666},
            {42.655879126692355, -70.61890777301083}
        };

        // act
        final RegionBSPTree2S rectangle = latLongToTree(TEST_PRECISION, vertices);

        // assert
        // approximate the centroid as average of vertices
        final double avgLat = Stream.of(vertices).mapToDouble(v -> v[0]).average().getAsDouble();
        final double avgLon = Stream.of(vertices).mapToDouble(v -> v[1]).average().getAsDouble();
        final Point2S expectedCentroid = latLongToPoint(avgLat, avgLon);

        SphericalTestUtils.assertPointsEq(expectedCentroid, rectangle.getCentroid(), TEST_EPS);

        // expected results computed using GeographicLib (https://geographiclib.sourceforge.io/)
        Assertions.assertEquals(1.997213869978027E-11, rectangle.getSize(), TEST_EPS);
        Assertions.assertEquals(1.9669710464585642E-5, rectangle.getBoundarySize(), TEST_EPS);
    }",RegionBSPTree2STest::testSmallGeographicalRectangle_oe
commons-geometry_457,"@Test
    void testConnectAll_emptyCollection_oe() {
        // act
        final List<GreatArcPath> paths = connector.connectAll(Collections.emptyList());

        // assert
        Assertions.assertEquals(0, paths.size());
    }",AbstractGreatArcPathConnectorTest::testConnectAll_emptyCollection_oe
commons-geometry_458,"@Test
    void testConnectAll_singleFullArc_oe() {
        // act
        connector.add(Collections.singletonList(XY_PLANE.span()));
        final List<GreatArcPath> paths = connector.connectAll();

        // assert
        Assertions.assertEquals(1, paths.size());

        final GreatArcPath a = paths.get(0);
        Assertions.assertEquals(1, a.getArcs().size());
        Assertions.assertSame(XY_PLANE, a.getStartArc().getCircle());
    }",AbstractGreatArcPathConnectorTest::testConnectAll_singleFullArc_oe
commons-geometry_459,"@Test
    void testConnectAll_twoFullArcs_oe() {
        // act
        connector.add(XZ_PLANE.span());
        final List<GreatArcPath> paths = connector.connectAll(Collections.singletonList(XY_PLANE.span()));

        // assert
        Assertions.assertEquals(2, paths.size());

        final GreatArcPath a = paths.get(0);
        Assertions.assertEquals(1, a.getArcs().size());
        Assertions.assertSame(XY_PLANE, a.getStartArc().getCircle());

        final GreatArcPath b = paths.get(1);
        Assertions.assertEquals(1, b.getArcs().size());
        Assertions.assertSame(XZ_PLANE, b.getStartArc().getCircle());
    }",AbstractGreatArcPathConnectorTest::testConnectAll_twoFullArcs_oe
commons-geometry_460,"@Test
    void testConnectAll_singleLune_oe() {
        // arrange
        final GreatCircle upperBound = GreatCircles.fromPoleAndU(
                Vector3D.of(0, 1, -1), Vector3D.Unit.PLUS_X, TEST_PRECISION);

        connector.add(XY_PLANE.arc(0, Math.PI));
        connector.add(upperBound.arc(Math.PI, 0));

        // act
        final List<GreatArcPath> paths = connector.connectAll();

        // assert
        Assertions.assertEquals(1, paths.size());

        final GreatArcPath a = paths.get(0);
        Assertions.assertEquals(2, a.getArcs().size());
        Assertions.assertSame(XY_PLANE, a.getStartArc().getCircle());
        Assertions.assertSame(upperBound, a.getEndArc().getCircle());
    }",AbstractGreatArcPathConnectorTest::testConnectAll_singleLune_oe
commons-geometry_461,"@Test
    void testConnectAll_singleLune_pathsNotOrientedCorrectly_oe() {
        // arrange
        final GreatCircle upperBound = GreatCircles.fromPoleAndU(
                Vector3D.of(0, 1, -1), Vector3D.Unit.PLUS_X, TEST_PRECISION);

        connector.add(XY_PLANE.arc(0, Math.PI));
        connector.add(upperBound.arc(0, Math.PI));

        // act
        final List<GreatArcPath> paths = connector.connectAll();

        // assert
        Assertions.assertEquals(2, paths.size());

        final GreatArcPath a = paths.get(0);
        Assertions.assertEquals(1, a.getArcs().size());
        Assertions.assertSame(XY_PLANE, a.getStartArc().getCircle());

        final GreatArcPath b = paths.get(1);
        Assertions.assertEquals(1, b.getArcs().size());
        Assertions.assertSame(upperBound, b.getStartArc().getCircle());
    }",AbstractGreatArcPathConnectorTest::testConnectAll_singleLune_pathsNotOrientedCorrectly_oe
commons-geometry_462,"@Test
    void testConnectAll_largeTriangle_oe() {
        // arrange
        final Point2S p1 = Point2S.PLUS_I;
        final Point2S p2 = Point2S.PLUS_J;
        final Point2S p3 = Point2S.PLUS_K;

        // act
        final List<GreatArcPath> paths = connector.connectAll(Arrays.asList(
                    GreatCircles.arcFromPoints(p1, p2, TEST_PRECISION),
                    GreatCircles.arcFromPoints(p2, p3, TEST_PRECISION),
                    GreatCircles.arcFromPoints(p3, p1, TEST_PRECISION)
                ));

        // assert
        Assertions.assertEquals(1, paths.size());

        final GreatArcPath a = paths.get(0);
        Assertions.assertEquals(3, a.getArcs().size());

        assertPathPoints(a, p3, p1, p2, p3);
    }",AbstractGreatArcPathConnectorTest::testConnectAll_largeTriangle_oe
commons-geometry_463,"@Test
    void testConnectAll_smallTriangleWithDisconnectedLuneAndArc_oe() {
        // arrange
        final Point2S p1 = Point2S.of(0, 0);
        final Point2S p2 = Point2S.of(0, 0.1 * Math.PI);
        final Point2S p3 = Point2S.of(0.1, 0.1 * Math.PI);

        final GreatArc luneEdge1 = GreatCircles.fromPoints(
                    Point2S.PLUS_J,
                    Point2S.MINUS_I,
                    TEST_PRECISION)
                .arc(0, Math.PI);
        final GreatArc luneEdge2 = GreatCircles.fromPoints(
                    Point2S.MINUS_J,
                    Point2S.of(Angle.PI_OVER_TWO, 0.4 * Math.PI),
                    TEST_PRECISION)
                .arc(0, Math.PI);

        final GreatArc separateArc = GreatCircles.arcFromPoints(
                Point2S.of(-Angle.PI_OVER_TWO, 0.7 * Math.PI),
                Point2S.of(-Angle.PI_OVER_TWO, 0.8 * Math.PI),
                TEST_PRECISION);

        // act
        final List<GreatArcPath> paths = connector.connectAll(Arrays.asList(
                    luneEdge1,
                    GreatCircles.arcFromPoints(p2, p3, TEST_PRECISION),
                    separateArc,
                    GreatCircles.arcFromPoints(p1, p2, TEST_PRECISION),
                    GreatCircles.arcFromPoints(p3, p1, TEST_PRECISION),
                    luneEdge2
                ));

        // assert
        Assertions.assertEquals(3, paths.size());

        final GreatArcPath triangle = paths.get(0);
        Assertions.assertEquals(3, triangle.getArcs().size());
        assertPathPoints(triangle, p1, p2, p3, p1);

        final GreatArcPath lune = paths.get(1);
        Assertions.assertEquals(2, lune.getArcs().size());
        Assertions.assertSame(luneEdge1, lune.getStartArc());
        Assertions.assertSame(luneEdge2, lune.getEndArc());

        final GreatArcPath separate = paths.get(2);
        Assertions.assertEquals(1, separate.getArcs().size());
        Assertions.assertSame(separateArc, separate.getStartArc());
    }",AbstractGreatArcPathConnectorTest::testConnectAll_smallTriangleWithDisconnectedLuneAndArc_oe
commons-geometry_464,"@Test
    void testConnectAll_choosesBestPointLikeConnection_oe() {
        // arrange
        final Precision.DoubleEquivalence precision = Precision.doubleEquivalenceOfEpsilon(1e-1);

        final Point2S p1 = Point2S.PLUS_I;
        final Point2S p2 = Point2S.of(1, Angle.PI_OVER_TWO);
        final Point2S p3 = Point2S.of(1.001, 0.491 * Math.PI);
        final Point2S p4 = Point2S.of(1.001, 0.502 * Math.PI);

        connector.add(GreatCircles.arcFromPoints(p2, p3, TEST_PRECISION));
        connector.add(GreatCircles.arcFromPoints(p2, p4, TEST_PRECISION));
        connector.add(GreatCircles.arcFromPoints(p1, p2, precision));

        // act
        final List<GreatArcPath> paths = connector.connectAll();

        // assert
        Assertions.assertEquals(2, paths.size());

        final GreatArcPath a = paths.get(0);
        Assertions.assertEquals(2, a.getArcs().size());
        assertPathPoints(a, p1, p2, p4);

        final GreatArcPath b = paths.get(1);
        Assertions.assertEquals(1, b.getArcs().size());
        assertPathPoints(b, p2, p3);
    }",AbstractGreatArcPathConnectorTest::testConnectAll_choosesBestPointLikeConnection_oe
commons-geometry_465,"@Test
    void testConnect_oe() {
        // arrange
        final GreatArc arcA = GreatCircles.arcFromPoints(Point2S.PLUS_I, Point2S.PLUS_J, TEST_PRECISION);
        final GreatArc arcB = GreatCircles.arcFromPoints(Point2S.PLUS_J, Point2S.MINUS_I, TEST_PRECISION);
        final GreatArc arcC = GreatCircles.arcFromPoints(Point2S.PLUS_J, Point2S.PLUS_K, TEST_PRECISION);

        // act
        connector.connect(Arrays.asList(
                    arcB,
                    arcA
                ));

        connector.connect(Collections.singletonList(arcC));

        final List<GreatArcPath> paths = connector.connectAll();

        // assert
        Assertions.assertEquals(2, paths.size());

        final GreatArcPath a = paths.get(0);
        Assertions.assertEquals(2, a.getArcs().size());
        assertPathPoints(a, Point2S.PLUS_I, Point2S.PLUS_J, Point2S.MINUS_I);

        final GreatArcPath b = paths.get(1);
        Assertions.assertEquals(1, b.getArcs().size());
        assertPathPoints(b, Point2S.PLUS_J, Point2S.PLUS_K);
    }",AbstractGreatArcPathConnectorTest::testConnect_oe
commons-geometry_466,"@Test
    void testConnectableSegment_hashCode_oe() {
        // arrange
        final GreatArc arcA = GreatCircles.arcFromPoints(Point2S.PLUS_I, Point2S.PLUS_J, TEST_PRECISION);
        final GreatArc arcB = GreatCircles.arcFromPoints(Point2S.PLUS_J, Point2S.MINUS_I, TEST_PRECISION);

        final ConnectableGreatArc a = new ConnectableGreatArc(arcA);

        // act
        final int hash = a.hashCode();

        // assert
        Assertions.assertEquals(hash, a.hashCode());

        Assertions.assertNotEquals(hash, new ConnectableGreatArc(arcB).hashCode());
        Assertions.assertNotEquals(hash, new ConnectableGreatArc(Point2S.MINUS_I).hashCode());

        Assertions.assertEquals(hash, new ConnectableGreatArc(arcA).hashCode());
    }",AbstractGreatArcPathConnectorTest::testConnectableSegment_hashCode_oe
commons-geometry_467,"@Test
    void testConnectableSegment_equals_oe() {
        // arrange
        final GreatArc arcA = GreatCircles.arcFromPoints(Point2S.PLUS_I, Point2S.PLUS_J, TEST_PRECISION);
        final GreatArc arcB = GreatCircles.arcFromPoints(Point2S.PLUS_J, Point2S.MINUS_I, TEST_PRECISION);

        final ConnectableGreatArc a = new ConnectableGreatArc(arcA);

        // act/assert
        Assertions.assertEquals(a, a);

        Assertions.assertFalse(a.equals(null));
        Assertions.assertFalse(a.equals(new Object()));

        Assertions.assertNotEquals(a, new ConnectableGreatArc(arcB));
        Assertions.assertNotEquals(a, new ConnectableGreatArc(Point2S.MINUS_I));

        Assertions.assertEquals(a, new ConnectableGreatArc(arcA));
    }",AbstractGreatArcPathConnectorTest::testConnectableSegment_equals_oe
commons-geometry_468,"@Test
    void testConnectorCanBeReused_oe() {
        // arrange
        final GreatArc a = GreatCircles.arcFromPoints(Point2S.PLUS_I, Point2S.PLUS_J, TEST_PRECISION);
        final GreatArc b = GreatCircles.arcFromPoints(Point2S.MINUS_I, Point2S.MINUS_J, TEST_PRECISION);

        // act
        final List<GreatArcPath> path1 = connector.connectAll(Collections.singletonList(a));
        final List<GreatArcPath> path2 = connector.connectAll(Collections.singletonList(b));

        // assert
        Assertions.assertEquals(1, path1.size());
        assertPathPoints(path1.get(0), Point2S.PLUS_I, Point2S.PLUS_J);

        Assertions.assertEquals(1, path2.size());
        assertPathPoints(path2.get(0), Point2S.MINUS_I, Point2S.MINUS_J);
    }",AbstractGreatArcPathConnectorTest::testConnectorCanBeReused_oe
commons-geometry_469,"@Test
    void testToList_oe() {
        // act
        final BoundarySource2S src = BoundarySource2S.of(
            GreatCircles.arcFromPoints(Point2S.PLUS_I, Point2S.PLUS_J, TEST_PRECISION),
            GreatCircles.arcFromPoints(Point2S.PLUS_J, Point2S.PLUS_K, TEST_PRECISION)
        );

        // act
        final BoundaryList2S list = src.toList();

        // assert
        Assertions.assertEquals(2, list.count());
    }",BoundarySource2STest::testToList_oe
commons-geometry_470,"@Test
    void testToList_noBoundaries_oe() {
        // act
        final BoundarySource2S src = BoundarySource2S.of();

        // act
        final BoundaryList2S list = src.toList();

        // assert
        Assertions.assertEquals(0, list.count());
    }",BoundarySource2STest::testToList_noBoundaries_oe
commons-geometry_471,"@Test
    void testToTree_oe() {
        // act
        final BoundarySource2S src = BoundarySource2S.of(
                GreatCircles.arcFromPoints(Point2S.PLUS_I, Point2S.PLUS_J, TEST_PRECISION));

        // act
        final RegionBSPTree2S tree = src.toTree();

        // assert
        Assertions.assertEquals(3, tree.count());
        Assertions.assertFalse(tree.isFull());
        Assertions.assertFalse(tree.isEmpty());
    }",BoundarySource2STest::testToTree_oe
commons-geometry_472,"@Test
    void testToTree_noBoundaries_oe() {
        // act
        final BoundarySource2S src = BoundarySource2S.of(Collections.emptyList());

        // act
        final RegionBSPTree2S tree = src.toTree();

        // assert
        Assertions.assertEquals(1, tree.count());
        Assertions.assertFalse(tree.isFull());
        Assertions.assertTrue(tree.isEmpty());
    }",BoundarySource2STest::testToTree_noBoundaries_oe
commons-geometry_473,"@Test
    void testFromInterval_full_oe() {
        // act
        final GreatArc arc = GreatCircles.arcFromInterval(
                GreatCircles.fromPoints(Point2S.PLUS_I, Point2S.PLUS_J, TEST_PRECISION),
                AngularInterval.full());

        // assert
        Assertions.assertTrue(arc.isFull());
        Assertions.assertFalse(arc.isEmpty());
        Assertions.assertTrue(arc.isFinite());
        Assertions.assertFalse(arc.isInfinite());

        Assertions.assertNull(arc.getStartPoint());
        Assertions.assertNull(arc.getEndPoint());

        Assertions.assertEquals(Angle.TWO_PI, arc.getSize(), TEST_EPS);
        Assertions.assertNull(arc.getCentroid());

        for (double az = 0; az < Angle.TWO_PI; az += 0.1) {
            checkClassify(arc, RegionLocation.INSIDE, Point2S.of(az, Angle.PI_OVER_TWO));
        }

        checkClassify(arc, RegionLocation.OUTSIDE,
                Point2S.PLUS_K, Point2S.of(0, Angle.PI_OVER_TWO + 0.1),
                Point2S.MINUS_K, Point2S.of(0, Angle.PI_OVER_TWO - 0.1));
    }",GreatArcTest::testFromInterval_full_oe
commons-geometry_474,"@Test
    void testFromInterval_partial_oe() {
        // arrange
        final GreatArc arc = GreatCircles.arcFromInterval(
                GreatCircles.fromPoints(Point2S.PLUS_J, Point2S.PLUS_K, TEST_PRECISION),
                AngularInterval.Convex.of(Angle.PI_OVER_TWO, 1.5 * Math.PI, TEST_PRECISION));

        // assert
        Assertions.assertFalse(arc.isFull());
        Assertions.assertFalse(arc.isEmpty());
        Assertions.assertTrue(arc.isFinite());
        Assertions.assertFalse(arc.isInfinite());

        checkArc(arc, Point2S.PLUS_K, Point2S.MINUS_K);
    }",GreatArcTest::testFromInterval_partial_oe
commons-geometry_475,"@Test
    void testFromPoints_oe() {
        // arrange
        final Point2S start = Point2S.PLUS_I;
        final Point2S end = Point2S.MINUS_K;

        // act
        final GreatArc arc = GreatCircles.arcFromPoints(start, end, TEST_PRECISION);

        // assert
        Assertions.assertFalse(arc.isFull());
        Assertions.assertFalse(arc.isEmpty());
        Assertions.assertTrue(arc.isFinite());
        Assertions.assertFalse(arc.isInfinite());

        SphericalTestUtils.assertVectorsEqual(Vector3D.Unit.PLUS_Y, arc.getCircle().getPole(), TEST_EPS);

        checkArc(arc, start, end);

        checkClassify(arc, RegionLocation.INSIDE, Point2S.of(0, 0.75 * Math.PI));
        checkClassify(arc, RegionLocation.BOUNDARY, start, end);
        checkClassify(arc, RegionLocation.OUTSIDE,
                Point2S.of(0, 0.25 * Math.PI), Point2S.of(Math.PI, 0.75 * Math.PI),
                Point2S.of(Math.PI, 0.25 * Math.PI));
    }",GreatArcTest::testFromPoints_oe
commons-geometry_476,"@Test
    void testFromPoints_almostPi_oe() {
        // arrange
        final Point2S start = Point2S.PLUS_J;
        final Point2S end = Point2S.of(1.5 * Math.PI, Angle.PI_OVER_TWO - 1e-5);

        // act
        final GreatArc arc = GreatCircles.arcFromPoints(start, end, TEST_PRECISION);

        // assert
        Assertions.assertFalse(arc.isFull());
        Assertions.assertFalse(arc.isEmpty());
        Assertions.assertTrue(arc.isFinite());
        Assertions.assertFalse(arc.isInfinite());

        SphericalTestUtils.assertVectorsEqual(Vector3D.Unit.PLUS_X, arc.getCircle().getPole(), TEST_EPS);

        checkArc(arc, start, end);

        checkClassify(arc, RegionLocation.INSIDE, Point2S.PLUS_K);
        checkClassify(arc, RegionLocation.BOUNDARY, start, end);
        checkClassify(arc, RegionLocation.OUTSIDE, Point2S.MINUS_K);
    }",GreatArcTest::testFromPoints_almostPi_oe
commons-geometry_477,"@Test
    void testFromPoints_usesShortestPath_oe() {
        // act/assert
        SphericalTestUtils.assertVectorsEqual(
                Vector3D.Unit.MINUS_Y,
                GreatCircles.arcFromPoints(
                        Point2S.PLUS_I,
                        Point2S.of(Math.PI, Angle.PI_OVER_TWO - 1e-5),
                        TEST_PRECISION).getCircle().getPole(), TEST_EPS);

        SphericalTestUtils.assertVectorsEqual(
                Vector3D.Unit.PLUS_Y,
                GreatCircles.arcFromPoints(
                        Point2S.PLUS_I,
                        Point2S.of(Math.PI, Angle.PI_OVER_TWO + 1e-5),
                        TEST_PRECISION).getCircle().getPole(), TEST_EPS);
    }",GreatArcTest::testFromPoints_usesShortestPath_oe
commons-geometry_478,"@Test
    void testFromPoints_invalidPoints_oe() {
        // act/assert
        Assertions.assertThrows(IllegalArgumentException.class, () -> GreatCircles.arcFromPoints(Point2S.PLUS_I, Point2S.of(1e-12, Angle.PI_OVER_TWO), TEST_PRECISION));
        Assertions.assertThrows(IllegalArgumentException.class, () -> GreatCircles.arcFromPoints(Point2S.PLUS_I, Point2S.MINUS_I, TEST_PRECISION));
    }",GreatArcTest::testFromPoints_invalidPoints_oe
commons-geometry_479,"@Test
    void testToConvex_oe() {
        // arrange
        final GreatArc arc = GreatCircles.arcFromInterval(
                GreatCircles.fromPoints(Point2S.PLUS_J, Point2S.MINUS_I, TEST_PRECISION),
                AngularInterval.Convex.of(0.0, Math.PI, TEST_PRECISION));

        // act
        final List<GreatArc> result = arc.toConvex();

        // assert
        Assertions.assertEquals(1, result.size());
        Assertions.assertSame(arc, result.get(0));
    }",GreatArcTest::testToConvex_oe
commons-geometry_480,"@Test
    void testGetMidPoint_oe() {
        // arrange
        final GreatArc arc = GreatCircles.arcFromInterval(
                GreatCircles.fromPoints(Point2S.PLUS_I, Point2S.PLUS_J, TEST_PRECISION),
                AngularInterval.Convex.of(0.8 * Math.PI, 0.9 * Math.PI, TEST_PRECISION));

        // act/assert
        SphericalTestUtils.assertPointsEqual(Point2S.of(0.85 * Math.PI, 0.5 * Math.PI), arc.getMidPoint(), TEST_EPS);
    }",GreatArcTest::testGetMidPoint_oe
commons-geometry_481,"@Test
    void testGetMidPoint_full_oe() {
        // arrange
        final GreatArc arc = GreatCircles.arcFromInterval(
                GreatCircles.fromPoints(Point2S.PLUS_I, Point2S.PLUS_J, TEST_PRECISION),
                AngularInterval.full());

        // act/assert
        Assertions.assertNull(arc.getMidPoint());
    }",GreatArcTest::testGetMidPoint_full_oe
commons-geometry_482,"@Test
    void testReverse_full_oe() {
        // arrange
        final GreatArc arc = GreatCircles.arcFromInterval(
                GreatCircles.fromPoints(Point2S.PLUS_J, Point2S.MINUS_I, TEST_PRECISION),
                AngularInterval.full());

        // act
        final GreatArc result = arc.reverse();

        // assert
        checkGreatCircle(result.getCircle(), Vector3D.Unit.MINUS_Z, Vector3D.Unit.PLUS_Y);

        Assertions.assertTrue(result.isFull());
    }",GreatArcTest::testReverse_full_oe
commons-geometry_483,"@Test
    void testSplit_full_oe() {
        // arrange
        final GreatArc arc = GreatCircles.fromPoints(Point2S.PLUS_I, Point2S.PLUS_J, TEST_PRECISION).span();
        final GreatCircle splitter = GreatCircles.fromPole(Vector3D.of(-1, 0, 1), TEST_PRECISION);

        // act
        final Split<GreatArc> split = arc.split(splitter);

        // assert
        Assertions.assertEquals(SplitLocation.BOTH, split.getLocation());

        final GreatArc minus = split.getMinus();
        Assertions.assertSame(arc.getCircle(), minus.getCircle());
        checkArc(minus, Point2S.PLUS_J, Point2S.MINUS_J);
        checkClassify(minus, RegionLocation.OUTSIDE, Point2S.PLUS_I);
        checkClassify(minus, RegionLocation.INSIDE, Point2S.MINUS_I);

        final GreatArc plus = split.getPlus();
        Assertions.assertSame(arc.getCircle(), plus.getCircle());
        checkArc(plus, Point2S.MINUS_J, Point2S.PLUS_J);
        checkClassify(plus, RegionLocation.INSIDE, Point2S.PLUS_I);
        checkClassify(plus, RegionLocation.OUTSIDE, Point2S.MINUS_I);
    }",GreatArcTest::testSplit_full_oe
commons-geometry_484,"@Test
    void testSplit_both_oe() {
        // arrange
        final GreatArc arc = GreatCircles.fromPoints(Point2S.PLUS_J, Point2S.PLUS_K, TEST_PRECISION)
                .arc(Angle.PI_OVER_TWO, Math.PI);
        final GreatCircle splitter = GreatCircles.fromPole(Vector3D.of(0, 1, 1), TEST_PRECISION);

        // act
        final Split<GreatArc> split = arc.split(splitter);

        // assert
        Assertions.assertEquals(SplitLocation.BOTH, split.getLocation());

        final GreatArc minus = split.getMinus();
        Assertions.assertSame(arc.getCircle(), minus.getCircle());
        checkArc(minus, Point2S.of(0, 0), Point2S.of(1.5 * Math.PI, 0.25 * Math.PI));

        final GreatArc plus = split.getPlus();
        Assertions.assertSame(arc.getCircle(), plus.getCircle());
        checkArc(plus, Point2S.of(1.5 * Math.PI, 0.25 * Math.PI), Point2S.MINUS_J);
    }",GreatArcTest::testSplit_both_oe
commons-geometry_485,"@Test
    void testSplit_minus_oe() {
        // arrange
        final GreatArc arc = GreatCircles.fromPoints(Point2S.PLUS_J, Point2S.PLUS_K, TEST_PRECISION)
                .arc(Angle.PI_OVER_TWO, Math.PI);
        final GreatCircle splitter = GreatCircles.fromPole(Vector3D.Unit.PLUS_Z, TEST_PRECISION);


        // act
        final Split<GreatArc> split = arc.split(splitter);

        // assert
        Assertions.assertEquals(SplitLocation.MINUS, split.getLocation());

        final GreatArc minus = split.getMinus();
        Assertions.assertSame(arc, minus);

        final GreatArc plus = split.getPlus();
        Assertions.assertNull(plus);
    }",GreatArcTest::testSplit_minus_oe
commons-geometry_486,"@Test
    void testSplit_plus_oe() {
        // arrange
        final GreatArc arc = GreatCircles.fromPoints(Point2S.PLUS_J, Point2S.PLUS_K, TEST_PRECISION)
                .arc(Angle.PI_OVER_TWO, Math.PI);
        final GreatCircle splitter = GreatCircles.fromPole(Vector3D.Unit.from(-1, 0, -1), TEST_PRECISION);

        // act
        final Split<GreatArc> split = arc.split(splitter);

        // assert
        Assertions.assertEquals(SplitLocation.PLUS, split.getLocation());

        final GreatArc minus = split.getMinus();
        Assertions.assertNull(minus);

        final GreatArc plus = split.getPlus();
        Assertions.assertSame(arc, plus);
    }",GreatArcTest::testSplit_plus_oe
commons-geometry_487,"@Test
    void testSplit_parallelAndAntiparallel_oe() {
        // arrange
        final GreatArc arc = GreatCircles.fromPoints(Point2S.PLUS_I, Point2S.PLUS_J, TEST_PRECISION).span();

        // act/assert
        Assertions.assertEquals(SplitLocation.NEITHER,arc.split(GreatCircles.fromPole(Vector3D.Unit.PLUS_Z,TEST_PRECISION)).getLocation());
        Assertions.assertEquals(SplitLocation.NEITHER,arc.split(GreatCircles.fromPole(Vector3D.Unit.MINUS_Z,TEST_PRECISION)).getLocation());
    }",GreatArcTest::testSplit_parallelAndAntiparallel_oe
commons-geometry_488,"@Test
    void testToString_full_oe() {
        // arrange
        final GreatArc arc = GreatCircles.fromPoints(Point2S.PLUS_I, Point2S.PLUS_J, TEST_PRECISION).span();

        // act
        final String str = arc.toString();

        // assert
        GeometryTestUtils.assertContains(""GreatArc["", str);
        GeometryTestUtils.assertContains(""full= true"", str);
        GeometryTestUtils.assertContains(""circle= GreatCircle["", str);
    }",GreatArcTest::testToString_full_oe
commons-geometry_489,"@Test
    void testToString_notFull_oe() {
        // arrange
        final GreatArc arc = GreatCircles.arcFromInterval(
                GreatCircles.fromPoints(Point2S.PLUS_I, Point2S.PLUS_J, TEST_PRECISION),
                AngularInterval.Convex.of(1, 2, TEST_PRECISION));

        // act
        final String str = arc.toString();

        // assert
        GeometryTestUtils.assertContains(""GreatArc["", str);
        GeometryTestUtils.assertContains(""start= ("", str);
        GeometryTestUtils.assertContains(""end= ("", str);
    }",GreatArcTest::testToString_notFull_oe
commons-geometry_490,"@Test
    void testConnectAll_empty_oe() {
        runWithMaxAndMin(connector -> {
            // arrange
            final List<GreatArc> arcs = new ArrayList<>();
            connector.add(arcs);

            // act
            final List<GreatArcPath> paths = connector.connectAll();

            // assert
            Assertions.assertEquals(0, paths.size());
        });
    }",InteriorAngleGreatArcConnectorTest::testConnectAll_empty_oe
commons-geometry_491,"@Test
    void testConnectAll_singlePath_oe() {
        runWithMaxAndMin(connector -> {
            // arrange
            final List<GreatArc> arcs = Collections.singletonList(
                    GreatCircles.arcFromPoints(Point2S.PLUS_I, Point2S.PLUS_J, TEST_PRECISION)
            );
            connector.add(arcs);

            // act
            final List<GreatArcPath> paths = connector.connectAll();

            // assert
            Assertions.assertEquals(1, paths.size());

            final GreatArcPath a = paths.get(0);
            Assertions.assertEquals(1, a.getArcs().size());
            assertPathPoints(a, Point2S.PLUS_I, Point2S.PLUS_J);
        });
    }",InteriorAngleGreatArcConnectorTest::testConnectAll_singlePath_oe
commons-geometry_492,"@Test
    void testConnectAll_maximize_instance_oe() {
        // arrange
        final GreatArc a1 = GreatCircles.arcFromPoints(Point2S.PLUS_K, Point2S.PLUS_I, TEST_PRECISION);
        final GreatArc a2 = GreatCircles.arcFromPoints(Point2S.PLUS_I, Point2S.PLUS_J, TEST_PRECISION);
        final GreatArc a3 = GreatCircles.arcFromPoints(Point2S.PLUS_J, Point2S.PLUS_K, TEST_PRECISION);

        final GreatArc b1 = GreatCircles.arcFromPoints(Point2S.PLUS_K, Point2S.MINUS_I, TEST_PRECISION);
        final GreatArc b2 = GreatCircles.arcFromPoints(Point2S.MINUS_I, Point2S.MINUS_J, TEST_PRECISION);
        final GreatArc b3 = GreatCircles.arcFromPoints(Point2S.MINUS_J, Point2S.PLUS_K, TEST_PRECISION);

        final InteriorAngleGreatArcConnector connector = new InteriorAngleGreatArcConnector.Maximize();

        // act
        final List<GreatArcPath> paths = connector.connectAll(Arrays.asList(b3, b1, a1, a3, b2, a2));

        // assert
        Assertions.assertEquals(1, paths.size());

        assertPathPoints(paths.get(0),
            Point2S.PLUS_K,
            Point2S.MINUS_I,
            Point2S.MINUS_J,
            Point2S.PLUS_K,
            Point2S.PLUS_I,
            Point2S.PLUS_J,
            Point2S.PLUS_K
        );
    }",InteriorAngleGreatArcConnectorTest::testConnectAll_maximize_instance_oe
commons-geometry_493,"@Test
    void testConnectAll_maximize_method_oe() {
        // arrange
        final GreatArc a1 = GreatCircles.arcFromPoints(Point2S.PLUS_K, Point2S.PLUS_I, TEST_PRECISION);
        final GreatArc a2 = GreatCircles.arcFromPoints(Point2S.PLUS_I, Point2S.PLUS_J, TEST_PRECISION);
        final GreatArc a3 = GreatCircles.arcFromPoints(Point2S.PLUS_J, Point2S.PLUS_K, TEST_PRECISION);

        final GreatArc b1 = GreatCircles.arcFromPoints(Point2S.PLUS_K, Point2S.MINUS_I, TEST_PRECISION);
        final GreatArc b2 = GreatCircles.arcFromPoints(Point2S.MINUS_I, Point2S.MINUS_J, TEST_PRECISION);
        final GreatArc b3 = GreatCircles.arcFromPoints(Point2S.MINUS_J, Point2S.PLUS_K, TEST_PRECISION);

        // act
        final List<GreatArcPath> paths = InteriorAngleGreatArcConnector.connectMaximized(
                Arrays.asList(b3, b1, a1, a3, b2, a2));

        // assert
        Assertions.assertEquals(1, paths.size());

        assertPathPoints(paths.get(0),
            Point2S.PLUS_K,
            Point2S.MINUS_I,
            Point2S.MINUS_J,
            Point2S.PLUS_K,
            Point2S.PLUS_I,
            Point2S.PLUS_J,
            Point2S.PLUS_K
        );
    }",InteriorAngleGreatArcConnectorTest::testConnectAll_maximize_method_oe
commons-geometry_494,"@Test
    void testConnectAll_minimize_instance_oe() {
        // arrange
        final GreatArc a1 = GreatCircles.arcFromPoints(Point2S.PLUS_K, Point2S.PLUS_I, TEST_PRECISION);
        final GreatArc a2 = GreatCircles.arcFromPoints(Point2S.PLUS_I, Point2S.PLUS_J, TEST_PRECISION);
        final GreatArc a3 = GreatCircles.arcFromPoints(Point2S.PLUS_J, Point2S.PLUS_K, TEST_PRECISION);

        final GreatArc b1 = GreatCircles.arcFromPoints(Point2S.PLUS_K, Point2S.MINUS_I, TEST_PRECISION);
        final GreatArc b2 = GreatCircles.arcFromPoints(Point2S.MINUS_I, Point2S.MINUS_J, TEST_PRECISION);
        final GreatArc b3 = GreatCircles.arcFromPoints(Point2S.MINUS_J, Point2S.PLUS_K, TEST_PRECISION);

        final InteriorAngleGreatArcConnector connector = new InteriorAngleGreatArcConnector.Minimize();

        // act
        final List<GreatArcPath> paths = connector.connectAll(Arrays.asList(b3, b1, a1, a3, b2, a2));

        // assert
        Assertions.assertEquals(2, paths.size());

        assertPathPoints(paths.get(0),
            Point2S.PLUS_K,
            Point2S.MINUS_I,
            Point2S.MINUS_J,
            Point2S.PLUS_K
        );

        assertPathPoints(paths.get(1),
            Point2S.PLUS_K,
            Point2S.PLUS_I,
            Point2S.PLUS_J,
            Point2S.PLUS_K
        );
    }",InteriorAngleGreatArcConnectorTest::testConnectAll_minimize_instance_oe
commons-geometry_495,"@Test
    void testConnectAll_minimize_method_oe() {
        // arrange
        final GreatArc a1 = GreatCircles.arcFromPoints(Point2S.PLUS_K, Point2S.PLUS_I, TEST_PRECISION);
        final GreatArc a2 = GreatCircles.arcFromPoints(Point2S.PLUS_I, Point2S.PLUS_J, TEST_PRECISION);
        final GreatArc a3 = GreatCircles.arcFromPoints(Point2S.PLUS_J, Point2S.PLUS_K, TEST_PRECISION);

        final GreatArc b1 = GreatCircles.arcFromPoints(Point2S.PLUS_K, Point2S.MINUS_I, TEST_PRECISION);
        final GreatArc b2 = GreatCircles.arcFromPoints(Point2S.MINUS_I, Point2S.MINUS_J, TEST_PRECISION);
        final GreatArc b3 = GreatCircles.arcFromPoints(Point2S.MINUS_J, Point2S.PLUS_K, TEST_PRECISION);

        // act
        final List<GreatArcPath> paths = InteriorAngleGreatArcConnector.connectMinimized(
                Arrays.asList(b3, b1, a1, a3, b2, a2));

        // assert
        Assertions.assertEquals(2, paths.size());

        assertPathPoints(paths.get(0),
            Point2S.PLUS_K,
            Point2S.MINUS_I,
            Point2S.MINUS_J,
            Point2S.PLUS_K
        );

        assertPathPoints(paths.get(1),
            Point2S.PLUS_K,
            Point2S.PLUS_I,
            Point2S.PLUS_J,
            Point2S.PLUS_K
        );
    }",InteriorAngleGreatArcConnectorTest::testConnectAll_minimize_method_oe
commons-geometry_496,"@Test
    void testCtor_oe() {
        // arrange
        final List<GreatArc> boundaries = Collections.singletonList(
                GreatCircles.arcFromPoints(Point2S.PLUS_I, Point2S.PLUS_J, TEST_PRECISION)
        );

        // act
        final BoundaryList2S list = new BoundaryList2S(boundaries);

        // assert
        Assertions.assertNotSame(boundaries, list.getBoundaries());
        Assertions.assertEquals(boundaries, list.getBoundaries());
        Assertions.assertEquals(1, list.count());
    }",BoundaryList2STest::testCtor_oe
commons-geometry_497,"@Test
    void testToList_oe() {
        // arrange
        final BoundaryList2S list = new BoundaryList2S(Collections.emptyList());

        // act/assert
        Assertions.assertSame(list, list.toList());
    }",BoundaryList2STest::testToList_oe
commons-geometry_498,"@Test
    void testToString_oe() {
        // arrange
        final BoundaryList2S list = new BoundaryList2S(Collections.emptyList());

        // act
        Assertions.assertEquals(""BoundaryList2S[count= 0]"", list.toString());
    }",BoundaryList2STest::testToString_oe
commons-geometry_499,"@Test
    void testProperties_oe() {
        for (int k = -2; k < 3; ++k) {
            // arrange
            final Point2S p = Point2S.of(1.0 + k * Angle.TWO_PI, 1.4);

            // act/assert
            Assertions.assertEquals(1.0, p.getAzimuth(), TEST_EPS);
            Assertions.assertEquals(1.4, p.getPolar(), TEST_EPS);

            Assertions.assertEquals(Math.cos(1.0) * Math.sin(1.4), p.getVector().getX(), TEST_EPS);
            Assertions.assertEquals(Math.sin(1.0) * Math.sin(1.4), p.getVector().getY(), TEST_EPS);
            Assertions.assertEquals(Math.cos(1.4), p.getVector().getZ(), TEST_EPS);

            Assertions.assertFalse(p.isNaN());
        }
    }",Point2STest::testProperties_oe
commons-geometry_500,"@Test
    void testAzimuthPolarComparator_oe() {
        // arrange
        final Comparator<Point2S> comp = Point2S.POLAR_AZIMUTH_ASCENDING_ORDER;

        // act/assert
        Assertions.assertEquals(0, comp.compare(Point2S.of(1, 2), Point2S.of(1, 2)));
        Assertions.assertEquals(1, comp.compare(Point2S.of(1, 2), Point2S.of(2, 1)));
        Assertions.assertEquals(-1, comp.compare(Point2S.of(2, 1), Point2S.of(1, 2)));

        Assertions.assertEquals(-1, comp.compare(Point2S.of(1, 2), Point2S.of(1, 3)));
        Assertions.assertEquals(1, comp.compare(Point2S.of(1, 3), Point2S.of(1, 2)));

        Assertions.assertEquals(1, comp.compare(null, Point2S.of(1, 2)));
        Assertions.assertEquals(-1, comp.compare(Point2S.of(1, 2), null));
        Assertions.assertEquals(0, comp.compare(null, null));
    }",Point2STest::testAzimuthPolarComparator_oe
commons-geometry_501,"@Test
    void testNaN_oe() {
        // act/assert
        Assertions.assertTrue(Point2S.NaN.isNaN());
        Assertions.assertEquals(Point2S.NaN, Point2S.of(Double.NaN, 1.0));
        Assertions.assertNotEquals(Point2S.of(1.0, 1.3), Point2S.NaN);
        Assertions.assertNull(Point2S.NaN.getVector());

        Assertions.assertEquals(Point2S.NaN.hashCode(), Point2S.of(Double.NaN, Double.NaN).hashCode());
    }",Point2STest::testNaN_oe
commons-geometry_502,"@Test
    void testInfinite_oe() {
        // act/assert
        Assertions.assertTrue(Point2S.of(0, Double.POSITIVE_INFINITY).isInfinite());
        Assertions.assertTrue(Point2S.of(Double.POSITIVE_INFINITY, 0).isInfinite());

        Assertions.assertTrue(Point2S.of(Double.NEGATIVE_INFINITY, Double.POSITIVE_INFINITY).isInfinite());

        Assertions.assertFalse(Point2S.of(0, 0).isInfinite());
        Assertions.assertFalse(Point2S.of(1, 1).isInfinite());
        Assertions.assertFalse(Point2S.NaN.isInfinite());
    }",Point2STest::testInfinite_oe
commons-geometry_503,"@Test
    void testFinite_oe() {
        // act/assert
        Assertions.assertTrue(Point2S.of(0, 0).isFinite());
        Assertions.assertTrue(Point2S.of(1, 1).isFinite());

        Assertions.assertFalse(Point2S.of(0, Double.POSITIVE_INFINITY).isFinite());
        Assertions.assertFalse(Point2S.of(Double.POSITIVE_INFINITY, 0).isFinite());
        Assertions.assertFalse(Point2S.of(Double.NEGATIVE_INFINITY, Double.POSITIVE_INFINITY).isFinite());

        Assertions.assertFalse(Point2S.NaN.isFinite());
    }",Point2STest::testFinite_oe
commons-geometry_504,"@Test
    void testDistance_oe() {
        // arrange
        final Point2S a = Point2S.of(1.0, 0.5 * Math.PI);
        final Point2S b = Point2S.of(a.getAzimuth() + 0.5 * Math.PI, a.getPolar());

        // act/assert
        Assertions.assertEquals(0.5 * Math.PI, a.distance(b), 1.0e-10);
        Assertions.assertEquals(Math.PI, a.distance(a.antipodal()), 1.0e-10);
        Assertions.assertEquals(0.5 * Math.PI, Point2S.MINUS_I.distance(Point2S.MINUS_K), 1.0e-10);
        Assertions.assertEquals(0.0, Point2S.of(1.0, 0).distance(Point2S.of(2.0, 0)), 1.0e-10);
    }",Point2STest::testDistance_oe
commons-geometry_505,"@Test
    void testSlerp_alongEquator_oe() {
        // arrange
        final Point2S p1 = Point2S.PLUS_I;
        final Point2S p2 = Point2S.PLUS_J;

        // act/assert
        SphericalTestUtils.assertPointsEq(p1, p1.slerp(p2, 0), TEST_EPS);
        SphericalTestUtils.assertPointsEq(Point2S.of(0.25 * Angle.PI_OVER_TWO, Angle.PI_OVER_TWO), p1.slerp(p2, 0.25), TEST_EPS);
        SphericalTestUtils.assertPointsEq(Point2S.of(0.5 * Angle.PI_OVER_TWO, Angle.PI_OVER_TWO), p1.slerp(p2, 0.5), TEST_EPS);
        SphericalTestUtils.assertPointsEq(Point2S.of(0.75 * Angle.PI_OVER_TWO, Angle.PI_OVER_TWO), p1.slerp(p2, 0.75), TEST_EPS);
        SphericalTestUtils.assertPointsEq(p2, p1.slerp(p2, 1), TEST_EPS);

        SphericalTestUtils.assertPointsEq(p2, p2.slerp(p1, 0), TEST_EPS);
        SphericalTestUtils.assertPointsEq(Point2S.of(0.75 * Angle.PI_OVER_TWO, Angle.PI_OVER_TWO), p2.slerp(p1, 0.25), TEST_EPS);
        SphericalTestUtils.assertPointsEq(Point2S.of(0.5 * Angle.PI_OVER_TWO, Angle.PI_OVER_TWO), p2.slerp(p1, 0.5), TEST_EPS);
        SphericalTestUtils.assertPointsEq(Point2S.of(0.25 * Angle.PI_OVER_TWO, Angle.PI_OVER_TWO), p2.slerp(p1, 0.75), TEST_EPS);
        SphericalTestUtils.assertPointsEq(p1, p2.slerp(p1, 1), TEST_EPS);

        SphericalTestUtils.assertPointsEq(Point2S.MINUS_I, p1.slerp(p2, 2), TEST_EPS);
        SphericalTestUtils.assertPointsEq(Point2S.MINUS_J, p1.slerp(p2, -1), TEST_EPS);
    }",Point2STest::testSlerp_alongEquator_oe
commons-geometry_506,"@Test
    void testSlerp_alongMeridian_oe() {
        // arrange
        final Point2S p1 = Point2S.PLUS_J;
        final Point2S p2 = Point2S.PLUS_K;

        // act/assert
        SphericalTestUtils.assertPointsEq(p1, p1.slerp(p2, 0), TEST_EPS);
        SphericalTestUtils.assertPointsEq(Point2S.of(Angle.PI_OVER_TWO, 0.75 * Angle.PI_OVER_TWO), p1.slerp(p2, 0.25), TEST_EPS);
        SphericalTestUtils.assertPointsEq(Point2S.of(Angle.PI_OVER_TWO, 0.5 * Angle.PI_OVER_TWO), p1.slerp(p2, 0.5), TEST_EPS);
        SphericalTestUtils.assertPointsEq(Point2S.of(Angle.PI_OVER_TWO, 0.25 * Angle.PI_OVER_TWO), p1.slerp(p2, 0.75), TEST_EPS);
        SphericalTestUtils.assertPointsEq(p2, p1.slerp(p2, 1), TEST_EPS);

        SphericalTestUtils.assertPointsEq(p2, p2.slerp(p1, 0), TEST_EPS);
        SphericalTestUtils.assertPointsEq(Point2S.of(Angle.PI_OVER_TWO, 0.25 * Angle.PI_OVER_TWO), p2.slerp(p1, 0.25), TEST_EPS);
        SphericalTestUtils.assertPointsEq(Point2S.of(Angle.PI_OVER_TWO, 0.5 * Angle.PI_OVER_TWO), p2.slerp(p1, 0.5), TEST_EPS);
        SphericalTestUtils.assertPointsEq(Point2S.of(Angle.PI_OVER_TWO, 0.75 * Angle.PI_OVER_TWO), p2.slerp(p1, 0.75), TEST_EPS);
        SphericalTestUtils.assertPointsEq(p1, p2.slerp(p1, 1), TEST_EPS);

        SphericalTestUtils.assertPointsEq(Point2S.MINUS_J, p1.slerp(p2, 2), TEST_EPS);
        SphericalTestUtils.assertPointsEq(Point2S.MINUS_K, p1.slerp(p2, -1), TEST_EPS);
    }",Point2STest::testSlerp_alongMeridian_oe
commons-geometry_507,"@Test
    void testSlerp_samePoint_oe() {
        // arrange
        final Point2S p1 = Point2S.PLUS_I;

        // act/assert
        SphericalTestUtils.assertPointsEq(p1, p1.slerp(p1, 0), TEST_EPS);
        SphericalTestUtils.assertPointsEq(p1, p1.slerp(p1, 0.5), TEST_EPS);
        SphericalTestUtils.assertPointsEq(p1, p1.slerp(p1, 1), TEST_EPS);
    }",Point2STest::testSlerp_samePoint_oe
commons-geometry_508,"@Test
    void testSlerp_antipodal_oe() {
        // arrange
        final Point2S p1 = Point2S.PLUS_I;
        final Point2S p2 = Point2S.MINUS_I;

        // act/assert
        SphericalTestUtils.assertPointsEq(p1, p1.slerp(p1, 0), TEST_EPS);
        SphericalTestUtils.assertPointsEq(p1, p1.slerp(p1, 1), TEST_EPS);

        final Point2S pt = p1.slerp(p2, 0.5);
        Assertions.assertEquals(p1.distance(pt), p2.distance(pt), TEST_EPS);
    }",Point2STest::testSlerp_antipodal_oe
commons-geometry_509,"@Test
    void testAntipodal_oe() {
        for (double az = -6 * Math.PI; az <= 6 * Math.PI; az += 0.1) {
            for (double p = 0; p <= Math.PI; p += 0.1) {
                // arrange
                final Point2S pt = Point2S.of(az, p);

                // act
                final Point2S result = pt.antipodal();

                // assert
                Assertions.assertEquals(Math.PI, pt.distance(result), TEST_EPS);

                // check that the azimuth and polar components of the point are correct by creating a
                // new point and checking the distance
                Assertions.assertEquals(Math.PI,Point2S.of(result.getAzimuth(),result.getPolar()).distance(pt),TEST_EPS);

                // check that the vectors point in opposite directions
                Assertions.assertEquals(-1, pt.getVector().dot(result.getVector()), TEST_EPS);
            }
        }
    }",Point2STest::testAntipodal_oe
commons-geometry_510,"@Test
    void testAntipodal_numericalStability_oe() {
        // arrange
        final double eps = 1e-16;
        final Point2S pt = Point2S.of(1, 2);

        // act
        final Point2S result = pt.antipodal().antipodal();

        // assert
        Assertions.assertEquals(1.0, result.getAzimuth(), eps);
        Assertions.assertEquals(2.0, result.getPolar(), eps);
    }",Point2STest::testAntipodal_numericalStability_oe
commons-geometry_511,"@Test
    void testDimension_oe() {
        // arrange
        final Point2S pt = Point2S.of(1, 2);

        // act/assert
        Assertions.assertEquals(2, pt.getDimension());
    }",Point2STest::testDimension_oe
commons-geometry_512,"@Test
    void testEq_oe() {
        // arrange
        final Precision.DoubleEquivalence smallEps = Precision.doubleEquivalenceOfEpsilon(1e-5);
        final Precision.DoubleEquivalence largeEps = Precision.doubleEquivalenceOfEpsilon(5e-1);

        final Point2S a = Point2S.of(1.0, 2.0);
        final Point2S b = Point2S.of(1.0, 2.01);
        final Point2S c = Point2S.of(1.01, 2.0);
        final Point2S d = Point2S.of(1.0, 2.0);
        final Point2S e = Point2S.of(3.0, 2.0);

        // act/assert
        Assertions.assertTrue(a.eq(a, smallEps));
        Assertions.assertFalse(a.eq(b, smallEps));
        Assertions.assertFalse(a.eq(c, smallEps));
        Assertions.assertTrue(a.eq(d, smallEps));
        Assertions.assertFalse(a.eq(e, smallEps));

        Assertions.assertTrue(a.eq(a, largeEps));
        Assertions.assertTrue(a.eq(b, largeEps));
        Assertions.assertTrue(a.eq(c, largeEps));
        Assertions.assertTrue(a.eq(d, largeEps));
        Assertions.assertFalse(a.eq(e, largeEps));
    }",Point2STest::testEq_oe
commons-geometry_513,"@Test
    void testHashCode_oe() {
        // arrange
        final Point2S a = Point2S.of(1.0, 2.0);
        final Point2S b = Point2S.of(1.0, 3.0);
        final Point2S c = Point2S.of(4.0, 2.0);
        final Point2S d = Point2S.of(1.0, 2.0);

        // act
        final int hash = a.hashCode();

        // assert
        Assertions.assertEquals(hash, a.hashCode());

        Assertions.assertNotEquals(hash, b.hashCode());
        Assertions.assertNotEquals(hash, c.hashCode());

        Assertions.assertEquals(hash, d.hashCode());
    }",Point2STest::testHashCode_oe
commons-geometry_514,"@Test
    void testEquals_oe() {
        // arrange
        final Point2S a = Point2S.of(1.0, 2.0);
        final Point2S b = Point2S.of(1.0, 3.0);
        final Point2S c = Point2S.of(4.0, 2.0);
        final Point2S d = Point2S.of(1.0, 2.0);

        // act/assert
        GeometryTestUtils.assertSimpleEqualsCases(a);

        Assertions.assertNotEquals(a, b);
        Assertions.assertNotEquals(a, c);

        Assertions.assertEquals(a, d);
        Assertions.assertEquals(d, a);
    }",Point2STest::testEquals_oe
commons-geometry_515,"@Test
    void testEquals_poles_oe() {
        // arrange
        final Point2S a = Point2S.of(1.0, 0.0);
        final Point2S b = Point2S.of(0.0, 0.0);
        final Point2S c = Point2S.of(1.0, 0.0);

        final Point2S d = Point2S.of(-1.0, Math.PI);
        final Point2S e = Point2S.of(0.0, Math.PI);
        final Point2S f = Point2S.of(-1.0, Math.PI);

        // act/assert
        Assertions.assertEquals(a, a);
        Assertions.assertNotEquals(a, b);
        Assertions.assertEquals(a, c);

        Assertions.assertEquals(d, d);
        Assertions.assertNotEquals(d, e);
        Assertions.assertEquals(d, f);
    }",Point2STest::testEquals_poles_oe
commons-geometry_516,"@Test
    void testToString_oe() {
        // act/assert
        Assertions.assertEquals(""(0.0, 0.0)"", Point2S.of(0.0, 0.0).toString());
        Assertions.assertEquals(""(1.0, 2.0)"", Point2S.of(1.0, 2.0).toString());
    }",Point2STest::testToString_oe
commons-geometry_517,"@Test
    void testParse_failure_oe() {
        // act/assert
        Assertions.assertThrows(IllegalArgumentException.class, () -> Point2S.parse(""abc""));
    }",Point2STest::testParse_failure_oe
commons-geometry_518,"@Test
    void testIdentity_oe() {
        // act
        final Transform2S t = Transform2S.identity();

        // assert
        Assertions.assertTrue(t.preservesOrientation());
        Assertions.assertArrayEquals(new double[] {
            1, 0, 0, 0,
            0, 1, 0, 0,
            0, 0, 1, 0
        }, t.getEuclideanTransform().toArray(), 0);

        SphericalTestUtils.assertPointsEqual(Point2S.PLUS_I, t.apply(Point2S.PLUS_I), TEST_EPS);
        SphericalTestUtils.assertPointsEqual(Point2S.PLUS_J, t.apply(Point2S.PLUS_J), TEST_EPS);
        SphericalTestUtils.assertPointsEqual(Point2S.PLUS_K, t.apply(Point2S.PLUS_K), TEST_EPS);

        checkInverse(t);
    }",Transform2STest::testIdentity_oe
commons-geometry_519,"@Test
    void testRotation_oe() {
        // arrange
        final Transform2S aroundPole = Transform2S.createRotation(Point2S.PLUS_K, Angle.PI_OVER_TWO);
        final Transform2S aroundX = Transform2S.createRotation(Vector3D.Unit.PLUS_X, -Angle.PI_OVER_TWO);
        final Transform2S aroundY = Transform2S.createRotation(
                QuaternionRotation.fromAxisAngle(Vector3D.Unit.PLUS_Y, Angle.PI_OVER_TWO));

        // act/assert
        SphericalTestUtils.assertPointsEqual(Point2S.PLUS_J, aroundPole.apply(Point2S.PLUS_I), TEST_EPS);
        SphericalTestUtils.assertPointsEqual(Point2S.MINUS_I, aroundPole.apply(Point2S.PLUS_J), TEST_EPS);
        SphericalTestUtils.assertPointsEq(Point2S.PLUS_K, aroundPole.apply(Point2S.PLUS_K), TEST_EPS);
        checkInverse(aroundPole);

        SphericalTestUtils.assertPointsEqual(Point2S.PLUS_I, aroundX.apply(Point2S.PLUS_I), TEST_EPS);
        SphericalTestUtils.assertPointsEq(Point2S.MINUS_K, aroundX.apply(Point2S.PLUS_J), TEST_EPS);
        SphericalTestUtils.assertPointsEqual(Point2S.PLUS_J, aroundX.apply(Point2S.PLUS_K), TEST_EPS);
        checkInverse(aroundX);

        SphericalTestUtils.assertPointsEq(Point2S.MINUS_K, aroundY.apply(Point2S.PLUS_I), TEST_EPS);
        SphericalTestUtils.assertPointsEqual(Point2S.PLUS_J, aroundY.apply(Point2S.PLUS_J), TEST_EPS);
        SphericalTestUtils.assertPointsEqual(Point2S.PLUS_I, aroundY.apply(Point2S.PLUS_K), TEST_EPS);
        checkInverse(aroundY);
    }",Transform2STest::testRotation_oe
commons-geometry_520,"@Test
    void testMultipleRotations_oe() {
        // act
        final Transform2S t = Transform2S.identity()
                .rotate(Point2S.PLUS_K, Angle.PI_OVER_TWO)
                .rotate(Vector3D.Unit.PLUS_X, -Angle.PI_OVER_TWO)
                .rotate(QuaternionRotation.fromAxisAngle(Vector3D.Unit.PLUS_Y, Angle.PI_OVER_TWO));

        // assert
        SphericalTestUtils.assertPointsEqual(Point2S.MINUS_I, t.apply(Point2S.PLUS_I), TEST_EPS);
        SphericalTestUtils.assertPointsEq(Point2S.PLUS_K, t.apply(Point2S.PLUS_J), TEST_EPS);
        SphericalTestUtils.assertPointsEqual(Point2S.PLUS_J, t.apply(Point2S.PLUS_K), TEST_EPS);

        checkInverse(t);
    }",Transform2STest::testMultipleRotations_oe
commons-geometry_521,"@Test
    void testMultiply_oe() {
        // act
        final Transform2S t = Transform2S.identity()
                .multiply(Transform2S.createRotation(Point2S.PLUS_K, Angle.PI_OVER_TWO))
                .multiply(Transform2S.createRotation(Point2S.PLUS_J, Angle.PI_OVER_TWO));

        // assert
        SphericalTestUtils.assertPointsEq(Point2S.MINUS_K, t.apply(Point2S.PLUS_I), TEST_EPS);
        SphericalTestUtils.assertPointsEqual(Point2S.MINUS_I, t.apply(Point2S.PLUS_J), TEST_EPS);
        SphericalTestUtils.assertPointsEqual(Point2S.PLUS_J, t.apply(Point2S.PLUS_K), TEST_EPS);

        checkInverse(t);
    }",Transform2STest::testMultiply_oe
commons-geometry_522,"@Test
    void testPremultiply_oe() {
        // act
        final Transform2S t = Transform2S.identity()
                .premultiply(Transform2S.createRotation(Point2S.PLUS_K, Angle.PI_OVER_TWO))
                .premultiply(Transform2S.createRotation(Point2S.PLUS_J, Angle.PI_OVER_TWO));

        // assert
        SphericalTestUtils.assertPointsEqual(Point2S.PLUS_J, t.apply(Point2S.PLUS_I), TEST_EPS);
        SphericalTestUtils.assertPointsEq(Point2S.PLUS_K, t.apply(Point2S.PLUS_J), TEST_EPS);
        SphericalTestUtils.assertPointsEqual(Point2S.PLUS_I, t.apply(Point2S.PLUS_K), TEST_EPS);

        checkInverse(t);
    }",Transform2STest::testPremultiply_oe
commons-geometry_523,"@Test
    void testReflection_point_oe() {
        // arrange
        final Point2S a = Point2S.of(1, 1);
        final Point2S b = Point2S.of(-1, 1);

        final Point2S c = Point2S.of(1, Math.PI - 1);
        final Point2S d = Point2S.of(-1, Math.PI - 1);

        // act
        final Transform2S t = Transform2S.createReflection(Point2S.PLUS_I);

        // assert
        Assertions.assertFalse(t.preservesOrientation());

        SphericalTestUtils.assertPointsEqual(Point2S.MINUS_I, t.apply(Point2S.PLUS_I), TEST_EPS);
        SphericalTestUtils.assertPointsEqual(Point2S.PLUS_J, t.apply(Point2S.PLUS_J), TEST_EPS);
        SphericalTestUtils.assertPointsEq(Point2S.PLUS_K, t.apply(Point2S.PLUS_K), TEST_EPS);

        SphericalTestUtils.assertPointsEqual(Point2S.of(Math.PI - 1, 1), t.apply(a), TEST_EPS);
        SphericalTestUtils.assertPointsEqual(Point2S.of(Math.PI + 1, 1), t.apply(b), TEST_EPS);

        SphericalTestUtils.assertPointsEqual(Point2S.of(Math.PI - 1, Math.PI - 1), t.apply(c), TEST_EPS);
        SphericalTestUtils.assertPointsEqual(Point2S.of(Math.PI + 1, Math.PI - 1), t.apply(d), TEST_EPS);

        checkInverse(t);
    }",Transform2STest::testReflection_point_oe
commons-geometry_524,"@Test
    void testReflection_vector_oe() {
        // arrange
        final Point2S a = Point2S.of(1, 1);
        final Point2S b = Point2S.of(-1, 1);

        final Point2S c = Point2S.of(1, Math.PI - 1);
        final Point2S d = Point2S.of(-1, Math.PI - 1);

        // act
        final Transform2S t = Transform2S.createReflection(Vector3D.Unit.PLUS_Y);

        // assert
        Assertions.assertFalse(t.preservesOrientation());

        SphericalTestUtils.assertPointsEqual(Point2S.PLUS_I, t.apply(Point2S.PLUS_I), TEST_EPS);
        SphericalTestUtils.assertPointsEqual(Point2S.MINUS_J, t.apply(Point2S.PLUS_J), TEST_EPS);
        SphericalTestUtils.assertPointsEq(Point2S.PLUS_K, t.apply(Point2S.PLUS_K), TEST_EPS);

        SphericalTestUtils.assertPointsEqual(b, t.apply(a), TEST_EPS);
        SphericalTestUtils.assertPointsEqual(a, t.apply(b), TEST_EPS);

        SphericalTestUtils.assertPointsEqual(d, t.apply(c), TEST_EPS);
        SphericalTestUtils.assertPointsEqual(c, t.apply(d), TEST_EPS);

        checkInverse(t);
    }",Transform2STest::testReflection_vector_oe
commons-geometry_525,"@Test
    void testDoubleReflection_oe() {
        // arrange
        final Point2S a = Point2S.of(1, 1);
        final Point2S b = Point2S.of(-1, 1);

        final Point2S c = Point2S.of(1, Math.PI - 1);
        final Point2S d = Point2S.of(-1, Math.PI - 1);

        // act
        final Transform2S t = Transform2S.identity()
                .reflect(Point2S.PLUS_I)
                .reflect(Vector3D.Unit.PLUS_Y);

        // assert
        Assertions.assertTrue(t.preservesOrientation());

        SphericalTestUtils.assertPointsEqual(Point2S.MINUS_I, t.apply(Point2S.PLUS_I), TEST_EPS);
        SphericalTestUtils.assertPointsEqual(Point2S.MINUS_J, t.apply(Point2S.PLUS_J), TEST_EPS);
        SphericalTestUtils.assertPointsEq(Point2S.PLUS_K, t.apply(Point2S.PLUS_K), TEST_EPS);

        SphericalTestUtils.assertPointsEqual(Point2S.of(Math.PI + 1, 1), t.apply(a), TEST_EPS);
        SphericalTestUtils.assertPointsEqual(Point2S.of(Math.PI - 1, 1), t.apply(b), TEST_EPS);

        SphericalTestUtils.assertPointsEqual(Point2S.of(Math.PI + 1, Math.PI - 1), t.apply(c), TEST_EPS);
        SphericalTestUtils.assertPointsEqual(Point2S.of(Math.PI - 1,  Math.PI - 1), t.apply(d), TEST_EPS);

        checkInverse(t);
    }",Transform2STest::testDoubleReflection_oe
commons-geometry_526,"@Test
    void testHashcode_oe() {
        // arrange
        final Transform2S a = Transform2S.createRotation(Point2S.PLUS_I, Angle.PI_OVER_TWO);
        final Transform2S b = Transform2S.createRotation(Point2S.PLUS_J, Angle.PI_OVER_TWO);
        final Transform2S c = Transform2S.createRotation(Point2S.PLUS_I, Math.PI);
        final Transform2S d = Transform2S.createRotation(Point2S.PLUS_I, Angle.PI_OVER_TWO);

        // act
        final int hash = a.hashCode();

        // assert
        Assertions.assertEquals(hash, a.hashCode());

        Assertions.assertNotEquals(hash, b.hashCode());
        Assertions.assertNotEquals(hash, c.hashCode());

        Assertions.assertEquals(hash, d.hashCode());
    }",Transform2STest::testHashcode_oe
commons-geometry_527,"@Test
    void testEquals_oe() {
        // arrange
        final Transform2S a = Transform2S.createRotation(Point2S.PLUS_I, Angle.PI_OVER_TWO);
        final Transform2S b = Transform2S.createRotation(Point2S.PLUS_J, Angle.PI_OVER_TWO);
        final Transform2S c = Transform2S.createRotation(Point2S.PLUS_I, Math.PI);
        final Transform2S d = Transform2S.createRotation(Point2S.PLUS_I, Angle.PI_OVER_TWO);

        // act/assert
        GeometryTestUtils.assertSimpleEqualsCases(a);

        Assertions.assertNotEquals(a, b);
        Assertions.assertNotEquals(a, c);

        Assertions.assertEquals(a, d);
        Assertions.assertEquals(d, a);
    }",Transform2STest::testEquals_oe
commons-geometry_528,"@Test
    void testToString_oe() {
        // arrange
        final Transform2S t = Transform2S.identity();

        // act
        final String str = t.toString();

        // assert
        GeometryTestUtils.assertContains(""Transform2S"", str);
        GeometryTestUtils.assertContains(""euclideanTransform= ["", str);
    }",Transform2STest::testToString_oe
commons-geometry_529,"@Test
    void testEmpty_oe() {
        // act
        final GreatArcPath path = GreatArcPath.empty();

        // assert
        Assertions.assertTrue(path.isEmpty());
        Assertions.assertFalse(path.isClosed());

        Assertions.assertNull(path.getStartVertex());
        Assertions.assertNull(path.getEndVertex());

        Assertions.assertNull(path.getStartArc());
        Assertions.assertNull(path.getEndArc());

        Assertions.assertEquals(0, path.getArcs().size());
        Assertions.assertEquals(0, path.getVertices().size());
    }",GreatArcPathTest::testEmpty_oe
commons-geometry_530,"@Test
    void testFromVertices_boolean_empty_oe() {
        // act
        final GreatArcPath path = GreatArcPath.fromVertices(Collections.emptyList(), true, TEST_PRECISION);

        // assert
        Assertions.assertTrue(path.isEmpty());

        Assertions.assertNull(path.getStartVertex());
        Assertions.assertNull(path.getEndVertex());

        Assertions.assertNull(path.getStartArc());
        Assertions.assertNull(path.getEndArc());

        Assertions.assertEquals(0, path.getArcs().size());
        Assertions.assertEquals(0, path.getVertices().size());
    }",GreatArcPathTest::testFromVertices_boolean_empty_oe
commons-geometry_531,"@Test
    void testFromVertices_boolean_notClosed_oe() {
        // arrange
        final List<Point2S> points = Arrays.asList(
                Point2S.PLUS_I,
                Point2S.PLUS_K,
                Point2S.PLUS_J);

        // act
        final GreatArcPath path = GreatArcPath.fromVertices(points, false, TEST_PRECISION);

        // assert
        Assertions.assertFalse(path.isEmpty());
        Assertions.assertFalse(path.isClosed());

        SphericalTestUtils.assertPointsEq(Point2S.PLUS_I, path.getStartVertex(), TEST_EPS);
        SphericalTestUtils.assertPointsEq(Point2S.PLUS_J, path.getEndVertex(), TEST_EPS);

        final List<GreatArc> arcs = path.getArcs();
        Assertions.assertEquals(2, arcs.size());
        assertArc(arcs.get(0), Point2S.PLUS_I, Point2S.PLUS_K);
        assertArc(arcs.get(1), Point2S.PLUS_K, Point2S.PLUS_J);

        assertPoints(points, path.getVertices());
    }",GreatArcPathTest::testFromVertices_boolean_notClosed_oe
commons-geometry_532,"@Test
    void testFromVertices_boolean_closed_oe() {
        // arrange
        final List<Point2S> points = Arrays.asList(
                Point2S.PLUS_I,
                Point2S.PLUS_K,
                Point2S.PLUS_J);

        // act
        final GreatArcPath path = GreatArcPath.fromVertices(points, true, TEST_PRECISION);

        // assert
        Assertions.assertFalse(path.isEmpty());
        Assertions.assertTrue(path.isClosed());

        SphericalTestUtils.assertPointsEq(Point2S.PLUS_I, path.getStartVertex(), TEST_EPS);
        SphericalTestUtils.assertPointsEq(Point2S.PLUS_I, path.getEndVertex(), TEST_EPS);

        final List<GreatArc> arcs = path.getArcs();
        Assertions.assertEquals(3, arcs.size());
        assertArc(arcs.get(0), Point2S.PLUS_I, Point2S.PLUS_K);
        assertArc(arcs.get(1), Point2S.PLUS_K, Point2S.PLUS_J);
        assertArc(arcs.get(2), Point2S.PLUS_J, Point2S.PLUS_I);

        assertPoints(Arrays.asList(
                Point2S.PLUS_I,
                Point2S.PLUS_K,
                Point2S.PLUS_J,
                Point2S.PLUS_I), path.getVertices());
    }",GreatArcPathTest::testFromVertices_boolean_closed_oe
commons-geometry_533,"@Test
    void testFromVertices_boolean_closed_pointsConsideredEqual_oe() {
        // arrange
        final Precision.DoubleEquivalence precision = Precision.doubleEquivalenceOfEpsilon(1e-2);

        final Point2S almostPlusI = Point2S.of(1e-4, Angle.PI_OVER_TWO);

        final List<Point2S> points = Arrays.asList(
                Point2S.PLUS_I,
                Point2S.PLUS_K,
                Point2S.PLUS_J,
                almostPlusI);

        // act
        final GreatArcPath path = GreatArcPath.fromVertices(points, true, precision);

        // assert
        Assertions.assertFalse(path.isEmpty());
        Assertions.assertTrue(path.isClosed());

        SphericalTestUtils.assertPointsEq(Point2S.PLUS_I, path.getStartVertex(), TEST_EPS);
        SphericalTestUtils.assertPointsEq(almostPlusI, path.getEndVertex(), TEST_EPS);

        final List<GreatArc> arcs = path.getArcs();
        Assertions.assertEquals(3, arcs.size());
        assertArc(arcs.get(0), Point2S.PLUS_I, Point2S.PLUS_K);
        assertArc(arcs.get(1), Point2S.PLUS_K, Point2S.PLUS_J);
        assertArc(arcs.get(2), Point2S.PLUS_J, almostPlusI);

        assertPoints(Arrays.asList(
                Point2S.PLUS_I,
                Point2S.PLUS_K,
                Point2S.PLUS_J,
                almostPlusI), path.getVertices());
    }",GreatArcPathTest::testFromVertices_boolean_closed_pointsConsideredEqual_oe
commons-geometry_534,"@Test
    void testFromVertices_oe() {
        // arrange
        final List<Point2S> points = Arrays.asList(
                Point2S.MINUS_I,
                Point2S.MINUS_J,
                Point2S.PLUS_I);

        // act
        final GreatArcPath path = GreatArcPath.fromVertices(points, TEST_PRECISION);

        // assert
        Assertions.assertFalse(path.isEmpty());
        Assertions.assertFalse(path.isClosed());

        SphericalTestUtils.assertPointsEq(Point2S.MINUS_I, path.getStartVertex(), TEST_EPS);
        SphericalTestUtils.assertPointsEq(Point2S.PLUS_I, path.getEndVertex(), TEST_EPS);

        final List<GreatArc> arcs = path.getArcs();
        Assertions.assertEquals(2, arcs.size());
        assertArc(arcs.get(0), Point2S.MINUS_I, Point2S.MINUS_J);
        assertArc(arcs.get(1), Point2S.MINUS_J, Point2S.PLUS_I);

        assertPoints(points, path.getVertices());
    }",GreatArcPathTest::testFromVertices_oe
commons-geometry_535,"@Test
    void testFromVertexLoop_oe() {
        // arrange
        final List<Point2S> points = Arrays.asList(
                Point2S.MINUS_I,
                Point2S.MINUS_J,
                Point2S.MINUS_K);

        // act
        final GreatArcPath path = GreatArcPath.fromVertexLoop(points, TEST_PRECISION);

        // assert
        Assertions.assertFalse(path.isEmpty());
        Assertions.assertTrue(path.isClosed());

        SphericalTestUtils.assertPointsEq(Point2S.MINUS_I, path.getStartVertex(), TEST_EPS);
        SphericalTestUtils.assertPointsEq(Point2S.MINUS_I, path.getEndVertex(), TEST_EPS);

        final List<GreatArc> arcs = path.getArcs();
        Assertions.assertEquals(3, arcs.size());
        assertArc(arcs.get(0), Point2S.MINUS_I, Point2S.MINUS_J);
        assertArc(arcs.get(1), Point2S.MINUS_J, Point2S.MINUS_K);
        assertArc(arcs.get(2), Point2S.MINUS_K, Point2S.MINUS_I);

        assertPoints(Arrays.asList(
                Point2S.MINUS_I,
                Point2S.MINUS_J,
                Point2S.MINUS_K,
                Point2S.MINUS_I), path.getVertices());
    }",GreatArcPathTest::testFromVertexLoop_oe
commons-geometry_536,"@Test
    void testFromArcs_oe() {
        // arrange
        final Point2S ptA = Point2S.PLUS_I;
        final Point2S ptB = Point2S.of(1, Angle.PI_OVER_TWO);
        final Point2S ptC = Point2S.of(1, Angle.PI_OVER_TWO - 1);
        final Point2S ptD = Point2S.of(2, Angle.PI_OVER_TWO - 1);

        final GreatArc a = GreatCircles.arcFromPoints(ptA, ptB, TEST_PRECISION);
        final GreatArc b = GreatCircles.arcFromPoints(ptB, ptC, TEST_PRECISION);
        final GreatArc c = GreatCircles.arcFromPoints(ptC, ptD, TEST_PRECISION);

        // act
        final GreatArcPath path = GreatArcPath.fromArcs(a, b, c);

        // assert
        Assertions.assertFalse(path.isEmpty());
        Assertions.assertFalse(path.isClosed());

        SphericalTestUtils.assertPointsEq(ptA, path.getStartVertex(), TEST_EPS);
        SphericalTestUtils.assertPointsEq(ptD, path.getEndVertex(), TEST_EPS);

        final List<GreatArc> arcs = path.getArcs();
        Assertions.assertEquals(3, arcs.size());
        assertArc(arcs.get(0), ptA, ptB);
        assertArc(arcs.get(1), ptB, ptC);
        assertArc(arcs.get(2), ptC, ptD);

        assertPoints(Arrays.asList(ptA, ptB, ptC, ptD), path.getVertices());
    }",GreatArcPathTest::testFromArcs_oe
commons-geometry_537,"@Test
    void testFromArcs_full_oe() {
        // arrange
        final GreatArc fullArc = GreatCircles.fromPole(Vector3D.Unit.PLUS_X, TEST_PRECISION).span();

        // act
        final GreatArcPath path = GreatArcPath.fromArcs(fullArc);

        // assert
        Assertions.assertFalse(path.isEmpty());
        Assertions.assertFalse(path.isClosed());

        Assertions.assertSame(fullArc, path.getStartArc());
        Assertions.assertSame(fullArc, path.getEndArc());

        Assertions.assertNull(path.getStartVertex());
        Assertions.assertNull(path.getEndVertex());

        final List<GreatArc> arcs = path.getArcs();
        Assertions.assertEquals(1, arcs.size());

        Assertions.assertSame(fullArc, arcs.get(0));
    }",GreatArcPathTest::testFromArcs_full_oe
commons-geometry_538,"@Test
    void testBoundaryStream_oe() {
        // arrange
        final GreatArc fullArc = GreatCircles.fromPole(Vector3D.Unit.PLUS_X, TEST_PRECISION).span();
        final GreatArcPath path = GreatArcPath.fromArcs(fullArc);

        // act
        final List<GreatArc> arcs = path.boundaryStream().collect(Collectors.toList());

        // assert
        Assertions.assertEquals(1, arcs.size());
        Assertions.assertSame(fullArc, arcs.get(0));
    }",GreatArcPathTest::testBoundaryStream_oe
commons-geometry_539,"@Test
    void testBoundaryStream_noBoundaries_oe() {
        // arrange
        final GreatArcPath path = GreatArcPath.empty();

        // act
        final List<GreatArc> arcs = path.boundaryStream().collect(Collectors.toList());

        // assert
        Assertions.assertEquals(0, arcs.size());
    }",GreatArcPathTest::testBoundaryStream_noBoundaries_oe
commons-geometry_540,"@Test
    void testToTree_empty_oe() {
        // act
        final RegionBSPTree2S tree = GreatArcPath.empty().toTree();

        // assert
        Assertions.assertFalse(tree.isFull());
        Assertions.assertTrue(tree.isEmpty());
    }",GreatArcPathTest::testToTree_empty_oe
commons-geometry_541,"@Test
    void testToTree_halfSpace_oe() {
        // arrange
        final GreatArcPath path = GreatArcPath.builder(TEST_PRECISION)
                .append(Point2S.PLUS_I)
                .append(Point2S.PLUS_J)
                .build();

        // act
        final RegionBSPTree2S tree = path.toTree();

        // assert
        Assertions.assertFalse(tree.isFull());
        Assertions.assertFalse(tree.isEmpty());

        Assertions.assertEquals(Angle.TWO_PI, tree.getSize(), TEST_EPS);
        SphericalTestUtils.assertPointsEq(Point2S.PLUS_K, tree.getCentroid(), TEST_EPS);

        SphericalTestUtils.checkClassify(tree, RegionLocation.INSIDE, Point2S.PLUS_K);
        SphericalTestUtils.checkClassify(tree, RegionLocation.OUTSIDE, Point2S.MINUS_K);
    }",GreatArcPathTest::testToTree_halfSpace_oe
commons-geometry_542,"@Test
    void testToTree_triangle_oe() {
        // arrange
        final GreatArcPath path = GreatArcPath.builder(TEST_PRECISION)
                .append(Point2S.PLUS_I)
                .append(Point2S.PLUS_J)
                .append(Point2S.PLUS_K)
                .close();

        // act
        final RegionBSPTree2S tree = path.toTree();

        // assert
        Assertions.assertFalse(tree.isFull());
        Assertions.assertFalse(tree.isEmpty());

        Assertions.assertEquals(Angle.PI_OVER_TWO, tree.getSize(), TEST_EPS);

        final Point2S bc = Point2S.from(Point2S.PLUS_I.getVector()
                .add(Point2S.PLUS_J.getVector())
                .add(Point2S.PLUS_K.getVector()));

        SphericalTestUtils.assertPointsEq(bc, tree.getCentroid(), TEST_EPS);

        SphericalTestUtils.checkClassify(tree, RegionLocation.INSIDE, Point2S.of(0.5, 0.5));
        SphericalTestUtils.checkClassify(tree, RegionLocation.OUTSIDE,
                Point2S.MINUS_K, Point2S.MINUS_I, Point2S.MINUS_J);
    }",GreatArcPathTest::testToTree_triangle_oe
commons-geometry_543,"@Test
    void testBuilder_append_oe() {
        // arrange
        final Point2S a = Point2S.PLUS_I;
        final Point2S b = Point2S.PLUS_J;
        final Point2S c = Point2S.PLUS_K;
        final Point2S d = Point2S.of(-1, Angle.PI_OVER_TWO);
        final Point2S e = Point2S.of(0, 0.6 * Math.PI);

        final GreatArcPath.Builder builder = GreatArcPath.builder(TEST_PRECISION);

        // act
        final GreatArcPath path = builder.append(GreatCircles.arcFromPoints(a, b, TEST_PRECISION))
            .appendVertices(c, d)
            .append(e)
            .append(GreatCircles.arcFromPoints(e, a, TEST_PRECISION))
            .build();

        // assert
        Assertions.assertFalse(path.isEmpty());
        Assertions.assertTrue(path.isClosed());

        SphericalTestUtils.assertPointsEq(a, path.getStartVertex(), TEST_EPS);
        SphericalTestUtils.assertPointsEq(a, path.getEndVertex(), TEST_EPS);

        final List<GreatArc> arcs = path.getArcs();
        Assertions.assertEquals(5, arcs.size());
        assertArc(arcs.get(0), a, b);
        assertArc(arcs.get(1), b, c);
        assertArc(arcs.get(2), c, d);
        assertArc(arcs.get(3), d, e);
        assertArc(arcs.get(4), e, a);

        assertPoints(Arrays.asList(a, b, c, d, e, a), path.getVertices());
    }",GreatArcPathTest::testBuilder_append_oe
commons-geometry_544,"@Test
    void testBuilder_prepend_oe() {
        // arrange
        final Point2S a = Point2S.PLUS_I;
        final Point2S b = Point2S.PLUS_J;
        final Point2S c = Point2S.PLUS_K;
        final Point2S d = Point2S.of(-1, Angle.PI_OVER_TWO);
        final Point2S e = Point2S.of(0, 0.6 * Math.PI);

        final GreatArcPath.Builder builder = GreatArcPath.builder(TEST_PRECISION);

        // act
        final GreatArcPath path = builder.prepend(GreatCircles.arcFromPoints(e, a, TEST_PRECISION))
            .prependPoints(Arrays.asList(c, d))
            .prepend(b)
            .prepend(GreatCircles.arcFromPoints(a, b, TEST_PRECISION))
            .build();

        // assert
        Assertions.assertFalse(path.isEmpty());
        Assertions.assertTrue(path.isClosed());

        SphericalTestUtils.assertPointsEq(a, path.getStartVertex(), TEST_EPS);
        SphericalTestUtils.assertPointsEq(a, path.getEndVertex(), TEST_EPS);

        final List<GreatArc> arcs = path.getArcs();
        Assertions.assertEquals(5, arcs.size());
        assertArc(arcs.get(0), a, b);
        assertArc(arcs.get(1), b, c);
        assertArc(arcs.get(2), c, d);
        assertArc(arcs.get(3), d, e);
        assertArc(arcs.get(4), e, a);

        assertPoints(Arrays.asList(a, b, c, d, e, a), path.getVertices());
    }",GreatArcPathTest::testBuilder_prepend_oe
commons-geometry_545,"@Test
    void testBuilder_appendAndPrepend_points_oe() {
        // arrange
        final Point2S a = Point2S.PLUS_I;
        final Point2S b = Point2S.PLUS_J;
        final Point2S c = Point2S.PLUS_K;
        final Point2S d = Point2S.of(-1, Angle.PI_OVER_TWO);
        final Point2S e = Point2S.of(0, 0.6 * Math.PI);

        final GreatArcPath.Builder builder = GreatArcPath.builder(TEST_PRECISION);

        // act
        final GreatArcPath path = builder.prepend(a)
                .append(b)
                .prepend(e)
                .append(c)
                .prepend(d)
                .build();

        // assert
        Assertions.assertFalse(path.isEmpty());
        Assertions.assertFalse(path.isClosed());

        SphericalTestUtils.assertPointsEq(d, path.getStartVertex(), TEST_EPS);
        SphericalTestUtils.assertPointsEq(c, path.getEndVertex(), TEST_EPS);

        final List<GreatArc> arcs = path.getArcs();
        Assertions.assertEquals(4, arcs.size());
        assertArc(arcs.get(0), d, e);
        assertArc(arcs.get(1), e, a);
        assertArc(arcs.get(2), a, b);
        assertArc(arcs.get(3), b, c);

        assertPoints(Arrays.asList(d, e, a, b, c), path.getVertices());
    }",GreatArcPathTest::testBuilder_appendAndPrepend_points_oe
commons-geometry_546,"@Test
    void testBuilder_appendAndPrepend_mixedArguments_oe() {
        // arrange
        final Point2S a = Point2S.PLUS_I;
        final Point2S b = Point2S.PLUS_J;
        final Point2S c = Point2S.PLUS_K;
        final Point2S d = Point2S.of(-1, Angle.PI_OVER_TWO);
        final Point2S e = Point2S.of(0, 0.6 * Math.PI);

        final GreatArcPath.Builder builder = GreatArcPath.builder(TEST_PRECISION);

        // act
        final GreatArcPath path = builder.append(GreatCircles.arcFromPoints(a, b, TEST_PRECISION))
                .prepend(GreatCircles.arcFromPoints(e, a, TEST_PRECISION))
                .append(c)
                .prepend(d)
                .append(GreatCircles.arcFromPoints(c, d, TEST_PRECISION))
                .build();

        // assert
        Assertions.assertFalse(path.isEmpty());
        Assertions.assertTrue(path.isClosed());

        SphericalTestUtils.assertPointsEq(d, path.getStartVertex(), TEST_EPS);
        SphericalTestUtils.assertPointsEq(d, path.getEndVertex(), TEST_EPS);

        final List<GreatArc> arcs = path.getArcs();
        Assertions.assertEquals(5, arcs.size());
        assertArc(arcs.get(0), d, e);
        assertArc(arcs.get(1), e, a);
        assertArc(arcs.get(2), a, b);
        assertArc(arcs.get(3), b, c);
        assertArc(arcs.get(4), c, d);

        assertPoints(Arrays.asList(d, e, a, b, c, d), path.getVertices());
    }",GreatArcPathTest::testBuilder_appendAndPrepend_mixedArguments_oe
commons-geometry_547,"@Test
    void testBuilder_points_noPrecisionGiven_oe() {
        // act/assert
        GeometryTestUtils.assertThrowsWithMessage(() -> GreatArcPath.builder(null)
            .append(Point2S.PLUS_I)
            .append(Point2S.PLUS_J), IllegalStateException.class, ""Unable to create arc: no point precision specified"");

        GeometryTestUtils.assertThrowsWithMessage(() -> GreatArcPath.builder(null)
            .prepend(Point2S.PLUS_I)
            .prepend(Point2S.PLUS_J), IllegalStateException.class, ""Unable to create arc: no point precision specified"");
    }",GreatArcPathTest::testBuilder_points_noPrecisionGiven_oe
commons-geometry_548,"@Test
    void testBuilder_arcsNotConnected_oe() {
        // act/assert
        GeometryTestUtils.assertThrowsWithMessage(() -> GreatArcPath.builder(TEST_PRECISION)
            .append(Point2S.PLUS_I)
            .append(Point2S.PLUS_J)
            .append(GreatCircles.arcFromPoints(Point2S.PLUS_K, Point2S.MINUS_J, TEST_PRECISION)), IllegalStateException.class, Pattern.compile(""^Path arcs are not connected.*""));

        GeometryTestUtils.assertThrowsWithMessage(() -> GreatArcPath.builder(TEST_PRECISION)
            .prepend(Point2S.PLUS_I)
            .prepend(Point2S.PLUS_J)
            .prepend(GreatCircles.arcFromPoints(Point2S.PLUS_K, Point2S.MINUS_J, TEST_PRECISION)), IllegalStateException.class, Pattern.compile(""^Path arcs are not connected.*""));
    }",GreatArcPathTest::testBuilder_arcsNotConnected_oe
commons-geometry_549,"@Test
    void testBuilder_addToFullArc_oe() {
        // act/assert
        GeometryTestUtils.assertThrowsWithMessage(() -> GreatArcPath.builder(TEST_PRECISION)
            .append(GreatCircles.fromPoints(Point2S.PLUS_I, Point2S.PLUS_J, TEST_PRECISION).span())
            .append(Point2S.PLUS_J), IllegalStateException.class, Pattern.compile(""^Cannot add point .* after full arc.*""));

        GeometryTestUtils.assertThrowsWithMessage(() -> GreatArcPath.builder(TEST_PRECISION)
            .prepend(GreatCircles.fromPoints(Point2S.PLUS_I, Point2S.PLUS_J, TEST_PRECISION).span())
            .prepend(Point2S.PLUS_J), IllegalStateException.class, Pattern.compile(""^Cannot add point .* before full arc.*""));
    }",GreatArcPathTest::testBuilder_addToFullArc_oe
commons-geometry_550,"@Test
    void testBuilder_onlySinglePointGiven_oe() {
        // act/assert
        GeometryTestUtils.assertThrowsWithMessage(() -> GreatArcPath.builder(TEST_PRECISION)
            .append(Point2S.PLUS_J)
            .build(), IllegalStateException.class, Pattern.compile(""^Unable to create path; only a single point provided.*""));

        GeometryTestUtils.assertThrowsWithMessage(() -> GreatArcPath.builder(TEST_PRECISION)
            .prepend(Point2S.PLUS_J)
            .build(), IllegalStateException.class,  Pattern.compile(""^Unable to create path; only a single point provided.*""));
    }",GreatArcPathTest::testBuilder_onlySinglePointGiven_oe
commons-geometry_551,"@Test
    void testBuilder_cannotClose_oe() {
        // act/assert
        GeometryTestUtils.assertThrowsWithMessage(() -> GreatArcPath.builder(TEST_PRECISION)
            .append(GreatCircles.fromPoints(Point2S.PLUS_I, Point2S.PLUS_J, TEST_PRECISION).span())
            .close(), IllegalStateException.class, ""Unable to close path: path is full"");
    }",GreatArcPathTest::testBuilder_cannotClose_oe
commons-geometry_552,"@Test
    void testToString_empty_oe() {
        // arrange
        final GreatArcPath path = GreatArcPath.empty();

        // act
        final String str = path.toString();

        // assert
        Assertions.assertEquals(""GreatArcPath[empty= true]"", str);
    }",GreatArcPathTest::testToString_empty_oe
commons-geometry_553,"@Test
    void testToString_singleFullArc_oe() {
        // arrange
        final GreatArcPath path = GreatArcPath.fromArcs(GreatCircles.fromPole(Vector3D.Unit.PLUS_Z, TEST_PRECISION).span());

        // act
        final String str = path.toString();

        // assert
        GeometryTestUtils.assertContains(""GreatArcPath[full= true, circle= GreatCircle["", str);
    }",GreatArcPathTest::testToString_singleFullArc_oe
commons-geometry_554,"@Test
    void testToString_nonFullArcs_oe() {
        // arrange
        final GreatArcPath path = GreatArcPath.builder(TEST_PRECISION)
                .append(Point2S.PLUS_I)
                .append(Point2S.PLUS_J)
                .build();

        // act
        final String str = path.toString();

        // assert
        GeometryTestUtils.assertContains(""ArcPath[vertices= ["", str);
    }",GreatArcPathTest::testToString_nonFullArcs_oe
commons-geometry_555,"@Test
    void testCtor_default_oe() {
        // act
        final EmbeddedTreeGreatCircleSubset sub = new EmbeddedTreeGreatCircleSubset(XY_CIRCLE);

        // assert
        Assertions.assertSame(XY_CIRCLE, sub.getHyperplane());
        Assertions.assertSame(TEST_PRECISION, sub.getPrecision());
        Assertions.assertFalse(sub.isFull());
        Assertions.assertTrue(sub.isEmpty());
        Assertions.assertTrue(sub.isFinite());
        Assertions.assertFalse(sub.isInfinite());

        Assertions.assertEquals(0, sub.getSize(), TEST_EPS);
        Assertions.assertNull(sub.getCentroid());

        for (double az = 0; az <= Angle.TWO_PI; az += 0.5) {
            for (double p = 0; p <= Math.PI; p += 0.5) {
                checkClassify(sub, RegionLocation.OUTSIDE, Point2S.of(az, p));
            }
        }
    }",EmbeddedTreeSubGreatCircleTest::testCtor_default_oe
commons-geometry_556,"@Test
    void testCtor_boolean_true_oe() {
        // act
        final EmbeddedTreeGreatCircleSubset sub = new EmbeddedTreeGreatCircleSubset(XY_CIRCLE, true);

        // assert
        Assertions.assertTrue(sub.isFull());
        Assertions.assertFalse(sub.isEmpty());
        Assertions.assertTrue(sub.isFinite());
        Assertions.assertFalse(sub.isInfinite());

        Assertions.assertEquals(Angle.TWO_PI, sub.getSize(), TEST_EPS);
        Assertions.assertNull(sub.getCentroid());

        for (double az = 0; az < Angle.TWO_PI; az += 0.1) {
            checkClassify(sub, RegionLocation.INSIDE, Point2S.of(az, Angle.PI_OVER_TWO));
        }

        checkClassify(sub, RegionLocation.OUTSIDE,
                Point2S.PLUS_K, Point2S.of(0, Angle.PI_OVER_TWO + 0.1),
                Point2S.MINUS_K, Point2S.of(0, Angle.PI_OVER_TWO - 0.1));
    }",EmbeddedTreeSubGreatCircleTest::testCtor_boolean_true_oe
commons-geometry_557,"@Test
    void testCtor_boolean_false_oe() {
        // act
        final EmbeddedTreeGreatCircleSubset sub = new EmbeddedTreeGreatCircleSubset(XY_CIRCLE, false);

        // assert
        Assertions.assertFalse(sub.isFull());
        Assertions.assertTrue(sub.isEmpty());
        Assertions.assertTrue(sub.isFinite());
        Assertions.assertFalse(sub.isInfinite());

        Assertions.assertEquals(0, sub.getSize(), TEST_EPS);
        Assertions.assertNull(sub.getCentroid());

        for (double az = 0; az <= Angle.TWO_PI; az += 0.5) {
            for (double p = 0; p <= Math.PI; p += 0.5) {
                checkClassify(sub, RegionLocation.OUTSIDE, Point2S.of(az, p));
            }
        }
    }",EmbeddedTreeSubGreatCircleTest::testCtor_boolean_false_oe
commons-geometry_558,"@Test
    void testCtor_tree_oe() {
        // arrange
        final RegionBSPTree1S tree = RegionBSPTree1S.fromInterval(AngularInterval.of(1, 2, TEST_PRECISION));

        // act
        final EmbeddedTreeGreatCircleSubset sub = new EmbeddedTreeGreatCircleSubset(XY_CIRCLE, tree);

        // assert
        Assertions.assertFalse(sub.isFull());
        Assertions.assertFalse(sub.isEmpty());
        Assertions.assertTrue(sub.isFinite());
        Assertions.assertFalse(sub.isInfinite());

        Assertions.assertEquals(1, sub.getSize(), TEST_EPS);
        SphericalTestUtils.assertPointsEq(Point2S.of(1.5, Angle.PI_OVER_TWO),
                sub.getCentroid(), TEST_EPS);

        checkClassify(sub, RegionLocation.INSIDE, Point2S.of(1.5, Angle.PI_OVER_TWO));

        checkClassify(sub, RegionLocation.BOUNDARY,
                Point2S.of(1, Angle.PI_OVER_TWO), Point2S.of(2, Angle.PI_OVER_TWO));

        checkClassify(sub, RegionLocation.OUTSIDE,
                Point2S.of(0.5, Angle.PI_OVER_TWO), Point2S.of(2.5, Angle.PI_OVER_TWO),
                Point2S.of(1.5, 1), Point2S.of(1.5, Math.PI - 1));
    }",EmbeddedTreeSubGreatCircleTest::testCtor_tree_oe
commons-geometry_559,"@Test
    void testToSubspace_oe() {
        // arrange
        final EmbeddedTreeGreatCircleSubset sub = new EmbeddedTreeGreatCircleSubset(XY_CIRCLE);

        // act/assert
        SphericalTestUtils.assertPointsEqual(Point1S.of(1), sub.toSubspace(Point2S.of(1, 0.5)), TEST_EPS);
        SphericalTestUtils.assertPointsEqual(Point1S.of(1), sub.toSubspace(Point2S.of(1, 0.75)), TEST_EPS);
    }",EmbeddedTreeSubGreatCircleTest::testToSubspace_oe
commons-geometry_560,"@Test
    void testToSpace_oe() {
        // arrange
        final EmbeddedTreeGreatCircleSubset sub = new EmbeddedTreeGreatCircleSubset(XY_CIRCLE);

        // act/assert
        SphericalTestUtils.assertPointsEqual(Point2S.of(0, 0.5 * Math.PI), sub.toSpace(Point1S.of(0)), TEST_EPS);
        SphericalTestUtils.assertPointsEqual(Point2S.of(1, 0.5 * Math.PI), sub.toSpace(Point1S.of(1)), TEST_EPS);
    }",EmbeddedTreeSubGreatCircleTest::testToSpace_oe
commons-geometry_561,"@Test
    void testClosest_oe() {
        // arrange
        final RegionBSPTree1S tree = RegionBSPTree1S.fromInterval(AngularInterval.of(1, 2, TEST_PRECISION));
        final EmbeddedTreeGreatCircleSubset sub = new EmbeddedTreeGreatCircleSubset(XY_CIRCLE, tree);

        final double halfPi = 0.5 * Math.PI;
        final double above = halfPi - 0.1;
        final double below = halfPi + 0.1;

        // act/assert
        SphericalTestUtils.assertPointsEq(Point2S.of(1, halfPi), sub.closest(Point2S.of(0, above)), TEST_EPS);
        SphericalTestUtils.assertPointsEq(Point2S.of(1, halfPi), sub.closest(Point2S.of(0, below)), TEST_EPS);

        SphericalTestUtils.assertPointsEq(Point2S.of(1, halfPi), sub.closest(Point2S.of(1, above)), TEST_EPS);
        SphericalTestUtils.assertPointsEq(Point2S.of(1, halfPi), sub.closest(Point2S.of(1, below)), TEST_EPS);

        SphericalTestUtils.assertPointsEq(Point2S.of(1.5, halfPi), sub.closest(Point2S.of(1.5, above)), TEST_EPS);
        SphericalTestUtils.assertPointsEq(Point2S.of(1.5, halfPi), sub.closest(Point2S.of(1.5, below)), TEST_EPS);

        SphericalTestUtils.assertPointsEq(Point2S.of(2, halfPi), sub.closest(Point2S.of(2, above)), TEST_EPS);
        SphericalTestUtils.assertPointsEq(Point2S.of(2, halfPi), sub.closest(Point2S.of(2, below)), TEST_EPS);

        SphericalTestUtils.assertPointsEq(Point2S.of(2, halfPi), sub.closest(Point2S.of(3, above)), TEST_EPS);
        SphericalTestUtils.assertPointsEq(Point2S.of(2, halfPi), sub.closest(Point2S.of(3, below)), TEST_EPS);
    }",EmbeddedTreeSubGreatCircleTest::testClosest_oe
commons-geometry_562,"@Test
    void testTransform_oe() {
        // arrange
        final GreatCircle circle = GreatCircles.fromPoints(Point2S.PLUS_K, Point2S.MINUS_I, TEST_PRECISION);
        final RegionBSPTree1S region = RegionBSPTree1S.empty();
        region.add(AngularInterval.of(Math.PI, -Angle.PI_OVER_TWO, TEST_PRECISION));
        region.add(AngularInterval.of(0, Angle.PI_OVER_TWO, TEST_PRECISION));

        final Transform2S t = Transform2S.createRotation(Point2S.PLUS_I, Angle.PI_OVER_TWO)
                .reflect(Point2S.of(-0.25 * Math.PI,  Angle.PI_OVER_TWO));

        final EmbeddedTreeGreatCircleSubset sub = new EmbeddedTreeGreatCircleSubset(circle, region);

        // act
        final EmbeddedTreeGreatCircleSubset result = sub.transform(t);

        // assert
        final List<GreatArc> arcs = result.toConvex();
        Assertions.assertEquals(2, arcs.size());

        checkArc(arcs.get(0), Point2S.MINUS_I, Point2S.MINUS_J);
        checkArc(arcs.get(1), Point2S.PLUS_I, Point2S.PLUS_J);
    }",EmbeddedTreeSubGreatCircleTest::testTransform_oe
commons-geometry_563,"@Test
    void testSplit_full_oe() {
        // arrange
        final GreatCircle circle = GreatCircles.fromPoints(Point2S.PLUS_I, Point2S.PLUS_J, TEST_PRECISION);
        final EmbeddedTreeGreatCircleSubset sub = new EmbeddedTreeGreatCircleSubset(circle, true);

        final GreatCircle splitter = GreatCircles.fromPole(Vector3D.of(-1, 0, 1), TEST_PRECISION);

        // act
        final Split<EmbeddedTreeGreatCircleSubset> split = sub.split(splitter);

        // assert
        Assertions.assertEquals(SplitLocation.BOTH, split.getLocation());

        final EmbeddedTreeGreatCircleSubset minus = split.getMinus();
        Assertions.assertSame(sub.getCircle(), minus.getCircle());

        final List<GreatArc> minusArcs = minus.toConvex();
        Assertions.assertEquals(1, minusArcs.size());
        checkArc(minusArcs.get(0), Point2S.MINUS_J, Point2S.PLUS_J);

        checkClassify(minus, RegionLocation.OUTSIDE, Point2S.MINUS_I);
        checkClassify(minus, RegionLocation.INSIDE, Point2S.PLUS_I);

        final EmbeddedTreeGreatCircleSubset plus = split.getPlus();
        Assertions.assertSame(sub.getCircle(), plus.getCircle());

        final List<GreatArc> plusArcs = plus.toConvex();
        Assertions.assertEquals(1, plusArcs.size());
        checkArc(plusArcs.get(0), Point2S.PLUS_J, Point2S.MINUS_J);

        checkClassify(plus, RegionLocation.INSIDE, Point2S.MINUS_I);
        checkClassify(plus, RegionLocation.OUTSIDE, Point2S.PLUS_I);
    }",EmbeddedTreeSubGreatCircleTest::testSplit_full_oe
commons-geometry_564,"@Test
    void testSplit_empty_oe() {
        // arrange
        final GreatCircle circle = GreatCircles.fromPoints(Point2S.PLUS_I, Point2S.PLUS_J, TEST_PRECISION);
        final EmbeddedTreeGreatCircleSubset sub = new EmbeddedTreeGreatCircleSubset(circle, false);

        final GreatCircle splitter = GreatCircles.fromPole(Vector3D.of(-1, 0, 1), TEST_PRECISION);

        // act
        final Split<EmbeddedTreeGreatCircleSubset> split = sub.split(splitter);

        // assert
        Assertions.assertEquals(SplitLocation.NEITHER, split.getLocation());

        final EmbeddedTreeGreatCircleSubset minus = split.getMinus();
        Assertions.assertNull(minus);

        final EmbeddedTreeGreatCircleSubset plus = split.getPlus();
        Assertions.assertNull(plus);
    }",EmbeddedTreeSubGreatCircleTest::testSplit_empty_oe
commons-geometry_565,"@Test
    void testSplit_both_oe() {
        // arrange
        final GreatCircle circle = GreatCircles.fromPoints(Point2S.PLUS_J, Point2S.PLUS_K, TEST_PRECISION);

        final RegionBSPTree1S tree = RegionBSPTree1S.empty();
        tree.add(AngularInterval.of(0, 1, TEST_PRECISION));
        tree.add(AngularInterval.of(Angle.PI_OVER_TWO, Math.PI, TEST_PRECISION));
        tree.add(AngularInterval.of(Math.PI + 1, Math.PI + 2, TEST_PRECISION));

        final EmbeddedTreeGreatCircleSubset sub = new EmbeddedTreeGreatCircleSubset(circle, tree);

        final GreatCircle splitter = GreatCircles.fromPole(Vector3D.of(0, 1, 1), TEST_PRECISION);

        // act
        final Split<EmbeddedTreeGreatCircleSubset> split = sub.split(splitter);

        // assert
        Assertions.assertEquals(SplitLocation.BOTH, split.getLocation());

        final EmbeddedTreeGreatCircleSubset minus = split.getMinus();
        Assertions.assertSame(sub.getCircle(), minus.getCircle());
        final List<GreatArc> minusArcs = minus.toConvex();
        Assertions.assertEquals(2, minusArcs.size());
        checkArc(minusArcs.get(0), Point2S.of(1.5 * Math.PI, 0.25 * Math.PI), Point2S.MINUS_J);
        checkArc(minusArcs.get(1), Point2S.of(1.5 * Math.PI, Angle.PI_OVER_TWO + 1),
                Point2S.of(0.5 * Math.PI, (1.5 * Math.PI) - 2));

        final EmbeddedTreeGreatCircleSubset plus = split.getPlus();
        Assertions.assertSame(sub.getCircle(), plus.getCircle());
        final List<GreatArc> plusArcs = plus.toConvex();
        Assertions.assertEquals(2, plusArcs.size());
        checkArc(plusArcs.get(0), Point2S.of(Angle.PI_OVER_TWO, Angle.PI_OVER_TWO), Point2S.of(Angle.PI_OVER_TWO, Angle.PI_OVER_TWO - 1));
        checkArc(plusArcs.get(1), Point2S.of(0, 0), Point2S.of(1.5 * Math.PI, 0.25 * Math.PI));
    }",EmbeddedTreeSubGreatCircleTest::testSplit_both_oe
commons-geometry_566,"@Test
    void testSplit_minus_oe() {
        // arrange
        final GreatCircle circle = GreatCircles.fromPoints(Point2S.PLUS_J, Point2S.PLUS_K, TEST_PRECISION);
        final RegionBSPTree1S tree = AngularInterval.of(Angle.PI_OVER_TWO, Math.PI, TEST_PRECISION).toTree();

        final EmbeddedTreeGreatCircleSubset sub = new EmbeddedTreeGreatCircleSubset(circle, tree);

        final GreatCircle splitter = GreatCircles.fromPole(Vector3D.Unit.from(-1, 0, -1), TEST_PRECISION);

        // act
        final Split<EmbeddedTreeGreatCircleSubset> split = sub.split(splitter);

        // assert
        Assertions.assertEquals(SplitLocation.MINUS, split.getLocation());

        final EmbeddedTreeGreatCircleSubset minus = split.getMinus();
        Assertions.assertSame(sub, minus);

        final EmbeddedTreeGreatCircleSubset plus = split.getPlus();
        Assertions.assertNull(plus);
    }",EmbeddedTreeSubGreatCircleTest::testSplit_minus_oe
commons-geometry_567,"@Test
    void testSplit_plus_oe() {
        // arrange
        final GreatCircle circle = GreatCircles.fromPoints(Point2S.PLUS_J, Point2S.PLUS_K, TEST_PRECISION);
        final RegionBSPTree1S tree = AngularInterval.of(Angle.PI_OVER_TWO, Math.PI, TEST_PRECISION).toTree();

        final EmbeddedTreeGreatCircleSubset sub = new EmbeddedTreeGreatCircleSubset(circle, tree);

        final GreatCircle splitter = GreatCircles.fromPole(Vector3D.Unit.PLUS_Z, TEST_PRECISION);

        // act
        final Split<EmbeddedTreeGreatCircleSubset> split = sub.split(splitter);

        // assert
        Assertions.assertEquals(SplitLocation.PLUS, split.getLocation());

        final EmbeddedTreeGreatCircleSubset minus = split.getMinus();
        Assertions.assertNull(minus);

        final EmbeddedTreeGreatCircleSubset plus = split.getPlus();
        Assertions.assertSame(sub, plus);
    }",EmbeddedTreeSubGreatCircleTest::testSplit_plus_oe
commons-geometry_568,"@Test
    void testSplit_parallelAndAntiparallel_oe() {
        // arrange
        final GreatCircle circle = GreatCircles.fromPoints(Point2S.PLUS_I, Point2S.PLUS_J, TEST_PRECISION);
        final RegionBSPTree1S tree = AngularInterval.of(Angle.PI_OVER_TWO, Math.PI, TEST_PRECISION).toTree();

        final EmbeddedTreeGreatCircleSubset sub = new EmbeddedTreeGreatCircleSubset(circle, tree);

        // act/assert
        Assertions.assertEquals(SplitLocation.NEITHER,sub.split(GreatCircles.fromPole(Vector3D.Unit.PLUS_Z,TEST_PRECISION)).getLocation());
        Assertions.assertEquals(SplitLocation.NEITHER,sub.split(GreatCircles.fromPole(Vector3D.Unit.MINUS_Z,TEST_PRECISION)).getLocation());
    }",EmbeddedTreeSubGreatCircleTest::testSplit_parallelAndAntiparallel_oe
commons-geometry_569,"@Test
    void testAdd_arc_oe() {
        // arrange
        final GreatCircle circle = GreatCircles.fromPoints(Point2S.MINUS_K, Point2S.MINUS_J, TEST_PRECISION);
        final GreatCircle closeCircle = GreatCircles.fromPoints(Point2S.MINUS_K,
                Point2S.of((1.5 * Math.PI) - 1e-11, Angle.PI_OVER_TWO), TEST_PRECISION);

        final EmbeddedTreeGreatCircleSubset sub = new EmbeddedTreeGreatCircleSubset(circle);

        // act
        sub.add(circle.arc(Point2S.of(1.5 * Math.PI, 0.75 * Math.PI), Point2S.MINUS_J));
        sub.add(closeCircle.arc(Point2S.PLUS_J, Point2S.of(1.5 * Math.PI, 0.75 * Math.PI)));

        // assert
        final List<GreatArc> arcs = sub.toConvex();

        Assertions.assertEquals(1, arcs.size());
        checkArc(arcs.get(0), Point2S.PLUS_J, Point2S.MINUS_J);
    }",EmbeddedTreeSubGreatCircleTest::testAdd_arc_oe
commons-geometry_570,"@Test
    void testAdd_arc_differentCircle_oe() {
        // arrange
        final GreatCircle circle = GreatCircles.fromPoints(Point2S.MINUS_K, Point2S.MINUS_J, TEST_PRECISION);
        final GreatCircle otherCircle = GreatCircles.fromPoints(Point2S.MINUS_K,
                Point2S.of((1.5 * Math.PI) - 1e-2, Angle.PI_OVER_TWO), TEST_PRECISION);

        final EmbeddedTreeGreatCircleSubset sub = new EmbeddedTreeGreatCircleSubset(circle);
        // act/assert
        Assertions.assertThrows(IllegalArgumentException.class, () ->  sub.add(otherCircle.arc(Point2S.PLUS_J, Point2S.of(1.5 * Math.PI, 0.75 * Math.PI))));
    }",EmbeddedTreeSubGreatCircleTest::testAdd_arc_differentCircle_oe
commons-geometry_571,"@Test
    void testAdd_subGreatCircle_oe() {
        // arrange
        final GreatCircle circle = GreatCircles.fromPoints(Point2S.MINUS_K, Point2S.MINUS_J, TEST_PRECISION);
        final GreatCircle closeCircle = GreatCircles.fromPoints(Point2S.MINUS_K,
                Point2S.of((1.5 * Math.PI) - 1e-11, Angle.PI_OVER_TWO), TEST_PRECISION);

        final EmbeddedTreeGreatCircleSubset sub = new EmbeddedTreeGreatCircleSubset(circle);

        final RegionBSPTree1S regionA = RegionBSPTree1S.empty();
        regionA.add(AngularInterval.of(Math.PI, 1.25 * Math.PI, TEST_PRECISION));
        regionA.add(AngularInterval.of(0.25 * Math.PI, Angle.PI_OVER_TWO, TEST_PRECISION));

        final RegionBSPTree1S regionB = RegionBSPTree1S.empty();
        regionB.add(AngularInterval.of(1.5 * Math.PI, 0.25 * Math.PI, TEST_PRECISION));

        // act
        sub.add(new EmbeddedTreeGreatCircleSubset(circle, regionA));
        sub.add(new EmbeddedTreeGreatCircleSubset(closeCircle, regionB));

        // assert
        final List<GreatArc> arcs = sub.toConvex();

        Assertions.assertEquals(2, arcs.size());
        checkArc(arcs.get(0), Point2S.of(Angle.PI_OVER_TWO, 0), Point2S.of(Angle.PI_OVER_TWO, 0.25 * Math.PI));
        checkArc(arcs.get(1), Point2S.PLUS_J, Point2S.MINUS_J);
    }",EmbeddedTreeSubGreatCircleTest::testAdd_subGreatCircle_oe
commons-geometry_572,"@Test
    void testAdd_subGreatCircle_otherCircle_oe() {
        // arrange
        final GreatCircle circle = GreatCircles.fromPoints(Point2S.MINUS_K, Point2S.MINUS_J, TEST_PRECISION);
        final GreatCircle otherCircle = GreatCircles.fromPoints(Point2S.MINUS_K, Point2S.of((1.5 * Math.PI) - 1e-5, Angle.PI_OVER_TWO), TEST_PRECISION);

        final EmbeddedTreeGreatCircleSubset sub = new EmbeddedTreeGreatCircleSubset(circle);

        // act/assert
        Assertions.assertThrows(IllegalArgumentException.class, () ->  sub.add(new EmbeddedTreeGreatCircleSubset(otherCircle, RegionBSPTree1S.full())));
    }",EmbeddedTreeSubGreatCircleTest::testAdd_subGreatCircle_otherCircle_oe
commons-geometry_573,"@Test
    void testToString_oe() {
        // arrange
        final GreatCircle circle = GreatCircles.fromPoints(Point2S.PLUS_I, Point2S.PLUS_J, TEST_PRECISION);
        final EmbeddedTreeGreatCircleSubset sub = new EmbeddedTreeGreatCircleSubset(circle);

        // act
        final String str = sub.toString();

        // assert
        GeometryTestUtils.assertContains(""EmbeddedTreeGreatCircleSubset["", str);
        GeometryTestUtils.assertContains(""circle= GreatCircle["", str);
        GeometryTestUtils.assertContains(""region= RegionBSPTree1S["", str);
    }",EmbeddedTreeSubGreatCircleTest::testToString_oe
commons-geometry_574,"@Test
    void testFull_oe() {
        // act
        final ConvexArea2S area = ConvexArea2S.full();

        // assert
        Assertions.assertTrue(area.isFull());
        Assertions.assertFalse(area.isEmpty());
        Assertions.assertEquals(0, area.getBoundarySize(), TEST_EPS);
        Assertions.assertEquals(4 * Math.PI, area.getSize(), TEST_EPS);
        Assertions.assertNull(area.getCentroid());

        Assertions.assertEquals(0, area.getBoundaries().size());

        SphericalTestUtils.checkClassify(area, RegionLocation.INSIDE,
                Point2S.PLUS_I, Point2S.MINUS_I,
                Point2S.PLUS_J, Point2S.MINUS_J,
                Point2S.PLUS_K, Point2S.MINUS_K);
    }",ConvexArea2STest::testFull_oe
commons-geometry_575,"@Test
    void testFromBounds_empty_oe() {
        // act
        final ConvexArea2S area = ConvexArea2S.fromBounds();

        // assert
        Assertions.assertTrue(area.isFull());
        Assertions.assertFalse(area.isEmpty());
        Assertions.assertEquals(0, area.getBoundarySize(), TEST_EPS);
        Assertions.assertEquals(4 * Math.PI, area.getSize(), TEST_EPS);
        Assertions.assertNull(area.getCentroid());

        Assertions.assertEquals(0, area.getBoundaries().size());

        SphericalTestUtils.checkClassify(area, RegionLocation.INSIDE,
                Point2S.PLUS_I, Point2S.MINUS_I,
                Point2S.PLUS_J, Point2S.MINUS_J,
                Point2S.PLUS_K, Point2S.MINUS_K);
    }",ConvexArea2STest::testFromBounds_empty_oe
commons-geometry_576,"@Test
    void testFromBounds_singleBound_oe() {
        // arrange
        final GreatCircle circle = GreatCircles.fromPoints(Point2S.PLUS_K, Point2S.PLUS_I, TEST_PRECISION);

        // act
        final ConvexArea2S area = ConvexArea2S.fromBounds(circle);

        // assert
        Assertions.assertFalse(area.isFull());
        Assertions.assertFalse(area.isEmpty());
        Assertions.assertEquals(2 * Math.PI, area.getBoundarySize(), TEST_EPS);
        Assertions.assertEquals(2 * Math.PI, area.getSize(), TEST_EPS);
        SphericalTestUtils.assertPointsEq(Point2S.PLUS_J, area.getCentroid(), TEST_EPS);
        checkCentroidConsistency(area);

        Assertions.assertEquals(1, area.getBoundaries().size());
        final GreatArc arc = area.getBoundaries().get(0);
        Assertions.assertTrue(arc.isFull());
        SphericalTestUtils.assertPointsEq(Point2S.PLUS_J, arc.getCircle().getPolePoint(), TEST_EPS);

        SphericalTestUtils.checkClassify(area, RegionLocation.INSIDE, Point2S.PLUS_J);

        SphericalTestUtils.checkClassify(area, RegionLocation.BOUNDARY,
                Point2S.PLUS_I, Point2S.MINUS_I,
                Point2S.PLUS_K, Point2S.MINUS_K);

        SphericalTestUtils.checkClassify(area, RegionLocation.OUTSIDE, Point2S.MINUS_J);
    }",ConvexArea2STest::testFromBounds_singleBound_oe
commons-geometry_577,"@Test
    void testFromBounds_lune_intersectionAtPoles_oe() {
        // arrange
        final GreatCircle a = GreatCircles.fromPoints(Point2S.PLUS_K, Point2S.PLUS_I, TEST_PRECISION);
        final GreatCircle b = GreatCircles.fromPoints(
                Point2S.of(0.25 * Math.PI, Angle.PI_OVER_TWO), Point2S.PLUS_K, TEST_PRECISION);

        // act
        final ConvexArea2S area = ConvexArea2S.fromBounds(a, b);

        // assert
        Assertions.assertFalse(area.isFull());
        Assertions.assertFalse(area.isEmpty());
        Assertions.assertEquals(2 * Math.PI, area.getBoundarySize(), TEST_EPS);
        Assertions.assertEquals(Angle.PI_OVER_TWO, area.getSize(), TEST_EPS);
        SphericalTestUtils.assertPointsEq(Point2S.of(0.125 * Math.PI, Angle.PI_OVER_TWO),
                area.getCentroid(), TEST_EPS);
        checkCentroidConsistency(area);

        final List<GreatArc> arcs = sortArcs(area.getBoundaries());
        Assertions.assertEquals(2, arcs.size());
        checkArc(arcs.get(0), Point2S.PLUS_K, Point2S.MINUS_K);
        checkArc(arcs.get(1), Point2S.MINUS_K, Point2S.PLUS_K);

        SphericalTestUtils.checkClassify(area, RegionLocation.INSIDE,
                Point2S.of(0.125 * Math.PI, 0.1),
                Point2S.of(0.125 * Math.PI, Angle.PI_OVER_TWO),
                Point2S.of(0.125 * Math.PI, Math.PI - 0.1));

        SphericalTestUtils.checkClassify(area, RegionLocation.BOUNDARY,
                Point2S.PLUS_I, Point2S.of(0.25 * Math.PI, Angle.PI_OVER_TWO),
                Point2S.PLUS_K, Point2S.MINUS_K);

        SphericalTestUtils.checkClassify(area, RegionLocation.OUTSIDE,
                Point2S.PLUS_J, Point2S.MINUS_J);
    }",ConvexArea2STest::testFromBounds_lune_intersectionAtPoles_oe
commons-geometry_578,"@Test
    void testFromBounds_lune_intersectionAtEquator_oe() {
        // arrange
        final GreatCircle a = GreatCircles.fromPoints(Point2S.PLUS_I, Point2S.PLUS_J, TEST_PRECISION);
        final GreatCircle b = GreatCircles.fromPoints(Point2S.PLUS_J, Point2S.PLUS_K, TEST_PRECISION);

        // act
        final ConvexArea2S area = ConvexArea2S.fromBounds(a, b);

        // assert
        Assertions.assertFalse(area.isFull());
        Assertions.assertFalse(area.isEmpty());
        Assertions.assertEquals(2 * Math.PI, area.getBoundarySize(), TEST_EPS);
        Assertions.assertEquals(Math.PI, area.getSize(), TEST_EPS);
        SphericalTestUtils.assertPointsEq(Point2S.of(0, 0.25 * Math.PI), area.getCentroid(), TEST_EPS);
        checkCentroidConsistency(area);

        final List<GreatArc> arcs = sortArcs(area.getBoundaries());
        Assertions.assertEquals(2, arcs.size());
        checkArc(arcs.get(0), Point2S.PLUS_J, Point2S.MINUS_J);
        checkArc(arcs.get(1), Point2S.MINUS_J, Point2S.PLUS_J);

        SphericalTestUtils.checkClassify(area, RegionLocation.INSIDE,
                Point2S.of(0, 0.25 * Math.PI),
                Point2S.of(0.25, 0.4 * Math.PI),
                Point2S.of(-0.25, 0.4 * Math.PI));

        SphericalTestUtils.checkClassify(area, RegionLocation.BOUNDARY,
                Point2S.PLUS_I, Point2S.PLUS_K,
                Point2S.PLUS_J, Point2S.MINUS_J);

        SphericalTestUtils.checkClassify(area, RegionLocation.OUTSIDE,
                Point2S.MINUS_I, Point2S.MINUS_K,
                Point2S.of(Math.PI, 0.25 * Math.PI),
                Point2S.of(Math.PI, 0.75 * Math.PI));
    }",ConvexArea2STest::testFromBounds_lune_intersectionAtEquator_oe
commons-geometry_579,"@Test
    void testFromBounds_triangle_large_oe() {
        // arrange
        final GreatCircle a = GreatCircles.fromPole(Vector3D.Unit.PLUS_X, TEST_PRECISION);
        final GreatCircle b = GreatCircles.fromPole(Vector3D.Unit.PLUS_Y, TEST_PRECISION);
        final GreatCircle c = GreatCircles.fromPole(Vector3D.Unit.PLUS_Z, TEST_PRECISION);

        // act
        final ConvexArea2S area = ConvexArea2S.fromBounds(Arrays.asList(a, b, c));

        // assert
        Assertions.assertFalse(area.isFull());
        Assertions.assertFalse(area.isEmpty());
        Assertions.assertEquals(1.5 * Math.PI, area.getBoundarySize(), TEST_EPS);
        Assertions.assertEquals(Angle.PI_OVER_TWO, area.getSize(), TEST_EPS);

        final Point2S expectedCentroid = triangleCentroid(Point2S.PLUS_I, Point2S.PLUS_J, Point2S.PLUS_K);
        SphericalTestUtils.assertPointsEq(expectedCentroid, area.getCentroid(), TEST_EPS);

        checkCentroidConsistency(area);

        final List<GreatArc> arcs = sortArcs(area.getBoundaries());
        Assertions.assertEquals(3, arcs.size());
        checkArc(arcs.get(0), Point2S.PLUS_K, Point2S.PLUS_I);
        checkArc(arcs.get(1), Point2S.PLUS_I, Point2S.PLUS_J);
        checkArc(arcs.get(2), Point2S.PLUS_J, Point2S.PLUS_K);

        SphericalTestUtils.checkClassify(area, RegionLocation.INSIDE,
                Point2S.of(0.25 * Math.PI, 0.25 * Math.PI));

        SphericalTestUtils.checkClassify(area, RegionLocation.BOUNDARY,
                Point2S.PLUS_I, Point2S.PLUS_J, Point2S.PLUS_K,
                Point2S.of(0, 0.25 * Math.PI), Point2S.of(Angle.PI_OVER_TWO, 0.304 * Math.PI),
                Point2S.of(0.25 * Math.PI, Angle.PI_OVER_TWO));

        SphericalTestUtils.checkClassify(area, RegionLocation.OUTSIDE,
                Point2S.MINUS_I, Point2S.MINUS_J, Point2S.MINUS_K);
    }",ConvexArea2STest::testFromBounds_triangle_large_oe
commons-geometry_580,"@Test
    void testFromBounds_triangle_small_oe() {
        // arrange
        final double azMin = 1.12 * Math.PI;
        final double azMax = 1.375 * Math.PI;
        final double azMid = 0.5 * (azMin + azMax);
        final double polarTop = 0.1;
        final double polarBottom = 0.25 * Math.PI;

        final Point2S p1 = Point2S.of(azMin, polarBottom);
        final Point2S p2 = Point2S.of(azMax, polarBottom);
        final Point2S p3 = Point2S.of(azMid, polarTop);

        final GreatCircle a = GreatCircles.fromPoints(p1, p2, TEST_PRECISION);
        final GreatCircle b = GreatCircles.fromPoints(p2, p3, TEST_PRECISION);
        final GreatCircle c = GreatCircles.fromPoints(p3, p1, TEST_PRECISION);

        // act
        final ConvexArea2S area = ConvexArea2S.fromBounds(Arrays.asList(a, b, c));

        // assert
        Assertions.assertFalse(area.isFull());
        Assertions.assertFalse(area.isEmpty());
        Assertions.assertEquals(p1.distance(p2)+ p2.distance(p3)+ p3.distance(p1),area.getBoundarySize(),TEST_EPS);
        final double size = Angle.TWO_PI - a.angle(b) - b.angle(c) - c.angle(a);
        Assertions.assertEquals(size, area.getSize(), TEST_EPS);

        final Point2S expectedCentroid = triangleCentroid(p1, p2, p3);
        SphericalTestUtils.assertPointsEq(expectedCentroid, area.getCentroid(), TEST_EPS);

        checkCentroidConsistency(area);

        final List<GreatArc> arcs = sortArcs(area.getBoundaries());
        Assertions.assertEquals(3, arcs.size());

        checkArc(arcs.get(0), p3, p1);
        checkArc(arcs.get(1), p1, p2);
        checkArc(arcs.get(2), p2, p3);

        SphericalTestUtils.checkClassify(area, RegionLocation.INSIDE, Point2S.of(azMid, 0.11));

        SphericalTestUtils.checkClassify(area, RegionLocation.BOUNDARY,
                p1, p2, p3, p1.slerp(p2, 0.2));

        SphericalTestUtils.checkClassify(area, RegionLocation.OUTSIDE,
                Point2S.PLUS_I, Point2S.PLUS_J, Point2S.PLUS_K,
                Point2S.MINUS_I, Point2S.MINUS_J, Point2S.MINUS_K);
    }",ConvexArea2STest::testFromBounds_triangle_small_oe
commons-geometry_581,"@Test
    void testFromBounds_quad_oe() {
        // arrange
        final Point2S p1 = Point2S.of(0.2, 0.1);
        final Point2S p2 = Point2S.of(0.1, 0.2);
        final Point2S p3 = Point2S.of(0.2, 0.5);
        final Point2S p4 = Point2S.of(0.3, 0.2);

        final GreatCircle c1 = GreatCircles.fromPoints(p1, p2, TEST_PRECISION);
        final GreatCircle c2 = GreatCircles.fromPoints(p2, p3, TEST_PRECISION);
        final GreatCircle c3 = GreatCircles.fromPoints(p3, p4, TEST_PRECISION);
        final GreatCircle c4 = GreatCircles.fromPoints(p4, p1, TEST_PRECISION);

        // act
        final ConvexArea2S area = ConvexArea2S.fromBounds(c1, c2, c3, c4);

        // assert
        Assertions.assertFalse(area.isFull());
        Assertions.assertFalse(area.isEmpty());
        Assertions.assertEquals(p1.distance(p2)+ p2.distance(p3)+ p3.distance(p4)+ p4.distance(p1),area.getBoundarySize(),TEST_EPS);

        final double size = 2 * Math.PI - c1.angle(c2) - c2.angle(c3) - c3.angle(c4) - c4.angle(c1);
        Assertions.assertEquals(size, area.getSize(), TEST_EPS);

        checkCentroidConsistency(area);

        final List<GreatArc> arcs = sortArcs(area.getBoundaries());
        Assertions.assertEquals(4, arcs.size());

        checkArc(arcs.get(0), p1, p2);
        checkArc(arcs.get(1), p2, p3);
        checkArc(arcs.get(2), p4, p1);
        checkArc(arcs.get(3), p3, p4);

        SphericalTestUtils.checkClassify(area, RegionLocation.INSIDE, Point2S.of(0.2, 0.11));

        SphericalTestUtils.checkClassify(area, RegionLocation.BOUNDARY,
                p1, p2, p3, p4, p1.slerp(p2, 0.2));

        SphericalTestUtils.checkClassify(area, RegionLocation.OUTSIDE,
                Point2S.PLUS_I, Point2S.PLUS_J, Point2S.PLUS_K,
                Point2S.MINUS_I, Point2S.MINUS_J, Point2S.MINUS_K);
    }",ConvexArea2STest::testFromBounds_quad_oe
commons-geometry_582,"@Test
    void testFromPath_empty_oe() {
        // act
        final ConvexArea2S area = ConvexArea2S.fromPath(GreatArcPath.empty());

        // assert
        Assertions.assertSame(ConvexArea2S.full(), area);
    }",ConvexArea2STest::testFromPath_empty_oe
commons-geometry_583,"@Test
    void testFromPath_oe() {
        // arrange
        final GreatArcPath path = GreatArcPath.builder(TEST_PRECISION)
                .append(Point2S.MINUS_I)
                .append(Point2S.MINUS_K)
                .append(Point2S.MINUS_J)
                .close();

        // act
        final ConvexArea2S area = ConvexArea2S.fromPath(path);

        // assert
        Assertions.assertFalse(area.isFull());
        Assertions.assertFalse(area.isEmpty());
        Assertions.assertEquals(1.5 * Math.PI, area.getBoundarySize(), TEST_EPS);
        Assertions.assertEquals(Angle.PI_OVER_TWO, area.getSize(), TEST_EPS);

        final Point2S expectedCentroid = triangleCentroid(Point2S.MINUS_I, Point2S.MINUS_K, Point2S.MINUS_J);
        SphericalTestUtils.assertPointsEq(expectedCentroid, area.getCentroid(), TEST_EPS);

        checkCentroidConsistency(area);

        final List<GreatArc> arcs = sortArcs(area.getBoundaries());
        Assertions.assertEquals(3, arcs.size());
        checkArc(arcs.get(0), Point2S.MINUS_I, Point2S.MINUS_K);
        checkArc(arcs.get(1), Point2S.MINUS_J, Point2S.MINUS_I);
        checkArc(arcs.get(2), Point2S.MINUS_K, Point2S.MINUS_J);

        SphericalTestUtils.checkClassify(area, RegionLocation.INSIDE,
                Point2S.of(1.25 * Math.PI, 0.75 * Math.PI));

        SphericalTestUtils.checkClassify(area, RegionLocation.BOUNDARY,
                Point2S.MINUS_I, Point2S.MINUS_J, Point2S.MINUS_K);

        SphericalTestUtils.checkClassify(area, RegionLocation.OUTSIDE,
                Point2S.PLUS_I, Point2S.PLUS_J, Point2S.PLUS_K);
    }",ConvexArea2STest::testFromPath_oe
commons-geometry_584,"@Test
    void testFromVertices_empty_oe() {
        // act
        final ConvexArea2S area = ConvexArea2S.fromVertices(Collections.emptyList(), TEST_PRECISION);

        // assert
        Assertions.assertSame(ConvexArea2S.full(), area);
    }",ConvexArea2STest::testFromVertices_empty_oe
commons-geometry_585,"@Test
    void testFromVertices_oe() {
        // arrange
        final Point2S p1 = Point2S.PLUS_I;
        final Point2S p2 = Point2S.PLUS_J;
        final Point2S p3 = Point2S.PLUS_K;

        // act
        final ConvexArea2S area = ConvexArea2S.fromVertices(Arrays.asList(p1, p2, p3), TEST_PRECISION);

        // assert
        Assertions.assertFalse(area.isFull());
        Assertions.assertFalse(area.isEmpty());
        Assertions.assertEquals(2 * Math.PI, area.getBoundarySize(), TEST_EPS);
        Assertions.assertEquals(Math.PI, area.getSize(), TEST_EPS);
        SphericalTestUtils.assertPointsEq(Point2S.of(0, 0.25 * Math.PI), area.getCentroid(), TEST_EPS);
        checkCentroidConsistency(area);

        final List<GreatArc> arcs = sortArcs(area.getBoundaries());
        Assertions.assertEquals(2, arcs.size());
        checkArc(arcs.get(0), Point2S.PLUS_J, Point2S.MINUS_J);
        checkArc(arcs.get(1), Point2S.MINUS_J, Point2S.PLUS_J);

        SphericalTestUtils.checkClassify(area, RegionLocation.INSIDE,
                Point2S.of(-0.25 * Math.PI, 0.25 * Math.PI),
                Point2S.of(0, 0.25 * Math.PI),
                Point2S.of(0.25 * Math.PI, 0.25 * Math.PI));

        SphericalTestUtils.checkClassify(area, RegionLocation.BOUNDARY,
                Point2S.PLUS_I, Point2S.PLUS_J,
                Point2S.PLUS_K, Point2S.MINUS_J);

        SphericalTestUtils.checkClassify(area, RegionLocation.OUTSIDE,
                Point2S.MINUS_I, Point2S.MINUS_K);
    }",ConvexArea2STest::testFromVertices_oe
commons-geometry_586,"@Test
    void testFromVertices_lastVertexRepeated_oe() {
        // arrange
        final Point2S p1 = Point2S.PLUS_I;
        final Point2S p2 = Point2S.PLUS_J;
        final Point2S p3 = Point2S.PLUS_K;

        // act
        final ConvexArea2S area = ConvexArea2S.fromVertices(Arrays.asList(p1, p2, p3, p1), TEST_PRECISION);

        // assert
        Assertions.assertFalse(area.isFull());
        Assertions.assertFalse(area.isEmpty());
        Assertions.assertEquals(1.5 * Math.PI, area.getBoundarySize(), TEST_EPS);
        Assertions.assertEquals(Angle.PI_OVER_TWO, area.getSize(), TEST_EPS);

        final Point2S expectedCentroid = triangleCentroid(Point2S.PLUS_I, Point2S.PLUS_J, Point2S.PLUS_K);
        SphericalTestUtils.assertPointsEq(expectedCentroid, area.getCentroid(), TEST_EPS);

        checkCentroidConsistency(area);

        final List<GreatArc> arcs = sortArcs(area.getBoundaries());
        Assertions.assertEquals(3, arcs.size());
        checkArc(arcs.get(0), Point2S.PLUS_K, Point2S.PLUS_I);
        checkArc(arcs.get(1), Point2S.PLUS_I, Point2S.PLUS_J);
        checkArc(arcs.get(2), Point2S.PLUS_J, Point2S.PLUS_K);

        SphericalTestUtils.checkClassify(area, RegionLocation.INSIDE,
                Point2S.of(0.25 * Math.PI, 0.25 * Math.PI));

        SphericalTestUtils.checkClassify(area, RegionLocation.BOUNDARY,
                Point2S.PLUS_I, Point2S.PLUS_J, Point2S.PLUS_K,
                Point2S.of(0, 0.25 * Math.PI), Point2S.of(Angle.PI_OVER_TWO, 0.304 * Math.PI),
                Point2S.of(0.25 * Math.PI, Angle.PI_OVER_TWO));

        SphericalTestUtils.checkClassify(area, RegionLocation.OUTSIDE,
                Point2S.MINUS_I, Point2S.MINUS_J, Point2S.MINUS_K);
    }",ConvexArea2STest::testFromVertices_lastVertexRepeated_oe
commons-geometry_587,"@Test
    void testFromVertices_verticesRepeated_oe() {
        // arrange
        final Point2S p1 = Point2S.PLUS_I;
        final Point2S p2 = Point2S.PLUS_J;
        final Point2S p3 = Point2S.PLUS_K;

        // act
        final ConvexArea2S area = ConvexArea2S.fromVertices(Arrays.asList(
                p1, Point2S.of(1e-17, Angle.PI_OVER_TWO), p2, p3, p3, p1), true, TEST_PRECISION);

        // assert
        Assertions.assertEquals(Angle.PI_OVER_TWO, area.getSize(), TEST_EPS);

        final Point2S expectedCentroid = triangleCentroid(Point2S.PLUS_I, Point2S.PLUS_J, Point2S.PLUS_K);
        SphericalTestUtils.assertPointsEq(expectedCentroid, area.getCentroid(), TEST_EPS);

        final List<Point2S> vertices = area.getBoundaryPath().getVertices();
        Assertions.assertEquals(4, vertices.size());
        SphericalTestUtils.assertPointsEq(Point2S.PLUS_K, vertices.get(0), TEST_EPS);
        SphericalTestUtils.assertPointsEq(Point2S.PLUS_I, vertices.get(1), TEST_EPS);
        SphericalTestUtils.assertPointsEq(Point2S.PLUS_J, vertices.get(2), TEST_EPS);
        SphericalTestUtils.assertPointsEq(Point2S.PLUS_K, vertices.get(3), TEST_EPS);
    }",ConvexArea2STest::testFromVertices_verticesRepeated_oe
commons-geometry_588,"@Test
    void testFromVertices_invalidArguments_oe() {
        // act/assert
        Assertions.assertThrows(IllegalStateException.class, () -> ConvexArea2S.fromVertices(Collections.singletonList(Point2S.PLUS_I), TEST_PRECISION));
        Assertions.assertThrows(IllegalStateException.class, () -> ConvexArea2S.fromVertices(Arrays.asList(Point2S.PLUS_I, Point2S.of(1e-16, Angle.PI_OVER_TWO)), TEST_PRECISION));
    }",ConvexArea2STest::testFromVertices_invalidArguments_oe
commons-geometry_589,"@Test
    void testFromVertexLoop_oe() {
        // arrange
        final Point2S p1 = Point2S.PLUS_I;
        final Point2S p2 = Point2S.PLUS_J;
        final Point2S p3 = Point2S.PLUS_K;

        // act
        final ConvexArea2S area = ConvexArea2S.fromVertexLoop(Arrays.asList(p1, p2, p3), TEST_PRECISION);

        // assert
        Assertions.assertFalse(area.isFull());
        Assertions.assertFalse(area.isEmpty());
        Assertions.assertEquals(1.5 * Math.PI, area.getBoundarySize(), TEST_EPS);
        Assertions.assertEquals(Angle.PI_OVER_TWO, area.getSize(), TEST_EPS);

        final Point2S expectedCentroid = triangleCentroid(Point2S.PLUS_I, Point2S.PLUS_J, Point2S.PLUS_K);
        SphericalTestUtils.assertPointsEq(expectedCentroid, area.getCentroid(), TEST_EPS);

        checkCentroidConsistency(area);

        final List<GreatArc> arcs = sortArcs(area.getBoundaries());
        Assertions.assertEquals(3, arcs.size());
        checkArc(arcs.get(0), Point2S.PLUS_K, Point2S.PLUS_I);
        checkArc(arcs.get(1), Point2S.PLUS_I, Point2S.PLUS_J);
        checkArc(arcs.get(2), Point2S.PLUS_J, Point2S.PLUS_K);

        SphericalTestUtils.checkClassify(area, RegionLocation.INSIDE,
                Point2S.of(0.25 * Math.PI, 0.25 * Math.PI));

        SphericalTestUtils.checkClassify(area, RegionLocation.BOUNDARY,
                Point2S.PLUS_I, Point2S.PLUS_J, Point2S.PLUS_K,
                Point2S.of(0, 0.25 * Math.PI), Point2S.of(Angle.PI_OVER_TWO, 0.304 * Math.PI),
                Point2S.of(0.25 * Math.PI, Angle.PI_OVER_TWO));

        SphericalTestUtils.checkClassify(area, RegionLocation.OUTSIDE,
                Point2S.MINUS_I, Point2S.MINUS_J, Point2S.MINUS_K);
    }",ConvexArea2STest::testFromVertexLoop_oe
commons-geometry_590,"@Test
    void testFromVertexLoop_empty_oe() {
        // act
        final ConvexArea2S area = ConvexArea2S.fromVertexLoop(Collections.emptyList(), TEST_PRECISION);

        // assert
        Assertions.assertSame(ConvexArea2S.full(), area);
    }",ConvexArea2STest::testFromVertexLoop_empty_oe
commons-geometry_591,"@Test
    void testGetCentroid_diminishingLunes_oe() {
        // arrange
        final double eps = 1e-14;
        final Precision.DoubleEquivalence precision = Precision.doubleEquivalenceOfEpsilon(eps);

        final double centerAz = 1;
        final double centerPolar = 0.5 * Math.PI;
        final Point2S center = Point2S.of(centerAz, centerPolar);
        final Point2S pole = Point2S.PLUS_K;

        final double startOffset = Angle.PI_OVER_TWO;
        final double minOffset = 1e-14;

        ConvexArea2S area;
        Point2S p1;
        Point2S p2;
        Point2S centroid;
        for (double offset = startOffset; offset > minOffset; offset *= 0.5) {
            p1 = Point2S.of(centerAz - offset, centerPolar);
            p2 = Point2S.of(centerAz + offset, centerPolar);

            area = ConvexArea2S.fromBounds(
                    GreatCircles.fromPoints(pole, p1, precision),
                    GreatCircles.fromPoints(p2, pole, precision));

            // act
            centroid = area.getCentroid();

            // assert
            Assertions.assertTrue(area.contains(centroid));
            SphericalTestUtils.assertPointsEq(center, centroid, TEST_EPS);
        }
    }",ConvexArea2STest::testGetCentroid_diminishingLunes_oe
commons-geometry_592,"@Test
    void testGetCentroid_diminishingSquares_oe() {
        // arrange
        final double eps = 1e-14;
        final Precision.DoubleEquivalence precision = Precision.doubleEquivalenceOfEpsilon(eps);

        final double centerAz = 1;
        final double centerPolar = 0.5 * Math.PI;
        final Point2S center = Point2S.of(centerAz, centerPolar);

        final double minOffset = 1e-14;

        ConvexArea2S area;
        Point2S p1;
        Point2S p2;
        Point2S p3;
        Point2S p4;
        Point2S centroid;
        for (double offset = 0.5; offset > minOffset; offset *= 0.5) {
            p1 = Point2S.of(centerAz, centerPolar - offset);
            p2 = Point2S.of(centerAz - offset, centerPolar);
            p3 = Point2S.of(centerAz, centerPolar + offset);
            p4 = Point2S.of(centerAz + offset, centerPolar);

            area = ConvexArea2S.fromVertexLoop(Arrays.asList(p1, p2, p3, p4), precision);

            // act
            centroid = area.getCentroid();

            // assert
            Assertions.assertTrue(area.contains(centroid));
            SphericalTestUtils.assertPointsEq(center, centroid, TEST_EPS);
        }
    }",ConvexArea2STest::testGetCentroid_diminishingSquares_oe
commons-geometry_593,"@Test
    void testBoundaryStream_oe() {
        // arrange
        final GreatCircle circle = GreatCircles.fromPole(Vector3D.Unit.PLUS_X, TEST_PRECISION);
        final ConvexArea2S area = ConvexArea2S.fromBounds(circle);

        // act
        final List<GreatArc> arcs = area.boundaryStream().collect(Collectors.toList());

        // assert
        Assertions.assertEquals(1, arcs.size());
        Assertions.assertSame(circle, arcs.get(0).getCircle());
    }",ConvexArea2STest::testBoundaryStream_oe
commons-geometry_594,"@Test
    void testBoundaryStream_noBoundaries_oe() {
        // arrange
        final ConvexArea2S area = ConvexArea2S.full();

        // act
        final List<GreatArc> arcs = area.boundaryStream().collect(Collectors.toList());

        // assert
        Assertions.assertEquals(0, arcs.size());
    }",ConvexArea2STest::testBoundaryStream_noBoundaries_oe
commons-geometry_595,"@Test
    void testGetInteriorAngles_noAngles_oe() {
        // act/assert
        Assertions.assertEquals(0, ConvexArea2S.full().getInteriorAngles().length);
        Assertions.assertEquals(0,ConvexArea2S.fromBounds(GreatCircles.fromPole(Vector3D.Unit.PLUS_X,TEST_PRECISION)).getInteriorAngles().length);
    }",ConvexArea2STest::testGetInteriorAngles_noAngles_oe
commons-geometry_596,"@Test
    void testGetInteriorAngles_oe() {
        // arrange
        final Point2S p1 = Point2S.PLUS_K;
        final Point2S p2 = Point2S.PLUS_I;
        final Point2S p4 = Point2S.PLUS_J;

        final GreatCircle base = GreatCircles.fromPoints(p2, p4, TEST_PRECISION);
        final GreatCircle c1 = base.transform(Transform2S.createRotation(p2, -0.2));
        final GreatCircle c2 = base.transform(Transform2S.createRotation(p4, 0.1));

        final Point2S p3 = c1.intersection(c2);

        // act
        final ConvexArea2S area = ConvexArea2S.fromVertexLoop(Arrays.asList(p1, p2, p3, p4), TEST_PRECISION);

        // assert
        final double[] angles = area.getInteriorAngles();
        Assertions.assertEquals(4, angles.length);
        Assertions.assertEquals(Angle.PI_OVER_TWO + 0.2, angles[0], TEST_EPS);
        Assertions.assertEquals(Math.PI - c1.angle(c2), angles[1], TEST_EPS);
        Assertions.assertEquals(Angle.PI_OVER_TWO + 0.1, angles[2], TEST_EPS);
        Assertions.assertEquals(Angle.PI_OVER_TWO, angles[3], TEST_EPS);
    }",ConvexArea2STest::testGetInteriorAngles_oe
commons-geometry_597,"@Test
    void testTransform_oe() {
        // arrange
        final Transform2S t = Transform2S.createReflection(Point2S.PLUS_J);
        final ConvexArea2S input = ConvexArea2S.fromVertexLoop(
                Arrays.asList(Point2S.PLUS_I, Point2S.PLUS_J, Point2S.PLUS_K), TEST_PRECISION);

        // act
        final ConvexArea2S area = input.transform(t);

        // assert
        Assertions.assertFalse(area.isFull());
        Assertions.assertFalse(area.isEmpty());
        Assertions.assertEquals(1.5 * Math.PI, area.getBoundarySize(), TEST_EPS);
        Assertions.assertEquals(Angle.PI_OVER_TWO, area.getSize(), TEST_EPS);

        final Point2S expectedCentroid = triangleCentroid(Point2S.MINUS_J, Point2S.PLUS_I, Point2S.PLUS_K);
        SphericalTestUtils.assertPointsEq(expectedCentroid, area.getCentroid(), TEST_EPS);

        checkCentroidConsistency(area);

        final List<GreatArc> arcs = sortArcs(area.getBoundaries());
        Assertions.assertEquals(3, arcs.size());
        checkArc(arcs.get(0), Point2S.PLUS_K, Point2S.MINUS_J);
        checkArc(arcs.get(1), Point2S.PLUS_I, Point2S.PLUS_K);
        checkArc(arcs.get(2), Point2S.MINUS_J, Point2S.PLUS_I);

        SphericalTestUtils.checkClassify(area, RegionLocation.INSIDE,
                Point2S.of(-0.25 * Math.PI, 0.25 * Math.PI));

        SphericalTestUtils.checkClassify(area, RegionLocation.BOUNDARY,
                Point2S.PLUS_I, Point2S.MINUS_J, Point2S.PLUS_K,
                Point2S.of(0, 0.25 * Math.PI), Point2S.of(-Angle.PI_OVER_TWO, 0.304 * Math.PI),
                Point2S.of(-0.25 * Math.PI, Angle.PI_OVER_TWO));

        SphericalTestUtils.checkClassify(area, RegionLocation.OUTSIDE,
                Point2S.PLUS_J, Point2S.MINUS_I, Point2S.MINUS_K);
    }",ConvexArea2STest::testTransform_oe
commons-geometry_598,"@Test
    void testTrim_oe() {
        // arrange
        final GreatCircle c1 = GreatCircles.fromPole(Vector3D.Unit.MINUS_X, TEST_PRECISION);
        final GreatCircle c2 = GreatCircles.fromPole(Vector3D.of(1, 1, 0), TEST_PRECISION);

        final GreatCircle slanted = GreatCircles.fromPole(Vector3D.of(-1, 0, 1), TEST_PRECISION);

        final ConvexArea2S area = ConvexArea2S.fromBounds(c1, c2);

        // act/assert
        checkArc(area.trim(GreatCircles.arcFromPoints(Point2S.of(0.1, Angle.PI_OVER_TWO), Point2S.MINUS_I, TEST_PRECISION)),
                Point2S.PLUS_J, Point2S.of(0.75 * Math.PI, Angle.PI_OVER_TWO));

        checkArc(area.trim(GreatCircles.arcFromPoints(Point2S.MINUS_I, Point2S.of(0.2, Angle.PI_OVER_TWO), TEST_PRECISION)),
                Point2S.of(0.75 * Math.PI, Angle.PI_OVER_TWO), Point2S.PLUS_J);

        checkArc(area.trim(GreatCircles.arcFromPoints(Point2S.of(0.6 * Math.PI, 0.1), Point2S.of(0.7 * Math.PI, 0.8), TEST_PRECISION)),
                Point2S.of(0.6 * Math.PI, 0.1), Point2S.of(0.7 * Math.PI, 0.8));

        Assertions.assertNull(area.trim(GreatCircles.arcFromPoints(Point2S.MINUS_I, Point2S.MINUS_J, TEST_PRECISION)));

        checkArc(area.trim(slanted.span()), c1.intersection(slanted), slanted.intersection(c2));
    }",ConvexArea2STest::testTrim_oe
commons-geometry_599,"@Test
    void testSplit_both_oe() {
        // arrange
        final GreatCircle c1 = GreatCircles.fromPole(Vector3D.Unit.MINUS_X, TEST_PRECISION);
        final GreatCircle c2 = GreatCircles.fromPole(Vector3D.of(1, 1, 0), TEST_PRECISION);

        final ConvexArea2S area = ConvexArea2S.fromBounds(c1, c2);

        final GreatCircle splitter = GreatCircles.fromPole(Vector3D.of(-1, 0, 1), TEST_PRECISION);

        // act
        final Split<ConvexArea2S> split = area.split(splitter);

        // assert
        Assertions.assertEquals(SplitLocation.BOTH, split.getLocation());

        final Point2S p1 = c1.intersection(splitter);
        final Point2S p2 = splitter.intersection(c2);

        final ConvexArea2S minus = split.getMinus();
        assertPath(minus.getBoundaryPath(), Point2S.PLUS_K, p1, p2, Point2S.PLUS_K);

        final ConvexArea2S plus = split.getPlus();
        assertPath(plus.getBoundaryPath(), p1, Point2S.MINUS_K, p2, p1);

        Assertions.assertEquals(area.getSize(), minus.getSize() + plus.getSize(), TEST_EPS);
    }",ConvexArea2STest::testSplit_both_oe
commons-geometry_600,"@Test
    void testSplit_minus_oe() {
        // arrange
        final ConvexArea2S area = ConvexArea2S.fromVertexLoop(Arrays.asList(
                    Point2S.PLUS_I, Point2S.PLUS_K, Point2S.MINUS_J
                ), TEST_PRECISION);

        final GreatCircle splitter = GreatCircles.fromPole(Vector3D.of(0, -1, 1), TEST_PRECISION);

        // act
        final Split<ConvexArea2S> split = area.split(splitter);

        // assert
        Assertions.assertEquals(SplitLocation.MINUS, split.getLocation());

        Assertions.assertSame(area, split.getMinus());
        Assertions.assertNull(split.getPlus());
    }",ConvexArea2STest::testSplit_minus_oe
commons-geometry_601,"@Test
    void testSplit_plus_oe() {
        // arrange
        final ConvexArea2S area = ConvexArea2S.fromVertexLoop(Arrays.asList(
                    Point2S.PLUS_I, Point2S.PLUS_K, Point2S.MINUS_J
                ), TEST_PRECISION);

        final GreatCircle splitter = GreatCircles.fromPole(Vector3D.of(0, 1, -1), TEST_PRECISION);

        // act
        final Split<ConvexArea2S> split = area.split(splitter);

        // assert
        Assertions.assertEquals(SplitLocation.PLUS, split.getLocation());

        Assertions.assertNull(split.getMinus());
        Assertions.assertSame(area, split.getPlus());
    }",ConvexArea2STest::testSplit_plus_oe
commons-geometry_602,"@Test
    void testToList_full_oe() {
        // arrange
        final ConvexArea2S area = ConvexArea2S.full();

        // act
        final BoundaryList2S list = area.toList();

        // assert
        Assertions.assertEquals(0, list.count());
    }",ConvexArea2STest::testToList_full_oe
commons-geometry_603,"@Test
    void testToList_oe() {
        // arrange
        final ConvexArea2S area = ConvexArea2S.fromVertexLoop(Arrays.asList(
                    Point2S.of(0.1, 0.1), Point2S.of(-0.4, 1),
                    Point2S.of(0.15, 1.5), Point2S.of(0.3, 1.2),
                    Point2S.of(0.1, 0.1)
                ), TEST_PRECISION);

        // act
        final BoundaryList2S list = area.toList();

        // assert
        Assertions.assertEquals(4, list.count());
        Assertions.assertEquals(area.getSize(), list.toTree().getSize(), TEST_EPS);
    }",ConvexArea2STest::testToList_oe
commons-geometry_604,"@Test
    void testToTree_full_oe() {
        // arrange
        final ConvexArea2S area = ConvexArea2S.full();

        // act
        final RegionBSPTree2S tree = area.toTree();

        // assert
        Assertions.assertTrue(tree.isFull());
        Assertions.assertFalse(tree.isEmpty());
    }",ConvexArea2STest::testToTree_full_oe
commons-geometry_605,"@Test
    void testToTree_oe() {
        // arrange
        final ConvexArea2S area = ConvexArea2S.fromVertexLoop(Arrays.asList(
                    Point2S.of(0.1, 0.1), Point2S.of(-0.4, 1),
                    Point2S.of(0.15, 1.5), Point2S.of(0.3, 1.2),
                    Point2S.of(0.1, 0.1)
                ), TEST_PRECISION);

        // act
        final RegionBSPTree2S tree = area.toTree();

        // assert
        Assertions.assertFalse(tree.isFull());
        Assertions.assertFalse(tree.isEmpty());

        Assertions.assertEquals(area.getSize(), tree.getSize(), TEST_EPS);
        SphericalTestUtils.assertPointsEq(area.getCentroid(), tree.getCentroid(), TEST_EPS);
    }",ConvexArea2STest::testToTree_oe
commons-geometry_606,"@Test
    void testContains_oe() {
        // arrange
        final CutAngle pt = CutAngles.createNegativeFacing(Angle.PI_OVER_TWO, TEST_PRECISION);

        // act/assert
        Assertions.assertFalse(pt.contains(Point1S.ZERO));
        Assertions.assertFalse(pt.contains(Point1S.of(Angle.TWO_PI)));

        Assertions.assertFalse(pt.contains(Point1S.of(Math.PI)));
        Assertions.assertFalse(pt.contains(Point1S.of(0.25 * Math.PI)));
        Assertions.assertFalse(pt.contains(Point1S.of(-0.25 * Math.PI)));

        Assertions.assertTrue(pt.contains(Point1S.of(Angle.PI_OVER_TWO)));
        Assertions.assertTrue(pt.contains(Point1S.of(Angle.PI_OVER_TWO + 1e-11)));
        Assertions.assertTrue(pt.contains(Point1S.of(2.5 * Math.PI)));
        Assertions.assertTrue(pt.contains(Point1S.of(-3.5 * Math.PI)));
    }",CutAngleTest::testContains_oe
commons-geometry_607,"@Test
    void testReverse_oe() {
        // arrange
        final CutAngle pt = CutAngles.createNegativeFacing(Angle.PI_OVER_TWO, TEST_PRECISION);

        // act
        final CutAngle result = pt.reverse();

        // assert
        checkCutAngle(result, Angle.PI_OVER_TWO, true);
        Assertions.assertSame(TEST_PRECISION, result.getPrecision());

        checkCutAngle(result.reverse(), Angle.PI_OVER_TWO, false);
    }",CutAngleTest::testReverse_oe
commons-geometry_608,"@Test
    void testProject_oe() {
        // arrange
        final CutAngle pt = CutAngles.createNegativeFacing(Angle.PI_OVER_TWO, TEST_PRECISION);

        // act/assert
        for (double az = -Angle.TWO_PI; az <= Angle.TWO_PI; az += 0.2) {
            Assertions.assertEquals(Angle.PI_OVER_TWO, pt.project(Point1S.of(az)).getAzimuth(), TEST_EPS);
        }
    }",CutAngleTest::testProject_oe
commons-geometry_609,"@Test
    void testSimilarOrientation_oe() {
        // arrange
        final CutAngle a = CutAngles.createPositiveFacing(0.0, TEST_PRECISION);
        final CutAngle b = CutAngles.createNegativeFacing(0.0, TEST_PRECISION);
        final CutAngle c = CutAngles.createPositiveFacing(-Angle.PI_OVER_TWO, TEST_PRECISION);

        // act/assert
        Assertions.assertTrue(a.similarOrientation(a));
        Assertions.assertFalse(a.similarOrientation(b));
        Assertions.assertTrue(a.similarOrientation(c));
    }",CutAngleTest::testSimilarOrientation_oe
commons-geometry_610,"@Test
    void testSpan_oe() {
        // arrange
        final CutAngle pt = CutAngles.fromPointAndDirection(Point1S.of(1.0), false, TEST_PRECISION);

        // act
        final HyperplaneConvexSubset<Point1S> result = pt.span();

        // assert
        Assertions.assertSame(pt, result.getHyperplane());
    }",CutAngleTest::testSpan_oe
commons-geometry_611,"@Test
    void testEq_oe() {
        // arrange
        final Precision.DoubleEquivalence precision = Precision.doubleEquivalenceOfEpsilon(1e-3);

        final CutAngle a = CutAngles.fromPointAndDirection(Point1S.ZERO, true, precision);

        final CutAngle b = CutAngles.fromPointAndDirection(Point1S.PI, true, precision);
        final CutAngle c = CutAngles.fromPointAndDirection(Point1S.ZERO, false, precision);
        final CutAngle d = CutAngles.fromPointAndDirection(Point1S.ZERO, true, TEST_PRECISION);

        final CutAngle e = CutAngles.fromPointAndDirection(Point1S.ZERO, true, precision);
        final CutAngle f = CutAngles.fromPointAndDirection(Point1S.of(Angle.TWO_PI), true, precision);
        final CutAngle g = CutAngles.fromPointAndDirection(Point1S.of(1e-4), true, precision);
        final CutAngle h = CutAngles.fromPointAndDirection(Point1S.of(-1e-4), true, precision);

        // act/assert
        Assertions.assertTrue(a.eq(a, precision));

        Assertions.assertFalse(a.eq(b, precision));
        Assertions.assertFalse(a.eq(c, precision));

        Assertions.assertTrue(a.eq(d, precision));
        Assertions.assertTrue(a.eq(e, precision));
        Assertions.assertTrue(a.eq(f, precision));
        Assertions.assertTrue(a.eq(g, precision));
        Assertions.assertTrue(a.eq(h, precision));
    }",CutAngleTest::testEq_oe
commons-geometry_612,"@Test
    void testHashCode_oe() {
        // arrange
        final Precision.DoubleEquivalence precision = Precision.doubleEquivalenceOfEpsilon(1e-3);

        final CutAngle a = CutAngles.fromPointAndDirection(Point1S.ZERO, true, TEST_PRECISION);
        final CutAngle b = CutAngles.fromPointAndDirection(Point1S.PI, true, TEST_PRECISION);
        final CutAngle c = CutAngles.fromPointAndDirection(Point1S.ZERO, false, TEST_PRECISION);
        final CutAngle d = CutAngles.fromPointAndDirection(Point1S.ZERO, true, precision);
        final CutAngle e = CutAngles.fromPointAndDirection(Point1S.ZERO, true, TEST_PRECISION);

        final int hash = a.hashCode();

        // act/assert
        Assertions.assertEquals(hash, a.hashCode());

        Assertions.assertNotEquals(hash, b.hashCode());
        Assertions.assertNotEquals(hash, c.hashCode());
        Assertions.assertNotEquals(hash, d.hashCode());

        Assertions.assertEquals(hash, e.hashCode());
    }",CutAngleTest::testHashCode_oe
commons-geometry_613,"@Test
    void testEquals_oe() {
        // arrange
        final Precision.DoubleEquivalence precision = Precision.doubleEquivalenceOfEpsilon(1e-3);

        final CutAngle a = CutAngles.fromPointAndDirection(Point1S.ZERO, true, TEST_PRECISION);
        final CutAngle b = CutAngles.fromPointAndDirection(Point1S.PI, true, TEST_PRECISION);
        final CutAngle c = CutAngles.fromPointAndDirection(Point1S.ZERO, false, TEST_PRECISION);
        final CutAngle d = CutAngles.fromPointAndDirection(Point1S.ZERO, true, precision);
        final CutAngle e = CutAngles.fromPointAndDirection(Point1S.ZERO, true, TEST_PRECISION);

        // act/assert
        GeometryTestUtils.assertSimpleEqualsCases(a);

        Assertions.assertNotEquals(a, b);
        Assertions.assertNotEquals(a, c);
        Assertions.assertNotEquals(a, d);

        Assertions.assertEquals(a, e);
    }",CutAngleTest::testEquals_oe
commons-geometry_614,"@Test
    void testToString_oe() {
        // arrange
        final CutAngle pt = CutAngles.createPositiveFacing(0.0, TEST_PRECISION);

        // act
        final String str = pt.toString();

        // assert
        Assertions.assertTrue(str.startsWith(""CutAngle[""));
        Assertions.assertTrue(str.contains(""point= "") && str.contains(""positiveFacing= ""));
    }",CutAngleTest::testToString_oe
commons-geometry_615,"@Test
    void testSubset_simpleMethods_oe() {
        // arrange
        final CutAngle pt = CutAngles.createPositiveFacing(1, TEST_PRECISION);
        final HyperplaneConvexSubset<Point1S> sub = pt.span();

        // act/assert
        Assertions.assertSame(pt, sub.getHyperplane());
        Assertions.assertFalse(sub.isFull());
        Assertions.assertFalse(sub.isEmpty());
        Assertions.assertFalse(sub.isInfinite());
        Assertions.assertTrue(sub.isFinite());
        Assertions.assertEquals(0.0, sub.getSize(), TEST_EPS);
        SphericalTestUtils.assertPointsEqual(Point1S.of(1), sub.getCentroid(), TEST_EPS);

        final List<? extends HyperplaneConvexSubset<Point1S>> list = sub.toConvex();
        Assertions.assertEquals(1, list.size());
        Assertions.assertSame(sub, list.get(0));
    }",CutAngleTest::testSubset_simpleMethods_oe
commons-geometry_616,"@Test
    void testSubset_classify_oe() {
        // arrange
        final Precision.DoubleEquivalence precision = Precision.doubleEquivalenceOfEpsilon(1e-1);
        final CutAngle pt = CutAngles.createPositiveFacing(1, precision);
        final HyperplaneConvexSubset<Point1S> sub = pt.span();

        // act/assert
        Assertions.assertEquals(RegionLocation.BOUNDARY, sub.classify(Point1S.of(0.95)));
        Assertions.assertEquals(RegionLocation.BOUNDARY, sub.classify(Point1S.of(1)));
        Assertions.assertEquals(RegionLocation.BOUNDARY, sub.classify(Point1S.of(1.05)));

        Assertions.assertEquals(RegionLocation.OUTSIDE, sub.classify(Point1S.of(1.11)));
        Assertions.assertEquals(RegionLocation.OUTSIDE, sub.classify(Point1S.of(0.89)));

        Assertions.assertEquals(RegionLocation.OUTSIDE, sub.classify(Point1S.of(-3)));
        Assertions.assertEquals(RegionLocation.OUTSIDE, sub.classify(Point1S.of(10)));
    }",CutAngleTest::testSubset_classify_oe
commons-geometry_617,"@Test
    void testSubset_contains_oe() {
        // arrange
        final Precision.DoubleEquivalence precision = Precision.doubleEquivalenceOfEpsilon(1e-1);
        final CutAngle pt = CutAngles.createPositiveFacing(1, precision);
        final HyperplaneConvexSubset<Point1S> sub = pt.span();

        // act/assert
        Assertions.assertTrue(sub.contains(Point1S.of(0.95)));
        Assertions.assertTrue(sub.contains(Point1S.of(1)));
        Assertions.assertTrue(sub.contains(Point1S.of(1.05)));

        Assertions.assertFalse(sub.contains(Point1S.of(1.11)));
        Assertions.assertFalse(sub.contains(Point1S.of(0.89)));

        Assertions.assertFalse(sub.contains(Point1S.of(-3)));
        Assertions.assertFalse(sub.contains(Point1S.of(10)));
    }",CutAngleTest::testSubset_contains_oe
commons-geometry_618,"@Test
    void testSubset_closestContained_oe() {
        // arrange
        final Precision.DoubleEquivalence precision = Precision.doubleEquivalenceOfEpsilon(1e-1);
        final CutAngle pt = CutAngles.createPositiveFacing(1, precision);
        final HyperplaneConvexSubset<Point1S> sub = pt.span();

        final Point1S expected = Point1S.of(1);

        // act/assert
        Assertions.assertEquals(expected, sub.closest(Point1S.ZERO));
        Assertions.assertEquals(expected, sub.closest(Point1S.of(Angle.PI_OVER_TWO)));
        Assertions.assertEquals(expected, sub.closest(Point1S.PI));
        Assertions.assertEquals(expected, sub.closest(Point1S.of(-Angle.PI_OVER_TWO)));
        Assertions.assertEquals(expected, sub.closest(Point1S.of(Angle.TWO_PI)));
    }",CutAngleTest::testSubset_closestContained_oe
commons-geometry_619,"@Test
    void testSubset_reverse_oe() {
        // arrange
        final CutAngle pt = CutAngles.createPositiveFacing(2.0, TEST_PRECISION);
        final HyperplaneConvexSubset<Point1S> sub = pt.span();

        // act
        final HyperplaneConvexSubset<Point1S> result = sub.reverse();

        // assert
        Assertions.assertEquals(2.0, ((CutAngle) result.getHyperplane()).getAzimuth(), TEST_EPS);
        Assertions.assertFalse(((CutAngle) result.getHyperplane()).isPositiveFacing());

        Assertions.assertEquals(sub.getHyperplane(), result.reverse().getHyperplane());
    }",CutAngleTest::testSubset_reverse_oe
commons-geometry_620,"@Test
    void testSubset_toString_oe() {
        // arrange
        final CutAngle pt = CutAngles.createPositiveFacing(2, TEST_PRECISION);
        final HyperplaneConvexSubset<Point1S> sub = pt.span();

        // act
        final String str = sub.toString();

        //assert
        Assertions.assertTrue(str.contains(""CutAngleConvexSubset[""));
        Assertions.assertTrue(str.contains(""point= ""));
        Assertions.assertTrue(str.contains(""positiveFacing= ""));
    }",CutAngleTest::testSubset_toString_oe
commons-geometry_621,"@Test
    void testOf_doubles_invalidArgs_oe() {
        // act/assert
        Assertions.assertThrows(IllegalArgumentException.class, () -> AngularInterval.of(Double.NEGATIVE_INFINITY, 0, TEST_PRECISION));
        Assertions.assertThrows(IllegalArgumentException.class, () -> AngularInterval.of(0, Double.POSITIVE_INFINITY, TEST_PRECISION));
        Assertions.assertThrows(IllegalArgumentException.class, () -> AngularInterval.of(Double.POSITIVE_INFINITY, Double.NEGATIVE_INFINITY, TEST_PRECISION));
        Assertions.assertThrows(IllegalArgumentException.class, () -> AngularInterval.of(Double.NaN, 0, TEST_PRECISION));
        Assertions.assertThrows(IllegalArgumentException.class, () -> AngularInterval.of(0, Double.NaN, TEST_PRECISION));
        Assertions.assertThrows(IllegalArgumentException.class, () -> AngularInterval.of(Double.NaN, Double.NaN, TEST_PRECISION));
    }",AngularIntervalTest::testOf_doubles_invalidArgs_oe
commons-geometry_622,"@Test
    void testOf_points_invalidArgs_oe() {
        // act/assert
        Assertions.assertThrows(IllegalArgumentException.class, () -> AngularInterval.of(Point1S.of(Double.NEGATIVE_INFINITY), Point1S.ZERO, TEST_PRECISION));
        Assertions.assertThrows(IllegalArgumentException.class, () -> AngularInterval.of(Point1S.ZERO, Point1S.of(Double.POSITIVE_INFINITY), TEST_PRECISION));
        Assertions.assertThrows(IllegalArgumentException.class, () -> AngularInterval.of(Point1S.of(Double.POSITIVE_INFINITY), Point1S.of(Double.NEGATIVE_INFINITY), TEST_PRECISION));
        Assertions.assertThrows(IllegalArgumentException.class, () -> AngularInterval.of(Point1S.NaN, Point1S.ZERO, TEST_PRECISION));
        Assertions.assertThrows(IllegalArgumentException.class, () -> AngularInterval.of(Point1S.ZERO, Point1S.NaN, TEST_PRECISION));
        Assertions.assertThrows(IllegalArgumentException.class, () -> AngularInterval.of(Point1S.NaN, Point1S.NaN, TEST_PRECISION));
    }",AngularIntervalTest::testOf_points_invalidArgs_oe
commons-geometry_623,"@Test
    void testOf_orientedPoints_invalidArgs_oe() {
        // arrange
        final CutAngle pt = CutAngles.createNegativeFacing(Point1S.ZERO, TEST_PRECISION);
        final CutAngle nan = CutAngles.createPositiveFacing(Point1S.NaN, TEST_PRECISION);

        // act/assert
        Assertions.assertThrows(IllegalArgumentException.class, () -> AngularInterval.of(pt, nan));
        Assertions.assertThrows(IllegalArgumentException.class, () -> AngularInterval.of(nan, pt));
        Assertions.assertThrows(IllegalArgumentException.class, () -> AngularInterval.of(nan, nan));
    }",AngularIntervalTest::testOf_orientedPoints_invalidArgs_oe
commons-geometry_624,"@Test
    void testProject_full_oe() {
        // arrange
        final AngularInterval interval = AngularInterval.full();

        // act/assert
        Assertions.assertNull(interval.project(Point1S.ZERO));
        Assertions.assertNull(interval.project(Point1S.PI));
    }",AngularIntervalTest::testProject_full_oe
commons-geometry_625,"@Test
    void testProject_oe() {
        // arrange
        final AngularInterval interval = AngularInterval.of(1, 2, TEST_PRECISION);

        // act/assert
        Assertions.assertEquals(1, interval.project(Point1S.ZERO).getAzimuth(), TEST_EPS);
        Assertions.assertEquals(1, interval.project(Point1S.of(1)).getAzimuth(), TEST_EPS);
        Assertions.assertEquals(1, interval.project(Point1S.of(1.5)).getAzimuth(), TEST_EPS);

        Assertions.assertEquals(2, interval.project(Point1S.of(2)).getAzimuth(), TEST_EPS);
        Assertions.assertEquals(2, interval.project(Point1S.PI).getAzimuth(), TEST_EPS);
        Assertions.assertEquals(2, interval.project(Point1S.of(1.4 + Math.PI)).getAzimuth(), TEST_EPS);

        Assertions.assertEquals(1, interval.project(Point1S.of(1.5 + Math.PI)).getAzimuth(), TEST_EPS);
        Assertions.assertEquals(1, interval.project(Point1S.of(1.6 + Math.PI)).getAzimuth(), TEST_EPS);
    }",AngularIntervalTest::testProject_oe
commons-geometry_626,"@Test
    void testWrapsZero_oe() {
        // act/assert
        Assertions.assertFalse(AngularInterval.full().wrapsZero());
        Assertions.assertFalse(AngularInterval.of(0, Angle.PI_OVER_TWO, TEST_PRECISION).wrapsZero());
        Assertions.assertFalse(AngularInterval.of(Angle.PI_OVER_TWO, Math.PI, TEST_PRECISION).wrapsZero());
        Assertions.assertFalse(AngularInterval.of(Math.PI, 1.5 * Math.PI, TEST_PRECISION).wrapsZero());
        Assertions.assertFalse(AngularInterval.of(1.5 * Math.PI, Angle.TWO_PI - 1e-5, TEST_PRECISION).wrapsZero());

        Assertions.assertTrue(AngularInterval.of(1.5 * Math.PI, Angle.TWO_PI, TEST_PRECISION).wrapsZero());
        Assertions.assertTrue(AngularInterval.of(1.5 * Math.PI, 2.5 * Math.PI, TEST_PRECISION).wrapsZero());
        Assertions.assertTrue(AngularInterval.of(-2.5 * Math.PI, -1.5 * Math.PI, TEST_PRECISION).wrapsZero());
    }",AngularIntervalTest::testWrapsZero_oe
commons-geometry_627,"@Test
    void testToTree_full_oe() {
        // arrange
        final AngularInterval interval = AngularInterval.full();

        // act
        final RegionBSPTree1S tree = interval.toTree();

        // assert
        Assertions.assertTrue(tree.isFull());
        Assertions.assertFalse(tree.isEmpty());

        checkClassify(tree, RegionLocation.INSIDE,
                Point1S.ZERO, Point1S.of(Angle.PI_OVER_TWO),
                Point1S.PI, Point1S.of(-Angle.PI_OVER_TWO));
    }",AngularIntervalTest::testToTree_full_oe
commons-geometry_628,"@Test
    void testToTree_intervalEqualToPi_oe() {
        // arrange
        final AngularInterval interval = AngularInterval.of(0.0, Math.PI, TEST_PRECISION);

        // act
        final RegionBSPTree1S tree = interval.toTree();

        // assert
        Assertions.assertFalse(tree.isFull());
        Assertions.assertFalse(tree.isEmpty());

        checkClassify(tree, RegionLocation.BOUNDARY,
                Point1S.ZERO, Point1S.PI);

        checkClassify(tree, RegionLocation.INSIDE,
                Point1S.of(1e-4), Point1S.of(0.25 * Math.PI),
                Point1S.of(-1.25 * Math.PI), Point1S.of(Math.PI - 1e-4));

        checkClassify(tree, RegionLocation.OUTSIDE,
                Point1S.of(-1e-4), Point1S.of(-0.25 * Math.PI),
                Point1S.of(1.25 * Math.PI), Point1S.of(-Math.PI + 1e-4));
    }",AngularIntervalTest::testToTree_intervalEqualToPi_oe
commons-geometry_629,"@Test
    void testToTree_intervalLessThanPi_oe() {
        // arrange
        final AngularInterval interval = AngularInterval.of(Angle.PI_OVER_TWO, Math.PI, TEST_PRECISION);

        // act
        final RegionBSPTree1S tree = interval.toTree();

        // assert
        Assertions.assertFalse(tree.isFull());
        Assertions.assertFalse(tree.isEmpty());

        checkClassify(tree, RegionLocation.BOUNDARY,
                Point1S.of(Angle.PI_OVER_TWO), Point1S.PI);

        checkClassify(tree, RegionLocation.INSIDE,
                Point1S.of(0.51 * Math.PI), Point1S.of(0.75 * Math.PI),
                Point1S.of(0.99 * Math.PI));

        checkClassify(tree, RegionLocation.OUTSIDE,
                Point1S.ZERO, Point1S.of(0.25 * Math.PI),
                Point1S.of(1.25 * Math.PI), Point1S.of(1.75 * Math.PI));
    }",AngularIntervalTest::testToTree_intervalLessThanPi_oe
commons-geometry_630,"@Test
    void testToTree_intervalGreaterThanPi_oe() {
        // arrange
        final AngularInterval interval = AngularInterval.of(Math.PI, Angle.PI_OVER_TWO, TEST_PRECISION);

        // act
        final RegionBSPTree1S tree = interval.toTree();

        // assert
        Assertions.assertFalse(tree.isFull());
        Assertions.assertFalse(tree.isEmpty());

        checkClassify(tree, RegionLocation.BOUNDARY,
                Point1S.of(Angle.PI_OVER_TWO), Point1S.PI);

        checkClassify(tree, RegionLocation.INSIDE,
                Point1S.ZERO, Point1S.of(0.25 * Math.PI),
                Point1S.of(1.25 * Math.PI), Point1S.of(1.75 * Math.PI));

        checkClassify(tree, RegionLocation.OUTSIDE,
                Point1S.of(0.51 * Math.PI), Point1S.of(0.75 * Math.PI),
                Point1S.of(0.99 * Math.PI));
    }",AngularIntervalTest::testToTree_intervalGreaterThanPi_oe
commons-geometry_631,"@Test
    void testToConvex_lessThanPi_oe() {
        // arrange
        final AngularInterval interval = AngularInterval.of(0, Angle.PI_OVER_TWO, TEST_PRECISION);

        //act
        final List<AngularInterval.Convex> result = interval.toConvex();

        // assert
        Assertions.assertEquals(1, result.size());
        checkInterval(interval, 0, Angle.PI_OVER_TWO);
    }",AngularIntervalTest::testToConvex_lessThanPi_oe
commons-geometry_632,"@Test
    void testToConvex_equalToPi_oe() {
        // arrange
        final AngularInterval interval = AngularInterval.of(Math.PI, Angle.TWO_PI, TEST_PRECISION);

        //act
        final List<AngularInterval.Convex> result = interval.toConvex();

        // assert
        Assertions.assertEquals(1, result.size());
        checkInterval(interval, Math.PI, Angle.TWO_PI);
    }",AngularIntervalTest::testToConvex_equalToPi_oe
commons-geometry_633,"@Test
    void testToConvex_overPi_oe() {
        // arrange
        final AngularInterval interval = AngularInterval.of(Math.PI, Angle.PI_OVER_TWO, TEST_PRECISION);

        // act
        final List<AngularInterval.Convex> result = interval.toConvex();

        // assert
        Assertions.assertEquals(2, result.size());
        checkInterval(result.get(0), Math.PI, 1.75 * Math.PI);
        checkInterval(result.get(1), 1.75 * Math.PI, 2.5 * Math.PI);
    }",AngularIntervalTest::testToConvex_overPi_oe
commons-geometry_634,"@Test
    void testToConvex_overPi_splitAtZero_oe() {
        // arrange
        final AngularInterval interval = AngularInterval.of(1.25 * Math.PI, 2.75 * Math.PI, TEST_PRECISION);

        // act
        final List<AngularInterval.Convex> result = interval.toConvex();

        // assert
        Assertions.assertEquals(2, result.size());
        checkInterval(result.get(0), 1.25 * Math.PI, Angle.TWO_PI);
        checkInterval(result.get(1), Angle.TWO_PI, 2.75 * Math.PI);
    }",AngularIntervalTest::testToConvex_overPi_splitAtZero_oe
commons-geometry_635,"@Test
    void testSplit_full_oe() {
        // arrange
        final AngularInterval interval = AngularInterval.full();
        final CutAngle pt = CutAngles.createNegativeFacing(Angle.PI_OVER_TWO, TEST_PRECISION);

        // act
        final Split<RegionBSPTree1S> split = interval.split(pt);

        // assert
        Assertions.assertEquals(SplitLocation.BOTH, split.getLocation());

        final RegionBSPTree1S minus = split.getMinus();
        checkClassify(minus, RegionLocation.BOUNDARY, Point1S.of(Angle.PI_OVER_TWO));
        checkClassify(minus, RegionLocation.INSIDE,
                Point1S.PI, Point1S.of(-Angle.PI_OVER_TWO), Point1S.of(-0.25 * Math.PI));
        checkClassify(minus, RegionLocation.OUTSIDE,
                Point1S.ZERO, Point1S.of(0.25 * Math.PI));

        final RegionBSPTree1S plus = split.getPlus();
        checkClassify(plus, RegionLocation.BOUNDARY, Point1S.of(Angle.PI_OVER_TWO));
        checkClassify(plus, RegionLocation.INSIDE,
                Point1S.ZERO, Point1S.of(0.25 * Math.PI));
        checkClassify(plus, RegionLocation.OUTSIDE,
                Point1S.PI, Point1S.of(-Angle.PI_OVER_TWO), Point1S.of(-0.25 * Math.PI));
    }",AngularIntervalTest::testSplit_full_oe
commons-geometry_636,"@Test
    void testSplit_interval_both_oe() {
        // arrange
        final AngularInterval interval = AngularInterval.of(Angle.PI_OVER_TWO, Math.PI, TEST_PRECISION);
        final CutAngle cut = CutAngles.createNegativeFacing(0.75 * Math.PI, TEST_PRECISION);

        // act
        final Split<RegionBSPTree1S> split = interval.split(cut);

        // assert
        Assertions.assertEquals(SplitLocation.BOTH, split.getLocation());

        final RegionBSPTree1S minus = split.getMinus();
        checkClassify(minus, RegionLocation.BOUNDARY, Point1S.of(Math.PI), cut.getPoint());
        checkClassify(minus, RegionLocation.INSIDE, Point1S.of(0.8 * Math.PI));
        checkClassify(minus, RegionLocation.OUTSIDE,
                Point1S.ZERO, Point1S.of(Angle.TWO_PI), Point1S.of(-Angle.PI_OVER_TWO),
                Point1S.of(0.7 * Math.PI));

        final RegionBSPTree1S plus = split.getPlus();
        checkClassify(plus, RegionLocation.BOUNDARY, Point1S.of(Angle.PI_OVER_TWO), cut.getPoint());
        checkClassify(plus, RegionLocation.INSIDE, Point1S.of(0.6 * Math.PI));
        checkClassify(plus, RegionLocation.OUTSIDE,
                Point1S.ZERO, Point1S.of(Angle.TWO_PI), Point1S.of(-Angle.PI_OVER_TWO),
                Point1S.of(0.8 * Math.PI));
    }",AngularIntervalTest::testSplit_interval_both_oe
commons-geometry_637,"@Test
    void testToString_oe() {
        // arrange
        final AngularInterval interval = AngularInterval.of(1, 2, TEST_PRECISION);

        // act
        final String str = interval.toString();

        // assert
        Assertions.assertTrue(str.contains(""AngularInterval""));
        Assertions.assertTrue(str.contains(""min= 1.0""));
        Assertions.assertTrue(str.contains(""max= 2.0""));
    }",AngularIntervalTest::testToString_oe
commons-geometry_638,"@Test
    void testConvex_of_doubles_invalidArgs_oe() {
        // act/assert
        Assertions.assertThrows(IllegalArgumentException.class, () -> AngularInterval.Convex.of(Double.NEGATIVE_INFINITY, Double.POSITIVE_INFINITY, TEST_PRECISION));
        Assertions.assertThrows(IllegalArgumentException.class, () -> AngularInterval.Convex.of(0, Math.PI + 1e-1, TEST_PRECISION));
        Assertions.assertThrows(IllegalArgumentException.class, () -> AngularInterval.Convex.of(Angle.PI_OVER_TWO, -Angle.PI_OVER_TWO + 1, TEST_PRECISION));
        Assertions.assertThrows(IllegalArgumentException.class, () -> AngularInterval.Convex.of(0, -0.5, TEST_PRECISION));
    }",AngularIntervalTest::testConvex_of_doubles_invalidArgs_oe
commons-geometry_639,"@Test
    void testConvex_of_points_invalidArgs_oe() {
        // act/assert
        Assertions.assertThrows(IllegalArgumentException.class, () -> AngularInterval.Convex.of(Point1S.of(Double.NEGATIVE_INFINITY),
                Point1S.of(Double.POSITIVE_INFINITY), TEST_PRECISION));
        Assertions.assertThrows(IllegalArgumentException.class, () -> AngularInterval.Convex.of(Point1S.of(0), Point1S.of(Math.PI + 1e-1), TEST_PRECISION));
        Assertions.assertThrows(IllegalArgumentException.class, () -> AngularInterval.Convex.of(Point1S.of(Angle.PI_OVER_TWO),
                Point1S.of(-Angle.PI_OVER_TWO + 1), TEST_PRECISION));
        Assertions.assertThrows(IllegalArgumentException.class, () -> AngularInterval.Convex.of(Point1S.of(0), Point1S.of(-0.5), TEST_PRECISION));
    }",AngularIntervalTest::testConvex_of_points_invalidArgs_oe
commons-geometry_640,"@Test
    void testConvex_of_cutAngles_invalidArgs_oe() {
        // arrange
        final CutAngle pt = CutAngles.createNegativeFacing(Point1S.ZERO, TEST_PRECISION);
        final CutAngle nan = CutAngles.createPositiveFacing(Point1S.NaN, TEST_PRECISION);

        // act/assert
        Assertions.assertThrows(IllegalArgumentException.class, () -> AngularInterval.Convex.of(pt, nan));
        Assertions.assertThrows(IllegalArgumentException.class, () -> AngularInterval.Convex.of(nan, pt));
        Assertions.assertThrows(IllegalArgumentException.class, () -> AngularInterval.Convex.of(nan, nan));
        Assertions.assertThrows(IllegalArgumentException.class, () -> AngularInterval.Convex.of(
                CutAngles.createNegativeFacing(1, TEST_PRECISION),
                CutAngles.createPositiveFacing(0.5, TEST_PRECISION)));
    }",AngularIntervalTest::testConvex_of_cutAngles_invalidArgs_oe
commons-geometry_641,"@Test
    void testConvex_toConvex_oe() {
        // arrange
        final AngularInterval.Convex full = AngularInterval.full();
        final AngularInterval.Convex interval = AngularInterval.Convex.of(0, 1, TEST_PRECISION);

        List<AngularInterval.Convex> result;

        // act/assert
        result = full.toConvex();
        Assertions.assertEquals(1, result.size());
        Assertions.assertSame(full, result.get(0));

        result = interval.toConvex();
        Assertions.assertEquals(1, result.size());
        Assertions.assertSame(interval, result.get(0));
    }",AngularIntervalTest::testConvex_toConvex_oe
commons-geometry_642,"@Test
    void testSplitDiameter_full_oe() {
        // arrange
        final AngularInterval.Convex full = AngularInterval.full();
        final CutAngle splitter = CutAngles.createPositiveFacing(Point1S.of(Angle.PI_OVER_TWO), TEST_PRECISION);

        // act
        final Split<AngularInterval.Convex> split = full.splitDiameter(splitter);

        // assert
        Assertions.assertEquals(SplitLocation.BOTH, split.getLocation());

        checkInterval(split.getMinus(), 1.5 * Math.PI, 2.5 * Math.PI);
        checkInterval(split.getPlus(), 0.5 * Math.PI, 1.5 * Math.PI);
    }",AngularIntervalTest::testSplitDiameter_full_oe
commons-geometry_643,"@Test
    void testSplitDiameter_full_splitOnZero_oe() {
        // arrange
        final AngularInterval.Convex full = AngularInterval.full();
        final CutAngle splitter = CutAngles.createNegativeFacing(Point1S.ZERO, TEST_PRECISION);

        // act
        final Split<AngularInterval.Convex> split = full.splitDiameter(splitter);

        // assert
        Assertions.assertEquals(SplitLocation.BOTH, split.getLocation());

        checkInterval(split.getMinus(), 0, Math.PI);
        checkInterval(split.getPlus(), Math.PI, Angle.TWO_PI);
    }",AngularIntervalTest::testSplitDiameter_full_splitOnZero_oe
commons-geometry_644,"@Test
    void testSplitDiameter_minus_oe() {
        // arrange
        final AngularInterval.Convex interval = AngularInterval.Convex.of(0.1, Angle.PI_OVER_TWO, TEST_PRECISION);
        final CutAngle splitter = CutAngles.createNegativeFacing(Point1S.ZERO, TEST_PRECISION);

        // act
        final Split<AngularInterval.Convex> split = interval.splitDiameter(splitter);

        // assert
        Assertions.assertEquals(SplitLocation.MINUS, split.getLocation());

        Assertions.assertSame(interval, split.getMinus());
        Assertions.assertNull(split.getPlus());
    }",AngularIntervalTest::testSplitDiameter_minus_oe
commons-geometry_645,"@Test
    void testSplitDiameter_plus_oe() {
        // arrange
        final AngularInterval.Convex interval = AngularInterval.Convex.of(-0.4 * Math.PI, 0.4 * Math.PI, TEST_PRECISION);
        final CutAngle splitter = CutAngles.createNegativeFacing(Point1S.of(Angle.PI_OVER_TWO), TEST_PRECISION);

        // act
        final Split<AngularInterval.Convex> split = interval.splitDiameter(splitter);

        // assert
        Assertions.assertEquals(SplitLocation.PLUS, split.getLocation());

        Assertions.assertNull(split.getMinus());
        Assertions.assertSame(interval, split.getPlus());
    }",AngularIntervalTest::testSplitDiameter_plus_oe
commons-geometry_646,"@Test
    void testSplitDiameter_both_negativeFacingSplitter_oe() {
        // arrange
        final AngularInterval.Convex interval = AngularInterval.Convex.of(Angle.PI_OVER_TWO, -Angle.PI_OVER_TWO, TEST_PRECISION);
        final CutAngle splitter = CutAngles.createNegativeFacing(Point1S.of(Math.PI), TEST_PRECISION);

        // act
        final Split<AngularInterval.Convex> split = interval.splitDiameter(splitter);

        // assert
        Assertions.assertEquals(SplitLocation.BOTH, split.getLocation());

        checkInterval(split.getMinus(), Math.PI, 1.5 * Math.PI);
        checkInterval(split.getPlus(), Angle.PI_OVER_TWO, Math.PI);
    }",AngularIntervalTest::testSplitDiameter_both_negativeFacingSplitter_oe
commons-geometry_647,"@Test
    void testSplitDiameter_both_positiveFacingSplitter_oe() {
        // arrange
        final AngularInterval.Convex interval = AngularInterval.Convex.of(Angle.PI_OVER_TWO, -Angle.PI_OVER_TWO, TEST_PRECISION);
        final CutAngle splitter = CutAngles.createPositiveFacing(Point1S.of(Math.PI), TEST_PRECISION);

        // act
        final Split<AngularInterval.Convex> split = interval.splitDiameter(splitter);

        // assert
        Assertions.assertEquals(SplitLocation.BOTH, split.getLocation());

        checkInterval(split.getMinus(), Angle.PI_OVER_TWO, Math.PI);
        checkInterval(split.getPlus(), Math.PI, 1.5 * Math.PI);
    }",AngularIntervalTest::testSplitDiameter_both_positiveFacingSplitter_oe
commons-geometry_648,"@Test
    void testSplitDiameter_both_antipodal_negativeFacingSplitter_oe() {
        // arrange
        final AngularInterval.Convex interval = AngularInterval.Convex.of(Angle.PI_OVER_TWO, -Angle.PI_OVER_TWO, TEST_PRECISION);
        final CutAngle splitter = CutAngles.createNegativeFacing(Point1S.ZERO, TEST_PRECISION);

        // act
        final Split<AngularInterval.Convex> split = interval.splitDiameter(splitter);

        // assert
        Assertions.assertEquals(SplitLocation.BOTH, split.getLocation());

        checkInterval(split.getMinus(), Angle.PI_OVER_TWO, Math.PI);
        checkInterval(split.getPlus(), Math.PI, 1.5 * Math.PI);
    }",AngularIntervalTest::testSplitDiameter_both_antipodal_negativeFacingSplitter_oe
commons-geometry_649,"@Test
    void testSplitDiameter_both_antipodal_positiveFacingSplitter_oe() {
        // arrange
        final AngularInterval.Convex interval = AngularInterval.Convex.of(Angle.PI_OVER_TWO, -Angle.PI_OVER_TWO, TEST_PRECISION);
        final CutAngle splitter = CutAngles.createPositiveFacing(Point1S.ZERO, TEST_PRECISION);

        // act
        final Split<AngularInterval.Convex> split = interval.splitDiameter(splitter);

        // assert
        Assertions.assertEquals(SplitLocation.BOTH, split.getLocation());

        checkInterval(split.getMinus(), Math.PI, 1.5 * Math.PI);
        checkInterval(split.getPlus(), Angle.PI_OVER_TWO, Math.PI);
    }",AngularIntervalTest::testSplitDiameter_both_antipodal_positiveFacingSplitter_oe
commons-geometry_650,"@Test
    void testSplitDiameter_splitOnBoundary_negativeFacing_oe() {
        // arrange
        final AngularInterval.Convex interval = AngularInterval.Convex.of(Angle.PI_OVER_TWO, -Angle.PI_OVER_TWO, TEST_PRECISION);
        final CutAngle splitter = CutAngles.createNegativeFacing(Point1S.of(Angle.PI_OVER_TWO), TEST_PRECISION);

        // act
        final Split<AngularInterval.Convex> split = interval.splitDiameter(splitter);

        // assert
        Assertions.assertEquals(SplitLocation.MINUS, split.getLocation());

        Assertions.assertSame(interval, split.getMinus());
        Assertions.assertNull(split.getPlus());
    }",AngularIntervalTest::testSplitDiameter_splitOnBoundary_negativeFacing_oe
commons-geometry_651,"@Test
    void testSplitDiameter_splitOnBoundary_positiveFacing_oe() {
        // arrange
        final AngularInterval.Convex interval = AngularInterval.Convex.of(0, Math.PI, TEST_PRECISION);
        final CutAngle splitter = CutAngles.createPositiveFacing(Point1S.of(Math.PI), TEST_PRECISION);

        // act
        final Split<AngularInterval.Convex> split = interval.splitDiameter(splitter);

        // assert
        Assertions.assertEquals(SplitLocation.MINUS, split.getLocation());

        Assertions.assertSame(interval, split.getMinus());
        Assertions.assertNull(split.getPlus());
    }",AngularIntervalTest::testSplitDiameter_splitOnBoundary_positiveFacing_oe
commons-geometry_652,"@Test
    void testConstructor_default_oe() {
        // act
        final RegionBSPTree1S tree = new RegionBSPTree1S();

        // assert
        Assertions.assertFalse(tree.isFull());
        Assertions.assertTrue(tree.isEmpty());

        Assertions.assertEquals(0, tree.getSize(), TEST_EPS);
        Assertions.assertEquals(0, tree.getBoundarySize(), TEST_EPS);
        Assertions.assertNull(tree.getCentroid());
    }",RegionBSPTree1STest::testConstructor_default_oe
commons-geometry_653,"@Test
    void testConstructor_true_oe() {
        // act
        final RegionBSPTree1S tree = new RegionBSPTree1S(true);

        // assert
        Assertions.assertTrue(tree.isFull());
        Assertions.assertFalse(tree.isEmpty());

        Assertions.assertEquals(Angle.TWO_PI, tree.getSize(), TEST_EPS);
        Assertions.assertEquals(0, tree.getBoundarySize(), TEST_EPS);
        Assertions.assertNull(tree.getCentroid());
    }",RegionBSPTree1STest::testConstructor_true_oe
commons-geometry_654,"@Test
    void testConstructor_false_oe() {
        // act
        final RegionBSPTree1S tree = new RegionBSPTree1S(false);

        // assert
        Assertions.assertFalse(tree.isFull());
        Assertions.assertTrue(tree.isEmpty());

        Assertions.assertEquals(0, tree.getSize(), TEST_EPS);
        Assertions.assertEquals(0, tree.getBoundarySize(), TEST_EPS);
        Assertions.assertNull(tree.getCentroid());
    }",RegionBSPTree1STest::testConstructor_false_oe
commons-geometry_655,"@Test
    void testFull_oe() {
        // act
        final RegionBSPTree1S tree = RegionBSPTree1S.full();

        // assert
        Assertions.assertTrue(tree.isFull());
        Assertions.assertFalse(tree.isEmpty());

        Assertions.assertEquals(Angle.TWO_PI, tree.getSize(), TEST_EPS);
        Assertions.assertEquals(0, tree.getBoundarySize(), TEST_EPS);
        Assertions.assertNull(tree.getCentroid());
    }",RegionBSPTree1STest::testFull_oe
commons-geometry_656,"@Test
    void testEmpty_oe() {
        // act
        final RegionBSPTree1S tree = RegionBSPTree1S.empty();

        // assert
        Assertions.assertFalse(tree.isFull());
        Assertions.assertTrue(tree.isEmpty());

        Assertions.assertEquals(0, tree.getSize(), TEST_EPS);
        Assertions.assertEquals(0, tree.getBoundarySize(), TEST_EPS);
        Assertions.assertNull(tree.getCentroid());
    }",RegionBSPTree1STest::testEmpty_oe
commons-geometry_657,"@Test
    void testCopy_oe() {
        // arrange
        final RegionBSPTree1S orig = RegionBSPTree1S.fromInterval(AngularInterval.of(0, Math.PI, TEST_PRECISION));

        // act
        final RegionBSPTree1S copy = orig.copy();

        // assert
        Assertions.assertNotSame(orig, copy);

        orig.setEmpty();

        checkSingleInterval(copy, 0, Math.PI);
    }",RegionBSPTree1STest::testCopy_oe
commons-geometry_658,"@Test
    void testFromInterval_full_oe() {
        // act
        final RegionBSPTree1S tree = RegionBSPTree1S.fromInterval(AngularInterval.full());

        // assert
        Assertions.assertTrue(tree.isFull());
    }",RegionBSPTree1STest::testFromInterval_full_oe
commons-geometry_659,"@Test
    void testFromInterval_nonFull_oe() {
        for (double theta = 0.0; theta <= Angle.TWO_PI; theta += 0.2) {
            // arrange
            final double max = theta + Angle.PI_OVER_TWO;

            // act
            final RegionBSPTree1S tree = RegionBSPTree1S.fromInterval(AngularInterval.of(theta, max, TEST_PRECISION));

            checkSingleInterval(tree, theta, max);

            Assertions.assertEquals(Angle.PI_OVER_TWO, tree.getSize(), TEST_EPS);
            Assertions.assertEquals(0, tree.getBoundarySize(), TEST_EPS);
            Assertions.assertEquals(Angle.Rad.WITHIN_0_AND_2PI.applyAsDouble(theta +(0.25 * Math.PI)),tree.getCentroid().getNormalizedAzimuth(),TEST_EPS);
        }
    }",RegionBSPTree1STest::testFromInterval_nonFull_oe
commons-geometry_660,"@Test
    void testToIntervals_full_oe() {
        // arrange
        final RegionBSPTree1S tree = RegionBSPTree1S.full();

        // act
        final List<AngularInterval> intervals = tree.toIntervals();

        // assert
        Assertions.assertEquals(1, intervals.size());

        final AngularInterval interval = intervals.get(0);
        Assertions.assertTrue(interval.isFull());
    }",RegionBSPTree1STest::testToIntervals_full_oe
commons-geometry_661,"@Test
    void testToIntervals_empty_oe() {
        // arrange
        final RegionBSPTree1S tree = RegionBSPTree1S.empty();

        // act
        final List<AngularInterval> intervals = tree.toIntervals();

        // assert
        Assertions.assertEquals(0, intervals.size());
    }",RegionBSPTree1STest::testToIntervals_empty_oe
commons-geometry_662,"@Test
    void testToIntervals_wrapAround_joinedIntervalsOnPositiveSide_oe() {
        // arrange
        final RegionBSPTree1S tree = RegionBSPTree1S.empty();
        tree.add(AngularInterval.of(0.25 * Math.PI, Angle.PI_OVER_TWO, TEST_PRECISION));
        tree.add(AngularInterval.of(1.5 * Math.PI, 0.25 * Math.PI, TEST_PRECISION));

        // act
        final List<AngularInterval> intervals = tree.toIntervals();

        // assert
        Assertions.assertEquals(1, intervals.size());

        checkInterval(intervals.get(0), 1.5 * Math.PI, Angle.PI_OVER_TWO);
    }",RegionBSPTree1STest::testToIntervals_wrapAround_joinedIntervalsOnPositiveSide_oe
commons-geometry_663,"@Test
    void testToIntervals_wrapAround_joinedIntervalsOnNegativeSide_oe() {
        // arrange
        final RegionBSPTree1S tree = RegionBSPTree1S.empty();
        tree.add(AngularInterval.of(1.75 * Math.PI, Angle.PI_OVER_TWO, TEST_PRECISION));
        tree.add(AngularInterval.of(1.5 * Math.PI, 1.75 * Math.PI, TEST_PRECISION));

        // act
        final List<AngularInterval> intervals = tree.toIntervals();

        // assert
        Assertions.assertEquals(1, intervals.size());

        checkInterval(intervals.get(0), 1.5 * Math.PI, Angle.PI_OVER_TWO);
    }",RegionBSPTree1STest::testToIntervals_wrapAround_joinedIntervalsOnNegativeSide_oe
commons-geometry_664,"@Test
    void testToIntervals_multipleIntervals_oe() {
        // arrange
        final RegionBSPTree1S tree = RegionBSPTree1S.empty();
        tree.add(AngularInterval.of(-Angle.PI_OVER_TWO, Angle.PI_OVER_TWO, TEST_PRECISION));
        tree.add(AngularInterval.of(Math.PI - 0.5, Math.PI, TEST_PRECISION));
        tree.add(AngularInterval.of(Math.PI, Math.PI + 0.5, TEST_PRECISION));

        // act
        final List<AngularInterval> intervals = tree.toIntervals();

        // assert
        Assertions.assertEquals(2, intervals.size());

        checkInterval(intervals.get(0), Math.PI - 0.5, Math.PI + 0.5);
        checkInterval(intervals.get(1), -Angle.PI_OVER_TWO, Angle.PI_OVER_TWO);
    }",RegionBSPTree1STest::testToIntervals_multipleIntervals_oe
commons-geometry_665,"@Test
    void testToIntervals_multipleIntervals_complement_oe() {
        // arrange
        final RegionBSPTree1S tree = RegionBSPTree1S.empty();
        tree.add(AngularInterval.of(-Angle.PI_OVER_TWO, Angle.PI_OVER_TWO, TEST_PRECISION));
        tree.add(AngularInterval.of(Math.PI - 0.5, Math.PI, TEST_PRECISION));
        tree.add(AngularInterval.of(Math.PI, Math.PI + 0.5, TEST_PRECISION));

        tree.complement();

        // act
        final List<AngularInterval> intervals = tree.toIntervals();

        // assert
        Assertions.assertEquals(2, intervals.size());

        checkInterval(intervals.get(0), Angle.PI_OVER_TWO, Math.PI - 0.5);
        checkInterval(intervals.get(1), Math.PI + 0.5, -Angle.PI_OVER_TWO);
    }",RegionBSPTree1STest::testToIntervals_multipleIntervals_complement_oe
commons-geometry_666,"@Test
    void testSplit_empty_oe() {
        // arrange
        final RegionBSPTree1S tree = RegionBSPTree1S.empty();

        // act/assert
        Assertions.assertEquals(SplitLocation.NEITHER,tree.split(CutAngles.createPositiveFacing(0,TEST_PRECISION)).getLocation());
        Assertions.assertEquals(SplitLocation.NEITHER,tree.split(CutAngles.createNegativeFacing(Angle.PI_OVER_TWO,TEST_PRECISION)).getLocation());
        Assertions.assertEquals(SplitLocation.NEITHER,tree.split(CutAngles.createPositiveFacing(Math.PI,TEST_PRECISION)).getLocation());
        Assertions.assertEquals(SplitLocation.NEITHER,tree.split(CutAngles.createNegativeFacing(-Angle.PI_OVER_TWO,TEST_PRECISION)).getLocation());
        Assertions.assertEquals(SplitLocation.NEITHER,tree.split(CutAngles.createPositiveFacing(Angle.TWO_PI,TEST_PRECISION)).getLocation());
    }",RegionBSPTree1STest::testSplit_empty_oe
commons-geometry_667,"@Test
    void testSplit_singleIntervalSplitIntoTwoIntervalsOnSameSide_oe() {
        // arrange
        final RegionBSPTree1S tree = AngularInterval.of(-Angle.PI_OVER_TWO, Angle.PI_OVER_TWO, TEST_PRECISION).toTree();

        final CutAngle cut = CutAngles.createPositiveFacing(0, TEST_PRECISION);

        // act
        final Split<RegionBSPTree1S> split = tree.split(cut);

        // assert
        Assertions.assertEquals(SplitLocation.PLUS, split.getLocation());

        final RegionBSPTree1S minus = split.getMinus();
        Assertions.assertNull(minus);

        final RegionBSPTree1S plus = split.getPlus();
        final List<AngularInterval> plusIntervals = plus.toIntervals();
        Assertions.assertEquals(1, plusIntervals.size());
        checkInterval(plusIntervals.get(0), -Angle.PI_OVER_TWO, Angle.PI_OVER_TWO);
    }",RegionBSPTree1STest::testSplit_singleIntervalSplitIntoTwoIntervalsOnSameSide_oe
commons-geometry_668,"@Test
    void testSplit_multipleRegions_oe() {
        // arrange
        final RegionBSPTree1S tree = RegionBSPTree1S.empty();
        tree.add(AngularInterval.of(Angle.TWO_PI - 1, Angle.PI_OVER_TWO, TEST_PRECISION));
        tree.add(AngularInterval.of(Math.PI, -Angle.PI_OVER_TWO, TEST_PRECISION));

        final CutAngle cut = CutAngles.createNegativeFacing(1, TEST_PRECISION);

        // act
        final Split<RegionBSPTree1S> split = tree.split(cut);

        // assert
        Assertions.assertEquals(SplitLocation.BOTH, split.getLocation());

        final RegionBSPTree1S minus = split.getMinus();
        final List<AngularInterval> minusIntervals = minus.toIntervals();
        Assertions.assertEquals(3, minusIntervals.size());
        checkInterval(minusIntervals.get(0), 1, Angle.PI_OVER_TWO);
        checkInterval(minusIntervals.get(1), Math.PI, -Angle.PI_OVER_TWO);
        checkInterval(minusIntervals.get(2), Angle.TWO_PI - 1, 0);

        final RegionBSPTree1S plus = split.getPlus();
        final List<AngularInterval> plusIntervals = plus.toIntervals();
        Assertions.assertEquals(1, plusIntervals.size());
        checkInterval(plusIntervals.get(0), 0, 1);
    }",RegionBSPTree1STest::testSplit_multipleRegions_oe
commons-geometry_669,"@Test
    void testSplitDiameter_full_oe() {
        // arrange
        final RegionBSPTree1S full = RegionBSPTree1S.full();
        final CutAngle splitter = CutAngles.createPositiveFacing(Angle.PI_OVER_TWO, TEST_PRECISION);

        // act
        final Split<RegionBSPTree1S> split = full.splitDiameter(splitter);

        // assert
        Assertions.assertEquals(SplitLocation.BOTH, split.getLocation());

        final RegionBSPTree1S minus = split.getMinus();
        final List<AngularInterval> minusIntervals = minus.toIntervals();
        Assertions.assertEquals(1, minusIntervals.size());
        checkInterval(minusIntervals.get(0), 1.5 * Math.PI, 2.5 * Math.PI);

        final RegionBSPTree1S plus = split.getPlus();
        final List<AngularInterval> plusIntervals = plus.toIntervals();
        Assertions.assertEquals(1, plusIntervals.size());
        checkInterval(plusIntervals.get(0), Angle.PI_OVER_TWO, 1.5 * Math.PI);
    }",RegionBSPTree1STest::testSplitDiameter_full_oe
commons-geometry_670,"@Test
    void testSplitDiameter_empty_oe() {
        // arrange
        final RegionBSPTree1S empty = RegionBSPTree1S.empty();
        final CutAngle splitter = CutAngles.createPositiveFacing(Angle.PI_OVER_TWO, TEST_PRECISION);

        // act
        final Split<RegionBSPTree1S> split = empty.splitDiameter(splitter);

        // assert
        Assertions.assertEquals(SplitLocation.NEITHER, split.getLocation());

        final RegionBSPTree1S minus = split.getMinus();
        Assertions.assertNull(minus);

        final RegionBSPTree1S plus = split.getPlus();
        Assertions.assertNull(plus);
    }",RegionBSPTree1STest::testSplitDiameter_empty_oe
commons-geometry_671,"@Test
    void testSplitDiameter_minus_zeroOnMinusSide_oe() {
        // arrange
        final RegionBSPTree1S tree = AngularInterval.of(0, 1, TEST_PRECISION).toTree();
        final CutAngle splitter = CutAngles.createPositiveFacing(1, TEST_PRECISION);

        // act
        final Split<RegionBSPTree1S> split = tree.splitDiameter(splitter);

        // assert
        Assertions.assertEquals(SplitLocation.MINUS, split.getLocation());

        final RegionBSPTree1S minus = split.getMinus();
        final List<AngularInterval> minusIntervals = minus.toIntervals();
        Assertions.assertEquals(1, minusIntervals.size());
        checkInterval(minusIntervals.get(0), 0, 1);

        final RegionBSPTree1S plus = split.getPlus();
        Assertions.assertNull(plus);
    }",RegionBSPTree1STest::testSplitDiameter_minus_zeroOnMinusSide_oe
commons-geometry_672,"@Test
    void testSplitDiameter_minus_zeroOnPlusSide_oe() {
        // arrange
        final RegionBSPTree1S tree = AngularInterval.of(1, 2, TEST_PRECISION).toTree();
        final CutAngle splitter = CutAngles.createNegativeFacing(0, TEST_PRECISION);

        // act
        final Split<RegionBSPTree1S> split = tree.splitDiameter(splitter);

        // assert
        Assertions.assertEquals(SplitLocation.MINUS, split.getLocation());

        final RegionBSPTree1S minus = split.getMinus();
        final List<AngularInterval> minusIntervals = minus.toIntervals();
        Assertions.assertEquals(1, minusIntervals.size());
        checkInterval(minusIntervals.get(0), 1, 2);

        final RegionBSPTree1S plus = split.getPlus();
        Assertions.assertNull(plus);
    }",RegionBSPTree1STest::testSplitDiameter_minus_zeroOnPlusSide_oe
commons-geometry_673,"@Test
    void testSplitDiameter_plus_zeroOnMinusSide_oe() {
        // arrange
        final RegionBSPTree1S tree = RegionBSPTree1S.empty();
        tree.add(AngularInterval.of(1, 1.1, TEST_PRECISION));
        tree.add(AngularInterval.of(2, 2.1, TEST_PRECISION));

        final CutAngle splitter = CutAngles.createPositiveFacing(1, TEST_PRECISION);

        // act
        final Split<RegionBSPTree1S> split = tree.splitDiameter(splitter);

        // assert
        Assertions.assertEquals(SplitLocation.PLUS, split.getLocation());

        final RegionBSPTree1S minus = split.getMinus();
        Assertions.assertNull(minus);

        final RegionBSPTree1S plus = split.getPlus();
        final List<AngularInterval> plusIntervals = plus.toIntervals();
        Assertions.assertEquals(2, plusIntervals.size());
        checkInterval(plusIntervals.get(0), 1, 1.1);
        checkInterval(plusIntervals.get(1), 2, 2.1);
    }",RegionBSPTree1STest::testSplitDiameter_plus_zeroOnMinusSide_oe
commons-geometry_674,"@Test
    void testSplitDiameter_plus_zeroOnPlusSide_oe() {
        // arrange
        final RegionBSPTree1S tree = RegionBSPTree1S.empty();
        tree.add(AngularInterval.of(1, 1.1, TEST_PRECISION));
        tree.add(AngularInterval.of(2, 2.1, TEST_PRECISION));

        final CutAngle splitter = CutAngles.createNegativeFacing(Math.PI - 1, TEST_PRECISION);

        // act
        final Split<RegionBSPTree1S> split = tree.splitDiameter(splitter);

        // assert
        Assertions.assertEquals(SplitLocation.PLUS, split.getLocation());

        final RegionBSPTree1S minus = split.getMinus();
        Assertions.assertNull(minus);

        final RegionBSPTree1S plus = split.getPlus();
        final List<AngularInterval> plusIntervals = plus.toIntervals();
        Assertions.assertEquals(2, plusIntervals.size());
        checkInterval(plusIntervals.get(0), 1, 1.1);
        checkInterval(plusIntervals.get(1), 2, 2.1);
    }",RegionBSPTree1STest::testSplitDiameter_plus_zeroOnPlusSide_oe
commons-geometry_675,"@Test
    void testSplitDiameter_both_zeroOnMinusSide_oe() {
        // arrange
        final RegionBSPTree1S tree = RegionBSPTree1S.empty();
        tree.add(AngularInterval.of(1, 1.1, TEST_PRECISION));
        tree.add(AngularInterval.of(2, 3, TEST_PRECISION));

        final CutAngle splitter = CutAngles.createPositiveFacing(2.5, TEST_PRECISION);

        // act
        final Split<RegionBSPTree1S> split = tree.splitDiameter(splitter);

        // assert
        Assertions.assertEquals(SplitLocation.BOTH, split.getLocation());

        final RegionBSPTree1S minus = split.getMinus();
        final List<AngularInterval> plusIntervals = minus.toIntervals();
        Assertions.assertEquals(2, plusIntervals.size());
        checkInterval(plusIntervals.get(0), 1, 1.1);
        checkInterval(plusIntervals.get(1), 2, 2.5);

        final RegionBSPTree1S plus = split.getPlus();
        final List<AngularInterval> minusIntervals = plus.toIntervals();
        Assertions.assertEquals(1, minusIntervals.size());
        checkInterval(minusIntervals.get(0), 2.5, 3);
    }",RegionBSPTree1STest::testSplitDiameter_both_zeroOnMinusSide_oe
commons-geometry_676,"@Test
    void testSplitDiameter_both_zeroOnPlusSide_oe() {
        // arrange
        final RegionBSPTree1S tree = RegionBSPTree1S.empty();
        tree.add(AngularInterval.of(1, 1.1, TEST_PRECISION));
        tree.add(AngularInterval.of(2, 3, TEST_PRECISION));

        final CutAngle splitter = CutAngles.createNegativeFacing(2.5, TEST_PRECISION);

        // act
        final Split<RegionBSPTree1S> split = tree.splitDiameter(splitter);

        // assert
        Assertions.assertEquals(SplitLocation.BOTH, split.getLocation());

        final RegionBSPTree1S minus = split.getMinus();
        final List<AngularInterval> minusIntervals = minus.toIntervals();
        Assertions.assertEquals(1, minusIntervals.size());
        checkInterval(minusIntervals.get(0), 2.5, 3);

        final RegionBSPTree1S plus = split.getPlus();
        final List<AngularInterval> plusIntervals = plus.toIntervals();
        Assertions.assertEquals(2, plusIntervals.size());
        checkInterval(plusIntervals.get(0), 1, 1.1);
        checkInterval(plusIntervals.get(1), 2, 2.5);
    }",RegionBSPTree1STest::testSplitDiameter_both_zeroOnPlusSide_oe
commons-geometry_677,"@Test
    void testRegionProperties_singleInterval_wrapsZero_oe() {
        // arrange
        final RegionBSPTree1S tree = AngularInterval.of(-Angle.PI_OVER_TWO, Math.PI,
                TEST_PRECISION).toTree();

        // act/assert
        Assertions.assertEquals(1.5 * Math.PI, tree.getSize(), TEST_EPS);
        Assertions.assertEquals(0, tree.getBoundarySize(), TEST_EPS);
        Assertions.assertEquals(0.25 * Math.PI, tree.getCentroid().getAzimuth(), TEST_EPS);
    }",RegionBSPTree1STest::testRegionProperties_singleInterval_wrapsZero_oe
commons-geometry_678,"@Test
    void testRegionProperties_singleInterval_doesNotWrap_oe() {
        // arrange
        final RegionBSPTree1S tree = AngularInterval.of(Angle.PI_OVER_TWO, Angle.TWO_PI,
                TEST_PRECISION).toTree();

        // act/assert
        Assertions.assertEquals(1.5 * Math.PI, tree.getSize(), TEST_EPS);
        Assertions.assertEquals(0, tree.getBoundarySize(), TEST_EPS);
        Assertions.assertEquals(1.25 * Math.PI, tree.getCentroid().getAzimuth(), TEST_EPS);
    }",RegionBSPTree1STest::testRegionProperties_singleInterval_doesNotWrap_oe
commons-geometry_679,"@Test
    void testRegionProperties_multipleIntervals_sameSize_oe() {
        // arrange
        final RegionBSPTree1S tree = RegionBSPTree1S.empty();
        tree.add(AngularInterval.of(0, 0.1, TEST_PRECISION));
        tree.add(AngularInterval.of(0.2, 0.3, TEST_PRECISION));

        // act/assert
        Assertions.assertEquals(0.2, tree.getSize(), TEST_EPS);
        Assertions.assertEquals(0, tree.getBoundarySize(), TEST_EPS);
        Assertions.assertEquals(0.15, tree.getCentroid().getAzimuth(), TEST_EPS);
    }",RegionBSPTree1STest::testRegionProperties_multipleIntervals_sameSize_oe
commons-geometry_680,"@Test
    void testRegionProperties_multipleIntervals_differentSizes_oe() {
        // arrange
        final RegionBSPTree1S tree = RegionBSPTree1S.empty();
        tree.add(AngularInterval.of(0, 0.2, TEST_PRECISION));
        tree.add(AngularInterval.of(0.3, 0.7, TEST_PRECISION));

        // act/assert
        Assertions.assertEquals(0.6, tree.getSize(), TEST_EPS);
        Assertions.assertEquals(0, tree.getBoundarySize(), TEST_EPS);

        final Vector2D centroidVector = Point1S.of(0.1).getVector().withNorm(0.2)
                .add(Point1S.of(0.5).getVector().withNorm(0.4));
        Assertions.assertEquals(Point1S.from(centroidVector).getAzimuth(), tree.getCentroid().getAzimuth(), TEST_EPS);
    }",RegionBSPTree1STest::testRegionProperties_multipleIntervals_differentSizes_oe
commons-geometry_681,"@Test
    void testRegionProperties_equalAndOppositeIntervals_oe() {
        // arrange
        final RegionBSPTree1S tree = RegionBSPTree1S.empty();
        tree.add(AngularInterval.of(-1, 1, TEST_PRECISION));
        tree.add(AngularInterval.of(Math.PI - 1, Math.PI + 1, TEST_PRECISION));

        // act/assert
        Assertions.assertEquals(4, tree.getSize(), TEST_EPS);
        Assertions.assertEquals(0, tree.getBoundarySize(), TEST_EPS);
        Assertions.assertNull(tree.getCentroid()); // no unique centroid exists
    }",RegionBSPTree1STest::testRegionProperties_equalAndOppositeIntervals_oe
commons-geometry_682,"@Test
    void testTransform_fullAndEmpty_oe() {
        // arrange
        final RegionBSPTree1S full = RegionBSPTree1S.full();
        final RegionBSPTree1S empty = RegionBSPTree1S.empty();

        // act
        full.transform(PI_MINUS_AZ);
        empty.transform(HALF_PI_PLUS_AZ);

        // assert
        Assertions.assertTrue(full.isFull());
        Assertions.assertFalse(full.isEmpty());

        Assertions.assertFalse(empty.isFull());
        Assertions.assertTrue(empty.isEmpty());
    }",RegionBSPTree1STest::testTransform_fullAndEmpty_oe
commons-geometry_683,"@Test
    void testTransform_halfPiPlusAz_oe() {
        // arrange
        final RegionBSPTree1S tree = RegionBSPTree1S.empty();
        tree.add(AngularInterval.of(-1, 1, TEST_PRECISION));
        tree.add(AngularInterval.of(2, 3, TEST_PRECISION));

        // act
        tree.transform(HALF_PI_PLUS_AZ);

        // assert
        Assertions.assertEquals(3, tree.getSize(), TEST_EPS);

        final List<AngularInterval> intervals = tree.toIntervals();

        Assertions.assertEquals(2, intervals.size());
        checkInterval(intervals.get(0), Angle.PI_OVER_TWO - 1, Angle.PI_OVER_TWO + 1);
        checkInterval(intervals.get(1), Angle.PI_OVER_TWO + 2, Angle.PI_OVER_TWO + 3);
    }",RegionBSPTree1STest::testTransform_halfPiPlusAz_oe
commons-geometry_684,"@Test
    void testTransform_piMinusAz_oe() {
        // arrange
        final RegionBSPTree1S tree = RegionBSPTree1S.empty();
        tree.add(AngularInterval.of(-1, 1, TEST_PRECISION));
        tree.add(AngularInterval.of(2, 3, TEST_PRECISION));

        // act
        tree.transform(PI_MINUS_AZ);

        // assert
        Assertions.assertEquals(3, tree.getSize(), TEST_EPS);

        final List<AngularInterval> intervals = tree.toIntervals();

        Assertions.assertEquals(2, intervals.size());
        checkInterval(intervals.get(0), Math.PI - 3, Math.PI - 2);
        checkInterval(intervals.get(1), Math.PI - 1, Math.PI + 1);
    }",RegionBSPTree1STest::testTransform_piMinusAz_oe
commons-geometry_685,"@Test
    void testProject_fullAndEmpty_oe() {
        // arrange
        final RegionBSPTree1S full = RegionBSPTree1S.full();
        final RegionBSPTree1S empty = RegionBSPTree1S.empty();

        // act/assert
        Assertions.assertNull(full.project(Point1S.ZERO));
        Assertions.assertNull(full.project(Point1S.PI));

        Assertions.assertNull(empty.project(Point1S.ZERO));
        Assertions.assertNull(empty.project(Point1S.PI));
    }",RegionBSPTree1STest::testProject_fullAndEmpty_oe
commons-geometry_686,"@Test
    void testProject_withIntervals_oe() {
        // arrange
        final RegionBSPTree1S tree = RegionBSPTree1S.empty();
        tree.add(AngularInterval.of(-Angle.PI_OVER_TWO, Angle.PI_OVER_TWO, TEST_PRECISION));
        tree.add(AngularInterval.of(Math.PI - 1, Math.PI + 1, TEST_PRECISION));

        // act/assert
        Assertions.assertEquals(-Angle.PI_OVER_TWO,tree.project(Point1S.of(-Angle.PI_OVER_TWO - 0.1)).getAzimuth(),TEST_EPS);
        Assertions.assertEquals(-Angle.PI_OVER_TWO,tree.project(Point1S.of(-Angle.PI_OVER_TWO)).getAzimuth(),TEST_EPS);
        Assertions.assertEquals(-Angle.PI_OVER_TWO,tree.project(Point1S.of(-Angle.PI_OVER_TWO + 0.1)).getAzimuth(),TEST_EPS);

        Assertions.assertEquals(-Angle.PI_OVER_TWO, tree.project(Point1S.of(-0.1)).getAzimuth(), TEST_EPS);
        Assertions.assertEquals(Angle.PI_OVER_TWO, tree.project(Point1S.ZERO).getAzimuth(), TEST_EPS);
        Assertions.assertEquals(Angle.PI_OVER_TWO, tree.project(Point1S.of(0.1)).getAzimuth(), TEST_EPS);

        Assertions.assertEquals(Math.PI - 1,tree.project(Point1S.of(Math.PI - 0.5)).getAzimuth(),TEST_EPS);
        Assertions.assertEquals(Math.PI + 1,tree.project(Point1S.of(Math.PI + 0.5)).getAzimuth(),TEST_EPS);
    }",RegionBSPTree1STest::testProject_withIntervals_oe
commons-geometry_687,"@Test
    void testProject_equidistant_oe() {
        // arrange
        final RegionBSPTree1S tree = AngularInterval.of(1, 2, TEST_PRECISION).toTree();
        final RegionBSPTree1S treeComplement = tree.copy();
        treeComplement.complement();

        // act/assert
        Assertions.assertEquals(1, tree.project(Point1S.of(1.5)).getAzimuth(), TEST_EPS);
        Assertions.assertEquals(1, treeComplement.project(Point1S.of(1.5)).getAzimuth(), TEST_EPS);
    }",RegionBSPTree1STest::testProject_equidistant_oe
commons-geometry_688,"@Test
    void testProject_intervalAroundZero_closerOnMinSide_oe() {
        // arrange
        final double start = -1;
        final double end = 0.5;
        final RegionBSPTree1S tree = AngularInterval.of(start, end, TEST_PRECISION).toTree();

        // act/assert
        Assertions.assertEquals(end, tree.project(Point1S.of(-1.5 * Math.PI)).getAzimuth(), TEST_EPS);
        Assertions.assertEquals(start, tree.project(Point1S.of(-Math.PI)).getAzimuth(), TEST_EPS);
        Assertions.assertEquals(start, tree.project(Point1S.of(-0.5 * Math.PI)).getAzimuth(), TEST_EPS);
        Assertions.assertEquals(start, tree.project(Point1S.of(-1)).getAzimuth(), TEST_EPS);
        Assertions.assertEquals(start, tree.project(Point1S.of(-0.5)).getAzimuth(), TEST_EPS);
        Assertions.assertEquals(end, tree.project(Point1S.of(-0.25)).getAzimuth(), TEST_EPS);
        Assertions.assertEquals(end, tree.project(Point1S.of(-0.1)).getAzimuth(), TEST_EPS);
        Assertions.assertEquals(end, tree.project(Point1S.ZERO).getAzimuth(), TEST_EPS);
        Assertions.assertEquals(end, tree.project(Point1S.of(0.1)).getAzimuth(), TEST_EPS);
        Assertions.assertEquals(end, tree.project(Point1S.of(0.25)).getAzimuth(), TEST_EPS);
        Assertions.assertEquals(end, tree.project(Point1S.of(0.5)).getAzimuth(), TEST_EPS);
        Assertions.assertEquals(end, tree.project(Point1S.of(0.75)).getAzimuth(), TEST_EPS);
    }",RegionBSPTree1STest::testProject_intervalAroundZero_closerOnMinSide_oe
commons-geometry_689,"@Test
    void testProject_intervalAroundZero_closerOnMaxSide_oe() {
        // arrange
        final double start = -0.5;
        final double end = 1;
        final RegionBSPTree1S tree = AngularInterval.of(start, end, TEST_PRECISION).toTree();

        // act/assert
        Assertions.assertEquals(end, tree.project(Point1S.of(-1.5 * Math.PI)).getAzimuth(), TEST_EPS);
        Assertions.assertEquals(end, tree.project(Point1S.of(-Math.PI)).getAzimuth(), TEST_EPS);
        Assertions.assertEquals(start, tree.project(Point1S.of(-0.5 * Math.PI)).getAzimuth(), TEST_EPS);
        Assertions.assertEquals(start, tree.project(Point1S.of(-1)).getAzimuth(), TEST_EPS);
        Assertions.assertEquals(start, tree.project(Point1S.of(-0.5)).getAzimuth(), TEST_EPS);
        Assertions.assertEquals(start, tree.project(Point1S.of(-0.25)).getAzimuth(), TEST_EPS);
        Assertions.assertEquals(start, tree.project(Point1S.of(-0.1)).getAzimuth(), TEST_EPS);
        Assertions.assertEquals(start, tree.project(Point1S.ZERO).getAzimuth(), TEST_EPS);
        Assertions.assertEquals(start, tree.project(Point1S.of(0.1)).getAzimuth(), TEST_EPS);
        Assertions.assertEquals(end, tree.project(Point1S.of(0.25)).getAzimuth(), TEST_EPS);
        Assertions.assertEquals(end, tree.project(Point1S.of(0.5)).getAzimuth(), TEST_EPS);
        Assertions.assertEquals(end, tree.project(Point1S.of(0.75)).getAzimuth(), TEST_EPS);
    }",RegionBSPTree1STest::testProject_intervalAroundZero_closerOnMaxSide_oe
commons-geometry_690,"@Test
    void testIdentity_oe() {
        // act
        final Transform1S t = Transform1S.identity();

        // assert
        Assertions.assertTrue(t.preservesOrientation());
        Assertions.assertFalse(t.isNegation());
        Assertions.assertEquals(0, t.getRotation(), TEST_EPS);

        SphericalTestUtils.assertPointsEqual(ZERO, t.apply(ZERO), TEST_EPS);
        SphericalTestUtils.assertPointsEqual(HALF_PI, t.apply(HALF_PI), TEST_EPS);
        SphericalTestUtils.assertPointsEqual(PI, t.apply(PI), TEST_EPS);
        SphericalTestUtils.assertPointsEqual(MINUS_HALF_PI, t.apply(MINUS_HALF_PI), TEST_EPS);

        checkInverse(t);
    }",Transform1STest::testIdentity_oe
commons-geometry_691,"@Test
    void testRotate_positive_oe() {
        // arrange
        final Transform1S t = Transform1S.createRotation(Angle.PI_OVER_TWO);

        // act/assert
        Assertions.assertTrue(t.preservesOrientation());
        Assertions.assertFalse(t.isNegation());
        Assertions.assertEquals(Angle.PI_OVER_TWO, t.getRotation(), TEST_EPS);

        SphericalTestUtils.assertPointsEqual(HALF_PI, t.apply(ZERO), TEST_EPS);
        SphericalTestUtils.assertPointsEqual(PI, t.apply(HALF_PI), TEST_EPS);
        SphericalTestUtils.assertPointsEqual(Point1S.of(1.5 * Math.PI), t.apply(PI), TEST_EPS);
        SphericalTestUtils.assertPointsEqual(Point1S.ZERO, t.apply(MINUS_HALF_PI), TEST_EPS);

        checkInverse(t);
    }",Transform1STest::testRotate_positive_oe
commons-geometry_692,"@Test
    void testRotate_negative_oe() {
        // arrange
        final Transform1S t = Transform1S.createRotation(-Angle.PI_OVER_TWO);

        // act/assert
        Assertions.assertTrue(t.preservesOrientation());
        Assertions.assertFalse(t.isNegation());
        Assertions.assertEquals(-Angle.PI_OVER_TWO, t.getRotation(), TEST_EPS);

        SphericalTestUtils.assertPointsEqual(MINUS_HALF_PI, t.apply(ZERO), TEST_EPS);
        SphericalTestUtils.assertPointsEqual(ZERO, t.apply(HALF_PI), TEST_EPS);
        SphericalTestUtils.assertPointsEqual(HALF_PI, t.apply(PI), TEST_EPS);
        SphericalTestUtils.assertPointsEqual(Point1S.of(-Math.PI), t.apply(MINUS_HALF_PI), TEST_EPS);

        checkInverse(t);
    }",Transform1STest::testRotate_negative_oe
commons-geometry_693,"@Test
    void testNegate_oe() {
        // arrange
        final Transform1S t = Transform1S.createNegation();

        // act/assert
        Assertions.assertFalse(t.preservesOrientation());
        Assertions.assertTrue(t.isNegation());
        Assertions.assertEquals(0, t.getRotation(), TEST_EPS);

        SphericalTestUtils.assertPointsEqual(ZERO, t.apply(ZERO), TEST_EPS);
        SphericalTestUtils.assertPointsEqual(MINUS_HALF_PI, t.apply(HALF_PI), TEST_EPS);
        SphericalTestUtils.assertPointsEqual(Point1S.of(-Math.PI), t.apply(PI), TEST_EPS);
        SphericalTestUtils.assertPointsEqual(HALF_PI, t.apply(MINUS_HALF_PI), TEST_EPS);

        checkInverse(t);
    }",Transform1STest::testNegate_oe
commons-geometry_694,"@Test
    void testNegateThenRotate_oe() {
        // arrange
        final Transform1S t = Transform1S.createNegation().rotate(Angle.PI_OVER_TWO);

        // act/assert
        Assertions.assertFalse(t.preservesOrientation());
        Assertions.assertTrue(t.isNegation());
        Assertions.assertEquals(Angle.PI_OVER_TWO, t.getRotation(), TEST_EPS);

        SphericalTestUtils.assertPointsEqual(HALF_PI, t.apply(ZERO), TEST_EPS);
        SphericalTestUtils.assertPointsEqual(ZERO, t.apply(HALF_PI), TEST_EPS);
        SphericalTestUtils.assertPointsEqual(MINUS_HALF_PI, t.apply(PI), TEST_EPS);
        SphericalTestUtils.assertPointsEqual(PI, t.apply(MINUS_HALF_PI), TEST_EPS);

        checkInverse(t);
    }",Transform1STest::testNegateThenRotate_oe
commons-geometry_695,"@Test
    void testRotateThenNegate_oe() {
        // arrange
        final Transform1S t = Transform1S.createRotation(Angle.PI_OVER_TWO).negate();

        // act/assert
        Assertions.assertFalse(t.preservesOrientation());
        Assertions.assertTrue(t.isNegation());
        Assertions.assertEquals(-Angle.PI_OVER_TWO, t.getRotation(), TEST_EPS);

        SphericalTestUtils.assertPointsEqual(MINUS_HALF_PI, t.apply(ZERO), TEST_EPS);
        SphericalTestUtils.assertPointsEqual(Point1S.of(-Math.PI), t.apply(HALF_PI), TEST_EPS);
        SphericalTestUtils.assertPointsEqual(Point1S.of(-1.5 * Math.PI), t.apply(PI), TEST_EPS);
        SphericalTestUtils.assertPointsEqual(ZERO, t.apply(MINUS_HALF_PI), TEST_EPS);

        checkInverse(t);
    }",Transform1STest::testRotateThenNegate_oe
commons-geometry_696,"@Test
    void testMultiply_oe() {
        // arrange
        final Transform1S neg = Transform1S.identity().negate();
        final Transform1S rot = Transform1S.identity().rotate(Angle.PI_OVER_TWO);

        // act
        final Transform1S t = rot.multiply(neg);

        // assert
        Assertions.assertFalse(t.preservesOrientation());
        Assertions.assertTrue(t.isNegation());
        Assertions.assertEquals(Angle.PI_OVER_TWO, t.getRotation(), TEST_EPS);

        SphericalTestUtils.assertPointsEqual(HALF_PI, t.apply(ZERO), TEST_EPS);
        SphericalTestUtils.assertPointsEqual(ZERO, t.apply(HALF_PI), TEST_EPS);
        SphericalTestUtils.assertPointsEqual(MINUS_HALF_PI, t.apply(PI), TEST_EPS);
        SphericalTestUtils.assertPointsEqual(PI, t.apply(MINUS_HALF_PI), TEST_EPS);

        checkInverse(t);
    }",Transform1STest::testMultiply_oe
commons-geometry_697,"@Test
    void testPreultiply_oe() {
        // arrange
        final Transform1S neg = Transform1S.identity().negate();
        final Transform1S rot = Transform1S.identity().rotate(Angle.PI_OVER_TWO);

        // act
        final Transform1S t = neg.premultiply(rot);

        // assert
        Assertions.assertFalse(t.preservesOrientation());
        Assertions.assertTrue(t.isNegation());
        Assertions.assertEquals(Angle.PI_OVER_TWO, t.getRotation(), TEST_EPS);

        SphericalTestUtils.assertPointsEqual(HALF_PI, t.apply(ZERO), TEST_EPS);
        SphericalTestUtils.assertPointsEqual(ZERO, t.apply(HALF_PI), TEST_EPS);
        SphericalTestUtils.assertPointsEqual(MINUS_HALF_PI, t.apply(PI), TEST_EPS);
        SphericalTestUtils.assertPointsEqual(PI, t.apply(MINUS_HALF_PI), TEST_EPS);

        checkInverse(t);
    }",Transform1STest::testPreultiply_oe
commons-geometry_698,"@Test
    void testHashCode_oe() {
        // arrange
        final Transform1S a = Transform1S.identity().negate().rotate(Angle.PI_OVER_TWO);
        final Transform1S b = Transform1S.identity().rotate(Angle.PI_OVER_TWO);
        final Transform1S c = Transform1S.identity().negate().rotate(-Angle.PI_OVER_TWO);
        final Transform1S d = Transform1S.identity().negate().rotate(Angle.PI_OVER_TWO);

        // act
        final int hash = a.hashCode();

        // assert
        Assertions.assertEquals(hash, a.hashCode());

        Assertions.assertNotEquals(hash, b.hashCode());
        Assertions.assertNotEquals(hash, c.hashCode());

        Assertions.assertEquals(hash, d.hashCode());
    }",Transform1STest::testHashCode_oe
commons-geometry_699,"@Test
    void testEquals_oe() {
        // arrange
        final Transform1S a = Transform1S.identity().negate().rotate(Angle.PI_OVER_TWO);
        final Transform1S b = Transform1S.identity().rotate(Angle.PI_OVER_TWO);
        final Transform1S c = Transform1S.identity().negate().rotate(-Angle.PI_OVER_TWO);
        final Transform1S d = Transform1S.identity().negate().rotate(Angle.PI_OVER_TWO);

        // act/assert
        GeometryTestUtils.assertSimpleEqualsCases(a);

        Assertions.assertNotEquals(a, b);
        Assertions.assertNotEquals(a, c);

        Assertions.assertEquals(a, d);
        Assertions.assertEquals(d, a);
    }",Transform1STest::testEquals_oe
commons-geometry_700,"@Test
    void testToString_oe() {
        // arrange
        final Transform1S t = Transform1S.identity().negate().rotate(1);

        // act
        final String str = t.toString();

        // assert
        GeometryTestUtils.assertContains(""Transform1S"", str);
        GeometryTestUtils.assertContains(""negate= true"", str);
        GeometryTestUtils.assertContains(""rotate= 1"", str);
    }",Transform1STest::testToString_oe
commons-geometry_701,"@Test
    void testConstants_oe() {
        // act/assert
        Assertions.assertEquals(0.0, Point1S.ZERO.getAzimuth(), TEST_EPS);
        Assertions.assertEquals(Math.PI, Point1S.PI.getAzimuth(), TEST_EPS);
    }",Point1STest::testConstants_oe
commons-geometry_702,"@Test
    void testNormalizedAzimuthComparator_oe() {
        // arrange
        final Comparator<Point1S> comp = Point1S.NORMALIZED_AZIMUTH_ASCENDING_ORDER;

        // act/assert
        Assertions.assertEquals(0, comp.compare(Point1S.of(1), Point1S.of(1)));
        Assertions.assertEquals(-1, comp.compare(Point1S.of(0), Point1S.of(1)));
        Assertions.assertEquals(1, comp.compare(Point1S.of(1), Point1S.of(0)));
        Assertions.assertEquals(1, comp.compare(Point1S.of(1), Point1S.of(0.1 + Angle.TWO_PI)));

        Assertions.assertEquals(1, comp.compare(null, Point1S.of(0)));
        Assertions.assertEquals(-1, comp.compare(Point1S.of(0), null));
        Assertions.assertEquals(0, comp.compare(null, null));
    }",Point1STest::testNormalizedAzimuthComparator_oe
commons-geometry_703,"@Test
    void testNaN_oe() {
        // act
        final Point1S pt = Point1S.of(Double.NaN);

        // assert
        Assertions.assertTrue(pt.isNaN());
        Assertions.assertTrue(Point1S.NaN.isNaN());

        Assertions.assertTrue(Double.isNaN(pt.getAzimuth()));
        Assertions.assertTrue(Double.isNaN(pt.getNormalizedAzimuth()));
        Assertions.assertNull(pt.getVector());

        Assertions.assertEquals(Point1S.NaN, pt);
        Assertions.assertNotEquals(Point1S.of(1.0), Point1S.NaN);
    }",Point1STest::testNaN_oe
commons-geometry_704,"@Test
    void testGetDimension_oe() {
        // arrange
        final Point1S p = Point1S.of(0.0);

        // act/assert
        Assertions.assertEquals(1, p.getDimension());
    }",Point1STest::testGetDimension_oe
commons-geometry_705,"@Test
    void testInfinite_oe() {
        // act/assert
        Assertions.assertTrue(Point1S.of(Double.POSITIVE_INFINITY).isInfinite());
        Assertions.assertTrue(Point1S.of(Double.NEGATIVE_INFINITY).isInfinite());

        Assertions.assertFalse(Point1S.NaN.isInfinite());
        Assertions.assertFalse(Point1S.of(1).isInfinite());
    }",Point1STest::testInfinite_oe
commons-geometry_706,"@Test
    void testFinite_oe() {
        // act/assert
        Assertions.assertTrue(Point1S.of(0).isFinite());
        Assertions.assertTrue(Point1S.of(1).isFinite());

        Assertions.assertFalse(Point1S.of(Double.POSITIVE_INFINITY).isFinite());
        Assertions.assertFalse(Point1S.of(Double.NEGATIVE_INFINITY).isFinite());
        Assertions.assertFalse(Point1S.NaN.isFinite());
    }",Point1STest::testFinite_oe
commons-geometry_707,"@Test
    void testAntipodal_oe() {
        for (double az = -6 * Math.PI; az <= 6 * Math.PI; az += 0.1) {
            // arrange
            final Point1S pt = Point1S.of(az);

            // act
            final Point1S result = pt.antipodal();

            // assert
            Assertions.assertTrue(result.getAzimuth() >= 0 && result.getAzimuth() < Angle.TWO_PI);
            Assertions.assertEquals(Math.PI, pt.distance(result), TEST_EPS);
        }
    }",Point1STest::testAntipodal_oe
commons-geometry_708,"@Test
    void testHashCode_oe() {
        // act
        final Point1S a = Point1S.of(1.0);
        final Point1S b = Point1S.of(2.0);
        final Point1S c = Point1S.of(1.0);
        final Point1S d = Point1S.of(1.0 + Math.PI);

        final int hash = a.hashCode();

        // assert
        Assertions.assertEquals(hash, a.hashCode());
        Assertions.assertNotEquals(hash, b.hashCode());
        Assertions.assertEquals(hash, c.hashCode());
        Assertions.assertNotEquals(hash, d.hashCode());

        Assertions.assertEquals(Point1S.NaN.hashCode(), Point1S.of(Double.NaN).hashCode());
    }",Point1STest::testHashCode_oe
commons-geometry_709,"@Test
    void testEquals_oe() {
        // act
        final Point1S a = Point1S.of(1.0);
        final Point1S b = Point1S.of(2.0);
        final Point1S c = Point1S.of(1.0 + Math.PI);
        final Point1S d = Point1S.of(1.0);
        final Point1S e = Point1S.of(Double.NaN);

        // assert
        GeometryTestUtils.assertSimpleEqualsCases(a);

        Assertions.assertNotEquals(a, b);
        Assertions.assertNotEquals(b, a);

        Assertions.assertNotEquals(a, c);
        Assertions.assertNotEquals(c, a);

        Assertions.assertEquals(a, d);
        Assertions.assertEquals(d, a);

        Assertions.assertNotEquals(a, e);
        Assertions.assertEquals(Point1S.NaN, e);
    }",Point1STest::testEquals_oe
commons-geometry_710,"@Test
    void testEqualsAndHashCode_signedZeroConsistency_oe() {
        // arrange
        final Point1S a = Point1S.of(0.0);
        final Point1S b = Point1S.of(-0.0);
        final Point1S c = Point1S.of(0.0);
        final Point1S d = Point1S.of(-0.0);

        // act/assert
        Assertions.assertFalse(a.equals(b));
        Assertions.assertNotEquals(a.hashCode(), b.hashCode());

        Assertions.assertTrue(a.equals(c));
        Assertions.assertEquals(a.hashCode(), c.hashCode());

        Assertions.assertTrue(b.equals(d));
        Assertions.assertEquals(b.hashCode(), d.hashCode());
    }",Point1STest::testEqualsAndHashCode_signedZeroConsistency_oe
commons-geometry_711,"@Test
    void testEq_oe() {
        // arrange
        final Precision.DoubleEquivalence highPrecision = Precision.doubleEquivalenceOfEpsilon(1e-10);
        final Precision.DoubleEquivalence lowPrecision = Precision.doubleEquivalenceOfEpsilon(1e-2);

        final Point1S a = Point1S.of(1);
        final Point1S b = Point1S.of(0.9999);
        final Point1S c = Point1S.of(1.00001);
        final Point1S d = Point1S.of(1 + (3 * Angle.TWO_PI));

        // act/assert
        Assertions.assertTrue(a.eq(a, highPrecision));
        Assertions.assertTrue(a.eq(a, lowPrecision));

        Assertions.assertFalse(a.eq(b, highPrecision));
        Assertions.assertTrue(a.eq(b, lowPrecision));

        Assertions.assertFalse(a.eq(c, highPrecision));
        Assertions.assertTrue(a.eq(c, lowPrecision));

        Assertions.assertTrue(a.eq(d, highPrecision));
        Assertions.assertTrue(a.eq(d, lowPrecision));
    }",Point1STest::testEq_oe
commons-geometry_712,"@Test
    void testEq_wrapAround_oe() {
        // arrange
        final Precision.DoubleEquivalence precision = Precision.doubleEquivalenceOfEpsilon(1e-2);

        final Point1S a = Point1S.ZERO;
        final Point1S b = Point1S.of(1e-3);
        final Point1S c = Point1S.of(-1e-3);

        // act/assert
        Assertions.assertTrue(a.eq(a, precision));

        Assertions.assertTrue(a.eq(b, precision));
        Assertions.assertTrue(b.eq(a, precision));

        Assertions.assertTrue(a.eq(c, precision));
        Assertions.assertTrue(c.eq(a, precision));
    }",Point1STest::testEq_wrapAround_oe
commons-geometry_713,"@Test
    void testDistance_oe() {
        // arrange
        final Point1S a = Point1S.of(0.0);
        final Point1S b = Point1S.of(Math.PI - 0.5);
        final Point1S c = Point1S.of(Math.PI);
        final Point1S d = Point1S.of(Math.PI + 0.5);
        final Point1S e = Point1S.of(4.0);

        // act/assert
        Assertions.assertEquals(0.0, a.distance(a), TEST_EPS);
        Assertions.assertEquals(Math.PI - 0.5, a.distance(b), TEST_EPS);
        Assertions.assertEquals(Math.PI - 0.5, b.distance(a), TEST_EPS);

        Assertions.assertEquals(Math.PI, a.distance(c), TEST_EPS);
        Assertions.assertEquals(Math.PI, c.distance(a), TEST_EPS);

        Assertions.assertEquals(Math.PI - 0.5, a.distance(d), TEST_EPS);
        Assertions.assertEquals(Math.PI - 0.5, d.distance(a), TEST_EPS);

        Assertions.assertEquals(Angle.TWO_PI - 4, a.distance(e), TEST_EPS);
        Assertions.assertEquals(Angle.TWO_PI - 4, e.distance(a), TEST_EPS);
    }",Point1STest::testDistance_oe
commons-geometry_714,"@Test
    void testSignedDistance_oe() {
        // arrange
        final Point1S a = Point1S.of(0.0);
        final Point1S b = Point1S.of(Math.PI - 0.5);
        final Point1S c = Point1S.of(Math.PI);
        final Point1S d = Point1S.of(Math.PI + 0.5);
        final Point1S e = Point1S.of(4.0);

        // act/assert
        Assertions.assertEquals(0.0, a.signedDistance(a), TEST_EPS);
        Assertions.assertEquals(Math.PI - 0.5, a.signedDistance(b), TEST_EPS);
        Assertions.assertEquals(-Math.PI + 0.5, b.signedDistance(a), TEST_EPS);

        Assertions.assertEquals(-Math.PI, a.signedDistance(c), TEST_EPS);
        Assertions.assertEquals(-Math.PI, c.signedDistance(a), TEST_EPS);

        Assertions.assertEquals(-Math.PI + 0.5, a.signedDistance(d), TEST_EPS);
        Assertions.assertEquals(Math.PI - 0.5, d.signedDistance(a), TEST_EPS);

        Assertions.assertEquals(-Angle.TWO_PI + 4, a.signedDistance(e), TEST_EPS);
        Assertions.assertEquals(Angle.TWO_PI - 4, e.signedDistance(a), TEST_EPS);
    }",Point1STest::testSignedDistance_oe
commons-geometry_715,"@Test
    void testDistance_inRangeZeroToPi_oe() {
        for (double a = -4 * Math.PI; a < 4 * Math.PI; a += 0.1) {
            for (double b = -4 * Math.PI; b < 4 * Math.PI; b += 0.1) {
                // arrange
                final Point1S p1 = Point1S.of(a);
                final Point1S p2 = Point1S.of(b);

                // act/assert
                final double d1 = p1.distance(p2);
                Assertions.assertTrue(d1 >= 0 && d1 <= Math.PI);

                final double d2 = p2.distance(p1);
                Assertions.assertTrue(d2 >= 0 && d2 <= Math.PI);
            }
        }
    }",Point1STest::testDistance_inRangeZeroToPi_oe
commons-geometry_716,"@Test
    void testAbove_nonFinite_oe() {
        // act/assert
        Assertions.assertThrows(IllegalArgumentException.class, () -> Point1S.of(Double.POSITIVE_INFINITY).above(Point1S.ZERO));
        Assertions.assertThrows(IllegalArgumentException.class, () -> Point1S.of(Double.NEGATIVE_INFINITY).above(Point1S.ZERO));
        Assertions.assertThrows(IllegalArgumentException.class, () -> Point1S.of(Double.NaN).above(Point1S.ZERO));
    }",Point1STest::testAbove_nonFinite_oe
commons-geometry_717,"@Test
    void testToString_oe() {
        // act/assert
        Assertions.assertEquals(""(0.0)"", Point1S.of(0.0).toString());
        Assertions.assertEquals(""(1.0)"", Point1S.of(1.0).toString());
    }",Point1STest::testToString_oe
commons-geometry_718,"@Test
    void testParse_failure_oe() {
        // act/assert
        Assertions.assertThrows(IllegalArgumentException.class, () ->  Point1S.parse(""abc""));
    }",Point1STest::testParse_failure_oe
commons-geometry_719,"@Test
    void testProperties_oe() {
        // arrange
        final Sized finite = new StubSized(1);
        final Sized infinite = new StubSized(Double.POSITIVE_INFINITY);
        final Sized nan = new StubSized(Double.NaN);

        // act/assert
        Assertions.assertTrue(finite.isFinite());
        Assertions.assertFalse(finite.isInfinite());

        Assertions.assertFalse(infinite.isFinite());
        Assertions.assertTrue(infinite.isInfinite());

        Assertions.assertFalse(nan.isFinite());
        Assertions.assertFalse(nan.isInfinite());
    }",SizedTest::testProperties_oe
commons-geometry_720,"@Test
    void testToSubspace_collection_emptyInput_oe() {
        // arrange
        final TestLine line = TestLine.Y_AXIS;

        // act
        final List<TestPoint1D> result = line.toSubspace(new ArrayList<>());

        // assert
        Assertions.assertEquals(0, result.size());
    }",EmbeddingTest::testToSubspace_collection_emptyInput_oe
commons-geometry_721,"@Test
    void testToSubspace_collection_oe() {
        // arrange
        final List<TestPoint2D> pts = Arrays.asList(
                    new TestPoint2D(0, 0),
                    new TestPoint2D(1, 0.25),
                    new TestPoint2D(0.5, 1)
                );

        final TestLine line = TestLine.Y_AXIS;

        // act
        final List<TestPoint1D> result = line.toSubspace(pts);

        // assert
        Assertions.assertEquals(3, result.size());
        Assertions.assertEquals(0, result.get(0).getX(), PartitionTestUtils.EPS);
        Assertions.assertEquals(0.25, result.get(1).getX(), PartitionTestUtils.EPS);
        Assertions.assertEquals(1, result.get(2).getX(), PartitionTestUtils.EPS);
    }",EmbeddingTest::testToSubspace_collection_oe
commons-geometry_722,"@Test
    void testToSpace_collection_emptyInput_oe() {
        // arrange
        final TestLine line = TestLine.Y_AXIS;

        // act
        final List<TestPoint2D> result = line.toSpace(new ArrayList<>());

        // assert
        Assertions.assertEquals(0, result.size());
    }",EmbeddingTest::testToSpace_collection_emptyInput_oe
commons-geometry_723,"@Test
    void testToSpace_collection_oe() {
        // arrange
        final List<TestPoint1D> pts = Arrays.asList(
                    new TestPoint1D(0),
                    new TestPoint1D(1),
                    new TestPoint1D(0.5)
                );

        final TestLine line = TestLine.Y_AXIS;

        // act
        final List<TestPoint2D> result = line.toSpace(pts);

        // assert
        Assertions.assertEquals(3, result.size());
        PartitionTestUtils.assertPointsEqual(new TestPoint2D(0, 0), result.get(0));
        PartitionTestUtils.assertPointsEqual(new TestPoint2D(0, 1), result.get(1));
        PartitionTestUtils.assertPointsEqual(new TestPoint2D(0, 0.5), result.get(2));
    }",EmbeddingTest::testToSpace_collection_oe
commons-geometry_724,"@Test
    void testProperties_oe() {
        // arrange
        final Object a = new Object();
        final Object b = new Object();

        // act
        final Split<Object> split = new Split<>(a, b);

        // assert
        Assertions.assertSame(a, split.getMinus());
        Assertions.assertSame(b,  split.getPlus());
    }",SplitTest::testProperties_oe
commons-geometry_725,"@Test
    void testGetLocation_oe() {
        // arrange
        final Object a = new Object();
        final Object b = new Object();

        // act/assert
        Assertions.assertEquals(SplitLocation.NEITHER, new Split<>(null, null).getLocation());
        Assertions.assertEquals(SplitLocation.MINUS, new Split<>(a, null).getLocation());
        Assertions.assertEquals(SplitLocation.PLUS, new Split<>(null, b).getLocation());
        Assertions.assertEquals(SplitLocation.BOTH, new Split<>(a, b).getLocation());
    }",SplitTest::testGetLocation_oe
commons-geometry_726,"@Test
    void testToString_oe() {
        // arrange
        final Split<String> split = new Split<>(""a"", ""b"");

        // act
        final String str = split.toString();

        // assert
        Assertions.assertEquals(""Split[location= BOTH, minus= a, plus= b]"", str);
    }",SplitTest::testToString_oe
commons-geometry_727,"@Test
    void testBoundaries_oe() {
        // arrange
        final List<TestLineSegment> boundaries = new ArrayList<>();
        boundaries.add(new TestLineSegment(0, 0, 1, 1));
        boundaries.add(new TestLineSegment(1, 1, 0, 2));

        // act
        final BoundaryList<TestPoint2D, TestLineSegment> list = new BoundaryList<>(boundaries);

        // assert
        Assertions.assertNotSame(boundaries, list.getBoundaries());
        Assertions.assertEquals(boundaries, list.getBoundaries());
        Assertions.assertEquals(boundaries, list.boundaryStream().collect(Collectors.toList()));
    }",BoundaryListTest::testBoundaries_oe
commons-geometry_728,"@Test
    void testGetBoundaries_listCannotBeModified_oe() {
        // arrange
        final List<TestLineSegment> boundaries = new ArrayList<>();
        boundaries.add(new TestLineSegment(0, 0, 1, 1));

        final BoundaryList<TestPoint2D, TestLineSegment> list = new BoundaryList<>(boundaries);
        final List<TestLineSegment> items = list.getBoundaries();
        final TestLineSegment segment = new TestLineSegment(1, 1, 0, 2);

        // act/assert
        Assertions.assertThrows(UnsupportedOperationException.class, () -> items.add(segment));
    }",BoundaryListTest::testGetBoundaries_listCannotBeModified_oe
commons-geometry_729,"@Test
    void testCount_oe() {
        // act/assert
        Assertions.assertEquals(0, new BoundaryList<>(Collections.emptyList()).count());
        Assertions.assertEquals(1,new BoundaryList<>(Collections.singletonList(new TestLineSegment(0,0,1,1))).count());
        Assertions.assertEquals(2,new BoundaryList<>(Arrays.asList(new TestLineSegment(0,0,1,1),new TestLineSegment(1,1,0,2))).count());
    }",BoundaryListTest::testCount_oe
commons-geometry_730,"@Test
    void testToString_oe() {
        // arrange
        final BoundaryList<TestPoint2D, TestLineSegment> empty = new BoundaryList<>(Collections.emptyList());
        final BoundaryList<TestPoint2D, TestLineSegment> single = new BoundaryList<>(Collections.singletonList(
                new TestLineSegment(0, 0, 1, 1)
        ));

        // act
        Assertions.assertEquals(""BoundaryList[count= 0]"", empty.toString());
        Assertions.assertEquals(""BoundaryList[count= 1]"", single.toString());
    }",BoundaryListTest::testToString_oe
commons-geometry_731,"@Test
    void testGetPrecision_oe() {
        // arrange
        final Precision.DoubleEquivalence precision = Precision.doubleEquivalenceOfEpsilon(1e-1);
        final StubHyperplane hyper = new StubHyperplane(precision);

        // act/assert
        Assertions.assertSame(precision, hyper.getPrecision());
    }",AbstractHyperplaneTest::testGetPrecision_oe
commons-geometry_732,"@Test
    void testClassify_oe() {
        // arrange
        final Precision.DoubleEquivalence precision = Precision.doubleEquivalenceOfEpsilon(1e-1);
        final StubHyperplane hyper = new StubHyperplane(precision);

        // act/assert
        Assertions.assertEquals(HyperplaneLocation.MINUS, hyper.classify(new TestPoint2D(1, 1)));

        Assertions.assertEquals(HyperplaneLocation.ON, hyper.classify(new TestPoint2D(1, 0.09)));
        Assertions.assertEquals(HyperplaneLocation.ON, hyper.classify(new TestPoint2D(1, 0)));
        Assertions.assertEquals(HyperplaneLocation.ON, hyper.classify(new TestPoint2D(1, -0.09)));

        Assertions.assertEquals(HyperplaneLocation.PLUS, hyper.classify(new TestPoint2D(1, -1)));
    }",AbstractHyperplaneTest::testClassify_oe
commons-geometry_733,"@Test
    void testContains_oe() {
        // arrange
        final Precision.DoubleEquivalence precision = Precision.doubleEquivalenceOfEpsilon(1e-1);
        final StubHyperplane hyper = new StubHyperplane(precision);

        // act/assert
        Assertions.assertFalse(hyper.contains(new TestPoint2D(1, 1)));

        Assertions.assertTrue(hyper.contains(new TestPoint2D(1, 0.09)));
        Assertions.assertTrue(hyper.contains(new TestPoint2D(1, 0)));
        Assertions.assertTrue(hyper.contains(new TestPoint2D(1, -0.09)));

        Assertions.assertFalse(hyper.contains(new TestPoint2D(1, -1)));
    }",AbstractHyperplaneTest::testContains_oe
commons-geometry_734,"@Test
    void testBoundaries_areUnmodifiable_oe() {
        // arrange
        final StubRegion region = new StubRegion(new ArrayList<>());
        final List<TestLineSegment> boundaries = region.getBoundaries();
        final TestLineSegment span = TestLine.X_AXIS.span();


        // act/assert
        Assertions.assertThrows(UnsupportedOperationException.class, () ->  boundaries.add(span));
    }",AbstractConvexHyperplaneBoundedRegionTest::testBoundaries_areUnmodifiable_oe
commons-geometry_735,"@Test
    void testFull_oe() {
        // act
        final StubRegion region = new StubRegion(Collections.emptyList());

        // assert
        Assertions.assertTrue(region.isFull());
        Assertions.assertFalse(region.isEmpty());
    }",AbstractConvexHyperplaneBoundedRegionTest::testFull_oe
commons-geometry_736,"@Test
    void testGetBoundarySize_oe() {
        // arrange
        final TestPoint2D p1 = new TestPoint2D(1, 0);
        final TestPoint2D p2 = new TestPoint2D(2, 0);
        final TestPoint2D p3 = new TestPoint2D(1, 1);

        // act/assert
        Assertions.assertEquals(0, new StubRegion(Collections.emptyList()).getBoundarySize(), PartitionTestUtils.EPS);
        GeometryTestUtils.assertPositiveInfinity(new StubRegion(Collections.singletonList(TestLine.X_AXIS.span())).getBoundarySize());
        Assertions.assertEquals(2 + Math.sqrt(2),new StubRegion(Arrays.asList(new TestLineSegment(p1,p2),new TestLineSegment(p2,p3),new TestLineSegment(p3,p1))).getBoundarySize(),PartitionTestUtils.EPS);
    }",AbstractConvexHyperplaneBoundedRegionTest::testGetBoundarySize_oe
commons-geometry_737,"@Test
    void testProject_oe() {
        // arrange
        final TestPoint2D p1 = new TestPoint2D(1, 0);
        final TestPoint2D p2 = new TestPoint2D(2, 0);
        final TestPoint2D p3 = new TestPoint2D(1, 1);

        final StubRegion full = new StubRegion(Collections.emptyList());
        final StubRegion halfSpace = new StubRegion(Collections.singletonList(TestLine.X_AXIS.span()));
        final StubRegion triangle = new StubRegion(Arrays.asList(
                new TestLineSegment(p1, p2),
                new TestLineSegment(p2, p3),
                new TestLineSegment(p3, p1)
            ));

        // act/assert
        Assertions.assertNull(full.project(TestPoint2D.ZERO));
        Assertions.assertNull(full.project(new TestPoint2D(1, 1)));

        PartitionTestUtils.assertPointsEqual(TestPoint2D.ZERO, halfSpace.project(new TestPoint2D(0, 1)));
        PartitionTestUtils.assertPointsEqual(TestPoint2D.ZERO, halfSpace.project(new TestPoint2D(0, 0)));
        PartitionTestUtils.assertPointsEqual(TestPoint2D.ZERO, halfSpace.project(new TestPoint2D(0, -1)));

        PartitionTestUtils.assertPointsEqual(new TestPoint2D(1.25, 0), triangle.project(new TestPoint2D(1.25, 0.1)));
        PartitionTestUtils.assertPointsEqual(p1, triangle.project(TestPoint2D.ZERO));
        PartitionTestUtils.assertPointsEqual(p3, triangle.project(new TestPoint2D(0, 10)));
    }",AbstractConvexHyperplaneBoundedRegionTest::testProject_oe
commons-geometry_738,"@Test
    void testTrim_oe() {
        // arrange
        final TestPoint2D p1 = new TestPoint2D(1, 0);
        final TestPoint2D p2 = new TestPoint2D(2, 0);
        final TestPoint2D p3 = new TestPoint2D(2, 1);
        final TestPoint2D p4 = new TestPoint2D(1, 1);

        final StubRegion full = new StubRegion(Collections.emptyList());
        final StubRegion halfSpace = new StubRegion(Collections.singletonList(TestLine.Y_AXIS.span()));
        final StubRegion square = new StubRegion(Arrays.asList(
                new TestLineSegment(p1, p2),
                new TestLineSegment(p2, p3),
                new TestLineSegment(p3, p4),
                new TestLineSegment(p4, p1)
            ));

        final TestLineSegment segment = new TestLineSegment(new TestPoint2D(-1, 0.5), new TestPoint2D(4, 0.5));

        // act/assert
        Assertions.assertSame(segment, full.trim(segment));

        final TestLineSegment trimmedA = halfSpace.trim(segment);
        PartitionTestUtils.assertPointsEqual(new TestPoint2D(-1, 0.5), trimmedA.getStartPoint());
        PartitionTestUtils.assertPointsEqual(new TestPoint2D(0, 0.5), trimmedA.getEndPoint());

        final TestLineSegment trimmedB = square.trim(segment);
        PartitionTestUtils.assertPointsEqual(new TestPoint2D(1, 0.5), trimmedB.getStartPoint());
        PartitionTestUtils.assertPointsEqual(new TestPoint2D(2, 0.5), trimmedB.getEndPoint());
    }",AbstractConvexHyperplaneBoundedRegionTest::testTrim_oe
commons-geometry_739,"@Test
    void testSplit_full_oe() {
        // arrange
        final StubRegion region = new StubRegion(Collections.emptyList());

        final TestLine splitter = TestLine.X_AXIS;

        // act
        final Split<StubRegion> split = region.split(splitter);

        // assert
        Assertions.assertEquals(SplitLocation.BOTH, split.getLocation());

        final StubRegion minus = split.getMinus();
        Assertions.assertEquals(1, minus.getBoundaries().size());
        checkClassify(minus, RegionLocation.INSIDE, new TestPoint2D(0, 1));
        checkClassify(minus, RegionLocation.BOUNDARY, new TestPoint2D(0, 0));
        checkClassify(minus, RegionLocation.OUTSIDE, new TestPoint2D(0, -1));

        final StubRegion plus = split.getPlus();
        Assertions.assertEquals(1, plus.getBoundaries().size());
        checkClassify(plus, RegionLocation.OUTSIDE, new TestPoint2D(0, 1));
        checkClassify(plus, RegionLocation.BOUNDARY, new TestPoint2D(0, 0));
        checkClassify(plus, RegionLocation.INSIDE, new TestPoint2D(0, -1));
    }",AbstractConvexHyperplaneBoundedRegionTest::testSplit_full_oe
commons-geometry_740,"@Test
    void testSplit_parallel_splitterIsOutside_plusOnly_oe() {
     // arrange
        final StubRegion region = new StubRegion(
                Collections.singletonList(new TestLineSegment(new TestPoint2D(0, 1), new TestPoint2D(1, 1))));

        final TestLine splitter = TestLine.X_AXIS.reverse();

        // act
        final Split<StubRegion> split = region.split(splitter);

        // assert
        Assertions.assertEquals(SplitLocation.PLUS, split.getLocation());

        Assertions.assertNull(split.getMinus());
        Assertions.assertSame(region, split.getPlus());
    }",AbstractConvexHyperplaneBoundedRegionTest::testSplit_parallel_splitterIsOutside_plusOnly_oe
commons-geometry_741,"@Test
    void testSplit_parallel_splitterIsOutside_minusOnly_oe() {
     // arrange
        final StubRegion region = new StubRegion(
                Collections.singletonList(new TestLineSegment(new TestPoint2D(0, 1), new TestPoint2D(1, 1))));

        final TestLine splitter = TestLine.X_AXIS;

        // act
        final Split<StubRegion> split = region.split(splitter);

        // assert
        Assertions.assertEquals(SplitLocation.MINUS, split.getLocation());

        Assertions.assertSame(region, split.getMinus());
        Assertions.assertNull(split.getPlus());
    }",AbstractConvexHyperplaneBoundedRegionTest::testSplit_parallel_splitterIsOutside_minusOnly_oe
commons-geometry_742,"@Test
    void testSplit_parallel_splitterIsInside_oe() {
     // arrange
        final StubRegion region = new StubRegion(
                Collections.singletonList(new TestLineSegment(new TestPoint2D(1, 1), new TestPoint2D(0, 1))));

        final TestLine splitter = TestLine.X_AXIS;

        // act
        final Split<StubRegion> split = region.split(splitter);

        // assert
        Assertions.assertEquals(SplitLocation.BOTH, split.getLocation());

        final TestPoint2D p1 = new TestPoint2D(0, 1.5);
        final TestPoint2D p2 = new TestPoint2D(0, 0.5);
        final TestPoint2D p3 = new TestPoint2D(0, -0.5);

        final StubRegion minus = split.getMinus();
        Assertions.assertEquals(2, minus.getBoundaries().size());
        checkClassify(minus, RegionLocation.INSIDE, p2);
        checkClassify(minus, RegionLocation.OUTSIDE, p1, p3);

        final StubRegion plus = split.getPlus();
        Assertions.assertEquals(1, plus.getBoundaries().size());
        checkClassify(plus, RegionLocation.INSIDE, p3);
        checkClassify(plus, RegionLocation.OUTSIDE, p1, p2);
    }",AbstractConvexHyperplaneBoundedRegionTest::testSplit_parallel_splitterIsInside_oe
commons-geometry_743,"@Test
    void testSplit_coincident_sameOrientation_oe() {
     // arrange
        final StubRegion region = new StubRegion(Collections.singletonList(TestLine.X_AXIS.span()));

        final TestLine splitter = TestLine.X_AXIS;

        // act
        final Split<StubRegion> split = region.split(splitter);

        // assert
        Assertions.assertEquals(SplitLocation.MINUS, split.getLocation());

        Assertions.assertSame(region, split.getMinus());
        Assertions.assertNull(split.getPlus());
    }",AbstractConvexHyperplaneBoundedRegionTest::testSplit_coincident_sameOrientation_oe
commons-geometry_744,"@Test
    void testSplit_coincident_oppositeOrientation_oe() {
     // arrange
        final StubRegion region = new StubRegion(Collections.singletonList(TestLine.X_AXIS.span()));

        final TestLine splitter = TestLine.X_AXIS.reverse();

        // act
        final Split<StubRegion> split = region.split(splitter);

        // assert
        Assertions.assertEquals(SplitLocation.PLUS, split.getLocation());

        Assertions.assertNull(split.getMinus());
        Assertions.assertSame(region, split.getPlus());
    }",AbstractConvexHyperplaneBoundedRegionTest::testSplit_coincident_oppositeOrientation_oe
commons-geometry_745,"@Test
    void testSplit_finite_both_oe() {
        // arrange
        final TestPoint2D p1 = new TestPoint2D(1, -0.5);
        final TestPoint2D p2 = new TestPoint2D(2, -0.5);
        final TestPoint2D p3 = new TestPoint2D(2, 0.5);
        final TestPoint2D p4 = new TestPoint2D(1, 0.5);

        final StubRegion region = new StubRegion(Arrays.asList(
                    new TestLineSegment(p1, p2),
                    new TestLineSegment(p2, p3),
                    new TestLineSegment(p3, p4),
                    new TestLineSegment(p4, p1)
                ));

        final TestLine splitter = TestLine.X_AXIS;

        // act
        final Split<StubRegion> split = region.split(splitter);

        // assert
        Assertions.assertEquals(SplitLocation.BOTH, split.getLocation());

        final StubRegion minus = split.getMinus();
        Assertions.assertEquals(4, minus.getBoundaries().size());
        checkClassify(minus, RegionLocation.INSIDE, new TestPoint2D(1.5, 0.25));
        checkClassify(minus, RegionLocation.BOUNDARY, new TestPoint2D(1.5, 0));
        checkClassify(minus, RegionLocation.OUTSIDE, new TestPoint2D(1.5, -0.25));

        final StubRegion plus = split.getPlus();
        Assertions.assertEquals(4, plus.getBoundaries().size());
        checkClassify(plus, RegionLocation.OUTSIDE, new TestPoint2D(1.5, 0.25));
        checkClassify(plus, RegionLocation.BOUNDARY, new TestPoint2D(1.5, 0));
        checkClassify(plus, RegionLocation.INSIDE, new TestPoint2D(1.5, -0.25));
    }",AbstractConvexHyperplaneBoundedRegionTest::testSplit_finite_both_oe
commons-geometry_746,"@Test
    void testSplit_inconsistentBoundarySplitLocations_minus_oe() {
        // arrange
        final TestLine a = new TestLine(new TestPoint2D(0, 0), new TestPoint2D(1, 1));
        final TestLine b = new TestLine(new TestPoint2D(-1, 1), new TestPoint2D(0, 0));

        final StubRegion region = new StubRegion(Arrays.asList(
                    new TestLineSegment(-1e-8, Double.POSITIVE_INFINITY, a),
                    new TestLineSegment(Double.NEGATIVE_INFINITY, 1e-8, b)
                ));

        final List<TestLineSegment> segments = region.getBoundaries();
        PartitionTestUtils.assertPointsEqual(segments.get(0).getStartPoint(), segments.get(1).getEndPoint());

        final TestLine splitter = new TestLine(new TestPoint2D(0, 0), new TestPoint2D(1, 0));

        // act
        final Split<StubRegion> split = region.split(splitter);

        // assert
        Assertions.assertEquals(SplitLocation.MINUS, split.getLocation());
        Assertions.assertSame(region, split.getMinus());
        Assertions.assertNull(split.getPlus());
    }",AbstractConvexHyperplaneBoundedRegionTest::testSplit_inconsistentBoundarySplitLocations_minus_oe
commons-geometry_747,"@Test
    void testSplit_inconsistentBoundarySplitLocations_plus_oe() {
        // arrange
        final TestLine a = new TestLine(new TestPoint2D(0, 0), new TestPoint2D(1, 1));
        final TestLine b = new TestLine(new TestPoint2D(-1, 1), new TestPoint2D(0, 0));

        final StubRegion region = new StubRegion(Arrays.asList(
                    new TestLineSegment(-1e-8, Double.POSITIVE_INFINITY, a),
                    new TestLineSegment(Double.NEGATIVE_INFINITY, 1e-8, b)
                ));

        final List<TestLineSegment> segments = region.getBoundaries();
        PartitionTestUtils.assertPointsEqual(segments.get(0).getStartPoint(), segments.get(1).getEndPoint());

        final TestLine splitter = new TestLine(new TestPoint2D(1, 0), new TestPoint2D(0, 0));

        // act
        final Split<StubRegion> split = region.split(splitter);

        // assert
        Assertions.assertEquals(SplitLocation.PLUS, split.getLocation());
        Assertions.assertNull(split.getMinus());
        Assertions.assertSame(region, split.getPlus());
    }",AbstractConvexHyperplaneBoundedRegionTest::testSplit_inconsistentBoundarySplitLocations_plus_oe
commons-geometry_748,"@Test
    void testSplit_inconsistentBoundarySplitLocations_trimmedNotNull_minus_oe() {
        // arrange
        final TestLine a = new TestLine(new TestPoint2D(1e-8, 0), new TestPoint2D(1, 1));
        final TestLine b = new TestLine(new TestPoint2D(-1, 1), new TestPoint2D(-1e-8, 0));

        final StubRegion region = new StubRegion(Arrays.asList(
                    new TestLineSegment(1e-8, Double.POSITIVE_INFINITY, a),
                    new TestLineSegment(Double.NEGATIVE_INFINITY, -1e-8, b)
                ));

        final List<TestLineSegment> segments = region.getBoundaries();
        PartitionTestUtils.assertPointsEqual(segments.get(0).getStartPoint(), segments.get(1).getEndPoint());

        final TestLine splitter = new TestLine(new TestPoint2D(0, 0), new TestPoint2D(1, 0));

        // act
        final Split<StubRegion> split = region.split(splitter);

        // assert
        Assertions.assertEquals(SplitLocation.MINUS, split.getLocation());
        Assertions.assertSame(region, split.getMinus());
        Assertions.assertNull(split.getPlus());
    }",AbstractConvexHyperplaneBoundedRegionTest::testSplit_inconsistentBoundarySplitLocations_trimmedNotNull_minus_oe
commons-geometry_749,"@Test
    void testSplit_inconsistentBoundarySplitLocations_trimmedNotNull_plus_oe() {
        // arrange
        final TestLine a = new TestLine(new TestPoint2D(1e-8, 0), new TestPoint2D(1, 1));
        final TestLine b = new TestLine(new TestPoint2D(-1, 1), new TestPoint2D(-1e-8, 0));

        final StubRegion region = new StubRegion(Arrays.asList(
                    new TestLineSegment(1e-8, Double.POSITIVE_INFINITY, a),
                    new TestLineSegment(Double.NEGATIVE_INFINITY, -1e-8, b)
                ));

        final List<TestLineSegment> segments = region.getBoundaries();
        PartitionTestUtils.assertPointsEqual(segments.get(0).getStartPoint(), segments.get(1).getEndPoint());

        final TestLine splitter = new TestLine(new TestPoint2D(0, 0), new TestPoint2D(-1, 0));

        // act
        final Split<StubRegion> split = region.split(splitter);

        // assert
        Assertions.assertEquals(SplitLocation.PLUS, split.getLocation());
        Assertions.assertNull(split.getMinus());
        Assertions.assertSame(region, split.getPlus());
    }",AbstractConvexHyperplaneBoundedRegionTest::testSplit_inconsistentBoundarySplitLocations_trimmedNotNull_plus_oe
commons-geometry_750,"@Test
    void testSplit_inconsistentBoundarySplitLocations_trimmedNotNull_neither_oe() {
        // arrange
        final TestLine a = new TestLine(new TestPoint2D(1e-8, 0), new TestPoint2D(1, 1));
        final TestLine b = new TestLine(new TestPoint2D(-1, 1), new TestPoint2D(-1e-8, 0));

        final StubRegion region = new StubRegion(Arrays.asList(
                    new TestLineSegment(0, 0, a),
                    new TestLineSegment(0, 0, b)
                ));

        final List<TestLineSegment> segments = region.getBoundaries();
        PartitionTestUtils.assertPointsEqual(segments.get(0).getStartPoint(), segments.get(1).getEndPoint());

        final TestLine splitter = new TestLine(new TestPoint2D(0, 0), new TestPoint2D(1, 0));

        // act
        final Split<StubRegion> split = region.split(splitter);

        // assert
        Assertions.assertEquals(SplitLocation.NEITHER, split.getLocation());
        Assertions.assertNull(split.getMinus());
        Assertions.assertNull(split.getPlus());
    }",AbstractConvexHyperplaneBoundedRegionTest::testSplit_inconsistentBoundarySplitLocations_trimmedNotNull_neither_oe
commons-geometry_751,"@Test
    void testTransform_full_oe() {
        // arrange
        final StubRegion region = new StubRegion(Collections.emptyList());

        final Transform<TestPoint2D> transform = new TestTransform2D(p -> new TestPoint2D(p.getX() + 1, p.getY() + 2));

        // act
        final StubRegion transformed = region.transform(transform);

        // assert
        Assertions.assertTrue(transformed.isFull());
        Assertions.assertFalse(transformed.isEmpty());
    }",AbstractConvexHyperplaneBoundedRegionTest::testTransform_full_oe
commons-geometry_752,"@Test
    void testTransform_infinite_oe() {
        // arrange
        final TestLine line = TestLine.Y_AXIS;

        final StubRegion region = new StubRegion(Collections.singletonList(line.span()));

        final Transform<TestPoint2D> transform = new TestTransform2D(p -> new TestPoint2D(p.getX() + 1, p.getY() + 2));

        // act
        final StubRegion transformed = region.transform(transform);

        // assert
        final List<TestLineSegment> boundaries = transformed.getBoundaries();

        Assertions.assertEquals(1, boundaries.size());

        final TestLineSegment a = boundaries.get(0);
        final TestLine aLine = a.getHyperplane();
        PartitionTestUtils.assertPointsEqual(aLine.getOrigin(), new TestPoint2D(1, 0));
        Assertions.assertEquals(0.0, aLine.getDirectionX(), PartitionTestUtils.EPS);
        Assertions.assertEquals(1.0, aLine.getDirectionY(), PartitionTestUtils.EPS);

        GeometryTestUtils.assertNegativeInfinity(a.getStart());
        GeometryTestUtils.assertPositiveInfinity(a.getEnd());
    }",AbstractConvexHyperplaneBoundedRegionTest::testTransform_infinite_oe
commons-geometry_753,"@Test
    void testTransform_finite_oe() {
        // arrange
        final TestPoint2D p1 = new TestPoint2D(1, 0);
        final TestPoint2D p2 = new TestPoint2D(2, 0);
        final TestPoint2D p3 = new TestPoint2D(1, 1);

        final StubRegion region = new StubRegion(Arrays.asList(
                new TestLineSegment(p1, p2),
                new TestLineSegment(p2, p3),
                new TestLineSegment(p3, p1)
            ));

        final Transform<TestPoint2D> transform = new TestTransform2D(p -> new TestPoint2D(p.getX() + 1, p.getY() + 2));

        // act
        final StubRegion transformed = region.transform(transform);

        // assert
        final List<TestLineSegment> boundaries = transformed.getBoundaries();

        Assertions.assertEquals(3, boundaries.size());

        final TestLineSegment a = boundaries.get(0);
        PartitionTestUtils.assertPointsEqual(new TestPoint2D(2, 2), a.getStartPoint());
        PartitionTestUtils.assertPointsEqual(new TestPoint2D(3, 2), a.getEndPoint());

        final TestLineSegment b = boundaries.get(1);
        PartitionTestUtils.assertPointsEqual(new TestPoint2D(3, 2), b.getStartPoint());
        PartitionTestUtils.assertPointsEqual(new TestPoint2D(2, 3), b.getEndPoint());

        final TestLineSegment c = boundaries.get(2);
        PartitionTestUtils.assertPointsEqual(new TestPoint2D(2, 3), c.getStartPoint());
        PartitionTestUtils.assertPointsEqual(new TestPoint2D(2, 2), c.getEndPoint());
    }",AbstractConvexHyperplaneBoundedRegionTest::testTransform_finite_oe
commons-geometry_754,"@Test
    void testTransform_reflection_oe() {
        // arrange
        final TestPoint2D p1 = new TestPoint2D(1, 0);
        final TestPoint2D p2 = new TestPoint2D(2, 0);
        final TestPoint2D p3 = new TestPoint2D(1, 1);

        final StubRegion region = new StubRegion(Arrays.asList(
                new TestLineSegment(p1, p2),
                new TestLineSegment(p2, p3),
                new TestLineSegment(p3, p1)
            ));

        final Transform<TestPoint2D> transform = new TestTransform2D(p -> new TestPoint2D(-p.getX(), p.getY()));

        // act
        final StubRegion transformed = region.transform(transform);

        // assert
        final List<TestLineSegment> boundaries = transformed.getBoundaries();

        Assertions.assertEquals(3, boundaries.size());

        final TestLineSegment a = boundaries.get(0);
        PartitionTestUtils.assertPointsEqual(new TestPoint2D(-2, 0), a.getStartPoint());
        PartitionTestUtils.assertPointsEqual(new TestPoint2D(-1, 0), a.getEndPoint());

        final TestLineSegment b = boundaries.get(1);
        PartitionTestUtils.assertPointsEqual(new TestPoint2D(-1, 1), b.getStartPoint());
        PartitionTestUtils.assertPointsEqual(new TestPoint2D(-2, 0), b.getEndPoint());

        final TestLineSegment c = boundaries.get(2);
        PartitionTestUtils.assertPointsEqual(new TestPoint2D(-1, 0), c.getStartPoint());
        PartitionTestUtils.assertPointsEqual(new TestPoint2D(-1, 1), c.getEndPoint());
    }",AbstractConvexHyperplaneBoundedRegionTest::testTransform_reflection_oe
commons-geometry_755,"@Test
    void testConvexRegionBoundaryBuilder_full_oe() {
        // act
        final StubRegion region = StubRegion.fromBounds(Collections.emptyList());

        // assert
        Assertions.assertSame(StubRegion.FULL, region);
    }",AbstractConvexHyperplaneBoundedRegionTest::testConvexRegionBoundaryBuilder_full_oe
commons-geometry_756,"@Test
    void testConvexRegionBoundaryBuilder_singleLine_oe() {
        // act
        final StubRegion region = StubRegion.fromBounds(Collections.singletonList(TestLine.Y_AXIS));

        // assert
        Assertions.assertEquals(1, region.getBoundaries().size());

        checkClassify(region, RegionLocation.INSIDE, new TestPoint2D(-1, 0));
        checkClassify(region, RegionLocation.BOUNDARY, new TestPoint2D(0, 0));
        checkClassify(region, RegionLocation.OUTSIDE, new TestPoint2D(1, 0));
    }",AbstractConvexHyperplaneBoundedRegionTest::testConvexRegionBoundaryBuilder_singleLine_oe
commons-geometry_757,"@Test
    void testConvexRegionBoundaryBuilder_multipleLines_oe() {
        // act
        final StubRegion region = StubRegion.fromBounds(Arrays.asList(
                    TestLine.X_AXIS,
                    new TestLine(new TestPoint2D(1, 0), new TestPoint2D(0, 1)),
                    TestLine.Y_AXIS.reverse()
                ));

        // assert
        Assertions.assertEquals(3, region.getBoundaries().size());

        checkClassify(region, RegionLocation.INSIDE, new TestPoint2D(0.25, 0.25));

        checkClassify(region, RegionLocation.BOUNDARY,
                TestPoint2D.ZERO, new TestPoint2D(1, 0), new TestPoint2D(1, 0), new TestPoint2D(0.5, 0.5));

        checkClassify(region, RegionLocation.OUTSIDE,
                new TestPoint2D(-1, 0.5), new TestPoint2D(1, 0.5),
                new TestPoint2D(0.5, 1), new TestPoint2D(0.5, -1));
    }",AbstractConvexHyperplaneBoundedRegionTest::testConvexRegionBoundaryBuilder_multipleLines_oe
commons-geometry_758,"@Test
    void testConvexRegionBoundaryBuilder_duplicateLines_oe() {
        // act
        final StubRegion region = StubRegion.fromBounds(Arrays.asList(
                TestLine.Y_AXIS,
                TestLine.Y_AXIS,
                new TestLine(new TestPoint2D(0, 0), new TestPoint2D(0, 1)),
                TestLine.Y_AXIS));

        // assert
        Assertions.assertEquals(1, region.getBoundaries().size());

        checkClassify(region, RegionLocation.INSIDE, new TestPoint2D(-1, 0));
        checkClassify(region, RegionLocation.BOUNDARY, new TestPoint2D(0, 0));
        checkClassify(region, RegionLocation.OUTSIDE, new TestPoint2D(1, 0));
    }",AbstractConvexHyperplaneBoundedRegionTest::testConvexRegionBoundaryBuilder_duplicateLines_oe
commons-geometry_759,"@Test
    void testConvexRegionBoundaryBuilder_oe() {
        // arrange
        final List<TestLine> opposites = Arrays.asList(TestLine.X_AXIS, TestLine.X_AXIS.reverse());
        final List<TestLine> nonConvex = Arrays.asList(
                TestLine.X_AXIS,
                TestLine.Y_AXIS,
                new TestLine(new TestPoint2D(1, 0), new TestPoint2D(0, -1)),
                new TestLine(new TestPoint2D(1, 0), new TestPoint2D(0, -2)));

        // act/assert
        Assertions.assertThrows(IllegalArgumentException.class, () -> StubRegion.fromBounds(opposites));
        Assertions.assertThrows(IllegalArgumentException.class, () -> StubRegion.fromBounds(nonConvex));
    }",AbstractConvexHyperplaneBoundedRegionTest::testConvexRegionBoundaryBuilder_oe
commons-geometry_760,"@Test
    void testToString_oe() {
        // arrange
        final StubRegion region = new StubRegion(Collections.emptyList());

        // act
        final String str = region.toString();

        // assert
        Assertions.assertEquals(""StubRegion[boundaries= []]"", str);
    }",AbstractConvexHyperplaneBoundedRegionTest::testToString_oe
commons-geometry_761,"@Test
    void testClassify_oe() {
        // arrange
        final TestLine line = TestLine.X_AXIS;
        final StubRegion1D region = new StubRegion1D();

        // act/assert
        Assertions.assertEquals(RegionLocation.INSIDE,HyperplaneSubsets.classifyAgainstEmbeddedRegion(new TestPoint2D(-1,0),line,region));
        Assertions.assertEquals(RegionLocation.BOUNDARY,HyperplaneSubsets.classifyAgainstEmbeddedRegion(new TestPoint2D(0,0),line,region));

        Assertions.assertEquals(RegionLocation.OUTSIDE,HyperplaneSubsets.classifyAgainstEmbeddedRegion(new TestPoint2D(0,1),line,region));
        Assertions.assertEquals(RegionLocation.OUTSIDE,HyperplaneSubsets.classifyAgainstEmbeddedRegion(new TestPoint2D(-1,1),line,region));
        Assertions.assertEquals(RegionLocation.OUTSIDE,HyperplaneSubsets.classifyAgainstEmbeddedRegion(new TestPoint2D(-1,-1),line,region));
    }",HyperplaneSubsetsTest::testClassify_oe
commons-geometry_762,"@Test
    void testClosest_oe() {
        // arrange
        final TestLine line = TestLine.X_AXIS;
        final StubRegion1D region = new StubRegion1D();
        final StubRegion1D emptyRegion = new StubRegion1D(true);

        // act/assert
        PartitionTestUtils.assertPointsEqual(new TestPoint2D(-1, 0),
                HyperplaneSubsets.closestToEmbeddedRegion(new TestPoint2D(-1, 0), line, region));

        PartitionTestUtils.assertPointsEqual(new TestPoint2D(0, 0),
                HyperplaneSubsets.closestToEmbeddedRegion(new TestPoint2D(0, 0), line, region));
        PartitionTestUtils.assertPointsEqual(new TestPoint2D(0, 0),
                HyperplaneSubsets.closestToEmbeddedRegion(new TestPoint2D(1, 0), line, region));
        PartitionTestUtils.assertPointsEqual(new TestPoint2D(0, 0),
                HyperplaneSubsets.closestToEmbeddedRegion(new TestPoint2D(1, 1), line, region));
        PartitionTestUtils.assertPointsEqual(new TestPoint2D(0, 0),
                HyperplaneSubsets.closestToEmbeddedRegion(new TestPoint2D(1, -1), line, region));

        PartitionTestUtils.assertPointsEqual(new TestPoint2D(-1, 0),
                HyperplaneSubsets.closestToEmbeddedRegion(new TestPoint2D(-1, 1), line, region));
        PartitionTestUtils.assertPointsEqual(new TestPoint2D(-1, 0),
                HyperplaneSubsets.closestToEmbeddedRegion(new TestPoint2D(-1, -1), line, region));

        Assertions.assertNull(HyperplaneSubsets.closestToEmbeddedRegion(TestPoint2D.ZERO, line, emptyRegion));
    }",HyperplaneSubsetsTest::testClosest_oe
commons-geometry_763,"@Test
    void testMessage_oe() {
        // act
        final GeometryInternalError err = new GeometryInternalError();

        // assert
        final String msg = ""An internal geometry error occurred. This most often indicates an "" +
                ""error in the algorithm implementation than in the calling code or data. Please file a bug report "" +
                ""with the developers."";

        Assertions.assertEquals(msg, err.getMessage());
    }",GeometryInternalErrorTest::testMessage_oe
commons-geometry_764,"@Test
    void testIteration_oe() {
        // arrange
        final List<Integer> input = Arrays.asList(1, 2, 3, 4, 12, 13);

        // act
        final List<String> result = toList(new EvenCharIterator(input.iterator()));

        // assert
        Assertions.assertEquals(Arrays.asList(""2"", ""4"", ""1"", ""2""), result);
    }",IteratorTransformTest::testIteration_oe
commons-geometry_765,"@Test
    void testThrowsNoSuchElement_oe() {
        // arrange
        final List<Integer> input = Collections.emptyList();
        final EvenCharIterator it = new EvenCharIterator(input.iterator());

        // act/assert
        Assertions.assertFalse(it.hasNext());
        Assertions.assertThrows(NoSuchElementException.class, it::next);
    }",IteratorTransformTest::testThrowsNoSuchElement_oe
commons-geometry_766,"@Test
    void testConstructor_oe() {
        // act
        final SimpleTupleFormat formatter = new SimpleTupleFormat(""|"", ""{"", ""}"");

        // assert
        Assertions.assertEquals(""|"", formatter.getSeparator());
        Assertions.assertEquals(""{"", formatter.getPrefix());
        Assertions.assertEquals(""}"", formatter.getSuffix());
    }",SimpleTupleFormatTest::testConstructor_oe
commons-geometry_767,"@Test
    void testConstructor_defaultSeparator_oe() {
        // act
        final SimpleTupleFormat formatter = new SimpleTupleFormat(""{"", ""}"");

        // assert
        Assertions.assertEquals("","", formatter.getSeparator());
        Assertions.assertEquals(""{"", formatter.getPrefix());
        Assertions.assertEquals(""}"", formatter.getSuffix());
    }",SimpleTupleFormatTest::testConstructor_defaultSeparator_oe
commons-geometry_768,"@Test
    void testFormat1D_oe() {
        // arrange
        final SimpleTupleFormat formatter = new SimpleTupleFormat(OPEN_PAREN, CLOSE_PAREN);

        // act/assert
        Assertions.assertEquals(""(1.0)"", formatter.format(1.0));
        Assertions.assertEquals(""(-1.0)"", formatter.format(-1.0));
        Assertions.assertEquals(""(NaN)"", formatter.format(Double.NaN));
        Assertions.assertEquals(""(-Infinity)"", formatter.format(Double.NEGATIVE_INFINITY));
        Assertions.assertEquals(""(Infinity)"", formatter.format(Double.POSITIVE_INFINITY));
    }",SimpleTupleFormatTest::testFormat1D_oe
commons-geometry_769,"@Test
    void testFormat1D_noPrefixSuffix_oe() {
        // arrange
        final SimpleTupleFormat formatter = new SimpleTupleFormat(null, null);

        // act/assert
        Assertions.assertEquals(""1.0"", formatter.format(1.0));
        Assertions.assertEquals(""-1.0"", formatter.format(-1.0));
        Assertions.assertEquals(""NaN"", formatter.format(Double.NaN));
        Assertions.assertEquals(""-Infinity"", formatter.format(Double.NEGATIVE_INFINITY));
        Assertions.assertEquals(""Infinity"", formatter.format(Double.POSITIVE_INFINITY));
    }",SimpleTupleFormatTest::testFormat1D_noPrefixSuffix_oe
commons-geometry_770,"@Test
    void testFormat2D_oe() {
        // arrange
        final SimpleTupleFormat formatter = new SimpleTupleFormat(OPEN_PAREN, CLOSE_PAREN);

        // act/assert
        Assertions.assertEquals(""(1.0, -1.0)"", formatter.format(1.0, -1.0));
        Assertions.assertEquals(""(-1.0, 1.0)"", formatter.format(-1.0, 1.0));
        Assertions.assertEquals(""(NaN, -Infinity)"", formatter.format(Double.NaN, Double.NEGATIVE_INFINITY));
        Assertions.assertEquals(""(-Infinity, Infinity)"", formatter.format(Double.NEGATIVE_INFINITY, Double.POSITIVE_INFINITY));
    }",SimpleTupleFormatTest::testFormat2D_oe
commons-geometry_771,"@Test
    void testFormat2D_noPrefixSuffix_oe() {
        // arrange
        final SimpleTupleFormat formatter = new SimpleTupleFormat(null, null);

        // act/assert
        Assertions.assertEquals(""1.0, -1.0"", formatter.format(1.0, -1.0));
        Assertions.assertEquals(""-1.0, 1.0"", formatter.format(-1.0, 1.0));
        Assertions.assertEquals(""NaN, -Infinity"", formatter.format(Double.NaN, Double.NEGATIVE_INFINITY));
        Assertions.assertEquals(""-Infinity, Infinity"", formatter.format(Double.NEGATIVE_INFINITY, Double.POSITIVE_INFINITY));
    }",SimpleTupleFormatTest::testFormat2D_noPrefixSuffix_oe
commons-geometry_772,"@Test
    void testFormat3D_oe() {
        // arrange
        final SimpleTupleFormat formatter = new SimpleTupleFormat(OPEN_PAREN, CLOSE_PAREN);

        // act/assert
        Assertions.assertEquals(""(1.0, 0.0, -1.0)"", formatter.format(1.0, 0.0, -1.0));
        Assertions.assertEquals(""(-1.0, 1.0, 0.0)"", formatter.format(-1.0, 1.0, 0.0));
        Assertions.assertEquals(""(NaN, -Infinity, Infinity)"", formatter.format(Double.NaN, Double.NEGATIVE_INFINITY, Double.POSITIVE_INFINITY));
    }",SimpleTupleFormatTest::testFormat3D_oe
commons-geometry_773,"@Test
    void testFormat3D_noPrefixSuffix_oe() {
        // arrange
        final SimpleTupleFormat formatter = new SimpleTupleFormat(null, null);

        // act/assert
        Assertions.assertEquals(""1.0, 0.0, -1.0"", formatter.format(1.0, 0.0, -1.0));
        Assertions.assertEquals(""-1.0, 1.0, 0.0"", formatter.format(-1.0, 1.0, 0.0));
        Assertions.assertEquals(""NaN, -Infinity, Infinity"", formatter.format(Double.NaN, Double.NEGATIVE_INFINITY, Double.POSITIVE_INFINITY));
    }",SimpleTupleFormatTest::testFormat3D_noPrefixSuffix_oe
commons-geometry_774,"@Test
    void testFormat4D_oe() {
        // arrange
        final SimpleTupleFormat formatter = new SimpleTupleFormat(OPEN_PAREN, CLOSE_PAREN);

        // act/assert
        Assertions.assertEquals(""(1.0, 0.0, -1.0, 2.0)"", formatter.format(1.0, 0.0, -1.0, 2.0));
        Assertions.assertEquals(""(-1.0, 1.0, 0.0, 2.0)"", formatter.format(-1.0, 1.0, 0.0, 2.0));
        Assertions.assertEquals(""(NaN, -Infinity, Infinity, NaN)"", formatter.format(Double.NaN, Double.NEGATIVE_INFINITY, Double.POSITIVE_INFINITY, Double.NaN));
    }",SimpleTupleFormatTest::testFormat4D_oe
commons-geometry_775,"@Test
    void testFormat4D_noPrefixSuffix_oe() {
        // arrange
        final SimpleTupleFormat formatter = new SimpleTupleFormat(null, null);

        // act/assert
        Assertions.assertEquals(""1.0, 0.0, -1.0, 2.0"", formatter.format(1.0, 0.0, -1.0, 2.0));
        Assertions.assertEquals(""-1.0, 1.0, 0.0, 2.0"", formatter.format(-1.0, 1.0, 0.0, 2.0));
        Assertions.assertEquals(""NaN, -Infinity, Infinity, NaN"", formatter.format(Double.NaN, Double.NEGATIVE_INFINITY, Double.POSITIVE_INFINITY, Double.NaN));
    }",SimpleTupleFormatTest::testFormat4D_noPrefixSuffix_oe
commons-geometry_776,"@Test
    void testFormat_longTokens_oe() {
        // arrange
        final SimpleTupleFormat formatter = new SimpleTupleFormat(""||"", ""<<"", "">>"");

        // act/assert
        Assertions.assertEquals(""<<1.0>>"", formatter.format(1.0));
        Assertions.assertEquals(""<<1.0|| 2.0>>"", formatter.format(1.0, 2.0));
        Assertions.assertEquals(""<<1.0|| 2.0|| 3.0>>"", formatter.format(1.0, 2.0, 3.0));
    }",SimpleTupleFormatTest::testFormat_longTokens_oe
commons-geometry_777,"@Test
    void testDefaultInstance_oe() {
        // act
        final SimpleTupleFormat formatter = SimpleTupleFormat.getDefault();

        // assert
        Assertions.assertEquals("","", formatter.getSeparator());
        Assertions.assertEquals(""("", formatter.getPrefix());
        Assertions.assertEquals("")"", formatter.getSuffix());

        Assertions.assertEquals(""(1.0, 2.0)"", formatter.format(1, 2));
    }",SimpleTupleFormatTest::testDefaultInstance_oe
commons-geometry_778,"@Test
    void testDefaultConstructor_oe() {
        // assert
        Assertions.assertNotNull(root);
        Assertions.assertNull(root.getParent());

        PartitionTestUtils.assertIsLeafNode(root);
        Assertions.assertFalse(root.isPlus());
        Assertions.assertFalse(root.isMinus());

        Assertions.assertSame(tree, root.getTree());

        Assertions.assertEquals(RegionLocation.INSIDE, root.getLocation());
    }",AbstractRegionBSPTreeTest::testDefaultConstructor_oe
commons-geometry_779,"@Test
    void testParameterizedConstructor_true_oe() {
        // act
        tree = new TestRegionBSPTree(true);
        root = tree.getRoot();

        // assert
        Assertions.assertNotNull(root);
        Assertions.assertNull(root.getParent());

        PartitionTestUtils.assertIsLeafNode(root);
        Assertions.assertFalse(root.isPlus());
        Assertions.assertFalse(root.isMinus());

        Assertions.assertSame(tree, root.getTree());

        Assertions.assertEquals(RegionLocation.INSIDE, root.getLocation());
    }",AbstractRegionBSPTreeTest::testParameterizedConstructor_true_oe
commons-geometry_780,"@Test
    void testParameterizedConstructor_false_oe() {
        // act
        tree = new TestRegionBSPTree(false);
        root = tree.getRoot();

        // assert
        Assertions.assertNotNull(root);
        Assertions.assertNull(root.getParent());

        PartitionTestUtils.assertIsLeafNode(root);
        Assertions.assertFalse(root.isPlus());
        Assertions.assertFalse(root.isMinus());

        Assertions.assertSame(tree, root.getTree());

        Assertions.assertEquals(RegionLocation.OUTSIDE, root.getLocation());
    }",AbstractRegionBSPTreeTest::testParameterizedConstructor_false_oe
commons-geometry_781,"@Test
    void testGetLocation_emptyRoot_oe() {
        // act/assert
        Assertions.assertEquals(RegionLocation.INSIDE, root.getLocation());
    }",AbstractRegionBSPTreeTest::testGetLocation_emptyRoot_oe
commons-geometry_782,"@Test
    void testGetLocation_singleCut_oe() {
        // arrange
        root.insertCut(TestLine.X_AXIS);

        // act/assert
        Assertions.assertEquals(RegionLocation.INSIDE, root.getLocation());
        Assertions.assertFalse(root.isInside());
        Assertions.assertFalse(root.isOutside());

        final TestRegionNode minus = root.getMinus();
        Assertions.assertEquals(RegionLocation.INSIDE, minus.getLocation());
        Assertions.assertTrue(minus.isInside());
        Assertions.assertFalse(minus.isOutside());

        final TestRegionNode plus = root.getPlus();
        Assertions.assertEquals(RegionLocation.OUTSIDE, plus.getLocation());
        Assertions.assertFalse(plus.isInside());
        Assertions.assertTrue(plus.isOutside());
    }",AbstractRegionBSPTreeTest::testGetLocation_singleCut_oe
commons-geometry_783,"@Test
    void testGetLocation_multipleCuts_oe() {
        // arrange
        tree.insert(Arrays.asList(
                new TestLineSegment(TestPoint2D.ZERO, new TestPoint2D(1, 0)),
                new TestLineSegment(TestPoint2D.ZERO, new TestPoint2D(0, 1)),
                new TestLineSegment(TestPoint2D.ZERO, new TestPoint2D(0, -1))));

        // act/assert
        Assertions.assertEquals(RegionLocation.INSIDE, root.getLocation());

        final TestRegionNode plus = root.getPlus();
        Assertions.assertEquals(RegionLocation.OUTSIDE, plus.getLocation());

        final TestRegionNode plusPlus = plus.getPlus();
        Assertions.assertEquals(RegionLocation.OUTSIDE, plusPlus.getLocation());

        final TestRegionNode plusMinus = plus.getMinus();
        Assertions.assertEquals(RegionLocation.INSIDE, plusMinus.getLocation());

        final TestRegionNode minus = root.getMinus();
        Assertions.assertEquals(RegionLocation.INSIDE, minus.getLocation());

        final TestRegionNode minusPlus = minus.getPlus();
        Assertions.assertEquals(RegionLocation.OUTSIDE, minusPlus.getLocation());

        final TestRegionNode minusMinus = minus.getMinus();
        Assertions.assertEquals(RegionLocation.INSIDE, minusMinus.getLocation());
    }",AbstractRegionBSPTreeTest::testGetLocation_multipleCuts_oe
commons-geometry_784,"@Test
    void testSetLocation_oe() {
        // arrange
        tree = emptyTree();
        tree.insert(TestLine.Y_AXIS.span());

        final TestRegionNode node = tree.getRoot().getMinus();

        // act
        node.setLocation(RegionLocation.OUTSIDE);

        // assert
        Assertions.assertEquals(RegionLocation.OUTSIDE, node.getLocation());
        Assertions.assertTrue(tree.isEmpty());
    }",AbstractRegionBSPTreeTest::testSetLocation_oe
commons-geometry_785,"@Test
    void testSetLocation_invalidatesRegionProperties_oe() {
        // arrange
        tree = emptyTree();
        tree.insert(TestLine.Y_AXIS.span());

        final TestRegionNode node = tree.getRoot().getMinus();

        final RegionSizeProperties<TestPoint2D> prevProps = tree.getRegionSizeProperties();

        // act
        node.setLocation(RegionLocation.OUTSIDE);

        // assert
        Assertions.assertNotSame(prevProps, tree.getRegionSizeProperties());
    }",AbstractRegionBSPTreeTest::testSetLocation_invalidatesRegionProperties_oe
commons-geometry_786,"@Test
    void testSetLocation_noChange_doesNotInvalidateTree_oe() {
        // arrange
        tree = emptyTree();
        tree.insert(TestLine.Y_AXIS.span());

        final TestRegionNode node = tree.getRoot().getMinus();

        final RegionSizeProperties<TestPoint2D> prevProps = tree.getRegionSizeProperties();

        // act
        node.setLocation(RegionLocation.INSIDE);

        // assert
        Assertions.assertSame(prevProps, tree.getRegionSizeProperties());
    }",AbstractRegionBSPTreeTest::testSetLocation_noChange_doesNotInvalidateTree_oe
commons-geometry_787,"@Test
    void testSetLocation_invalidArgs_oe() {
        // act/assert
        GeometryTestUtils.assertThrowsWithMessage(() -> root.setLocation(null),
                IllegalArgumentException.class, ""Invalid node location: null"");
        GeometryTestUtils.assertThrowsWithMessage(() -> root.setLocation(RegionLocation.BOUNDARY),
                IllegalArgumentException.class, ""Invalid node location: BOUNDARY"");
    }",AbstractRegionBSPTreeTest::testSetLocation_invalidArgs_oe
commons-geometry_788,"@Test
    void testCondense_oe() {
        // arrange
        tree = emptyTree();
        tree.insert(TestLine.Y_AXIS.span(), RegionCutRule.MINUS_INSIDE);
        tree.insert(TestLine.X_AXIS.span(), RegionCutRule.INHERIT);

        // act
        final boolean result = tree.condense();

        // assert
        Assertions.assertTrue(result);

        Assertions.assertEquals(3, tree.count());
        Assertions.assertEquals(RegionLocation.OUTSIDE, tree.getRoot().getLocation());
        Assertions.assertEquals(RegionLocation.INSIDE, tree.getRoot().getMinus().getLocation());
        Assertions.assertEquals(RegionLocation.OUTSIDE, tree.getRoot().getPlus().getLocation());
    }",AbstractRegionBSPTreeTest::testCondense_oe
commons-geometry_789,"@Test
    void testCondense_alreadyCondensed_oe() {
        // arrange
        tree = emptyTree();
        tree.insert(TestLine.Y_AXIS.span(), RegionCutRule.MINUS_INSIDE);

        // act
        final boolean result = tree.condense();

        // assert
        Assertions.assertFalse(result);

        Assertions.assertEquals(3, tree.count());
        Assertions.assertEquals(RegionLocation.OUTSIDE, tree.getRoot().getLocation());
        Assertions.assertEquals(RegionLocation.INSIDE, tree.getRoot().getMinus().getLocation());
        Assertions.assertEquals(RegionLocation.OUTSIDE, tree.getRoot().getPlus().getLocation());
    }",AbstractRegionBSPTreeTest::testCondense_alreadyCondensed_oe
commons-geometry_790,"@Test
    void testCondense_invalidatesTreeWhenChanged_oe() {
        // arrange
        tree = emptyTree();
        tree.insert(TestLine.Y_AXIS.span(), RegionCutRule.MINUS_INSIDE);
        tree.insert(TestLine.X_AXIS.span(), RegionCutRule.INHERIT);

        final RegionSizeProperties<TestPoint2D> prevProps = tree.getRegionSizeProperties();

        // act
        final boolean result = tree.condense();

        // assert
        Assertions.assertTrue(result);

        Assertions.assertNotSame(prevProps, tree.getRegionSizeProperties());
    }",AbstractRegionBSPTreeTest::testCondense_invalidatesTreeWhenChanged_oe
commons-geometry_791,"@Test
    void testCondense_doesNotInvalidateTreeWhenNotChanged_oe() {
        // arrange
        tree = emptyTree();

        final RegionSizeProperties<TestPoint2D> prevProps = tree.getRegionSizeProperties();

        // act
        final boolean result = tree.condense();

        // assert
        Assertions.assertFalse(result);

        Assertions.assertSame(prevProps, tree.getRegionSizeProperties());
    }",AbstractRegionBSPTreeTest::testCondense_doesNotInvalidateTreeWhenNotChanged_oe
commons-geometry_792,"@Test
    void testCut_nodeMethod_oe() {
        // arrange
        tree = emptyTree();

        // act
        tree.getRoot().cut(TestLine.X_AXIS, RegionCutRule.PLUS_INSIDE)
            .getPlus()
                .cut(TestLine.Y_AXIS, RegionCutRule.MINUS_INSIDE)
                .getMinus()
                    .cut(new TestLine(TestPoint2D.ZERO, new TestPoint2D(-1, -1)), RegionCutRule.INHERIT);

        // assert
        TestRegionNode node = tree.getRoot();
        Assertions.assertEquals(RegionLocation.OUTSIDE, node.getLocation());

        Assertions.assertEquals(RegionLocation.OUTSIDE, node.getMinus().getLocation());
        Assertions.assertEquals(RegionLocation.INSIDE, node.getPlus().getLocation());

        node = node.getPlus();
        Assertions.assertEquals(RegionLocation.INSIDE, node.getMinus().getLocation());
        Assertions.assertEquals(RegionLocation.OUTSIDE, node.getPlus().getLocation());

        node = node.getMinus();
        Assertions.assertEquals(RegionLocation.INSIDE, node.getMinus().getLocation());
        Assertions.assertEquals(RegionLocation.INSIDE, node.getPlus().getLocation());
    }",AbstractRegionBSPTreeTest::testCut_nodeMethod_oe
commons-geometry_793,"@Test
    void testBoundaries_fullAndEmpty_oe() {
        // act/assert
        tree.setFull();
        Assertions.assertFalse(tree.boundaries().iterator().hasNext());

        tree.setEmpty();
        Assertions.assertFalse(tree.boundaries().iterator().hasNext());
    }",AbstractRegionBSPTreeTest::testBoundaries_fullAndEmpty_oe
commons-geometry_794,"@Test
    void testBoundaries_finite_oe() {
        // arrange
        insertBox(tree, new TestPoint2D(0, 1), new TestPoint2D(1, 0));

        // act
        final List<TestLineSegment> segments = new ArrayList<>();
        for (final HyperplaneConvexSubset<TestPoint2D> sub : tree.boundaries()) {
            segments.add((TestLineSegment) sub);
        }

        // assert
        Assertions.assertEquals(4, segments.size());

        assertContainsSegment(segments, new TestPoint2D(0, 0), new TestPoint2D(1, 0));
        assertContainsSegment(segments, new TestPoint2D(1, 0), new TestPoint2D(1, 1));
        assertContainsSegment(segments, new TestPoint2D(1, 1), new TestPoint2D(0, 1));
        assertContainsSegment(segments, new TestPoint2D(0, 1), new TestPoint2D(0, 0));
    }",AbstractRegionBSPTreeTest::testBoundaries_finite_oe
commons-geometry_795,"@Test
    void testBoundaries_finite_inverted_oe() {
        // arrange
        insertBox(tree, new TestPoint2D(0, 1), new TestPoint2D(1, 0));
        tree.complement();

        // act
        final List<TestLineSegment> segments = new ArrayList<>();
        for (final HyperplaneConvexSubset<TestPoint2D> sub : tree.boundaries()) {
            segments.add((TestLineSegment) sub);
        }

        // assert
        Assertions.assertEquals(4, segments.size());

        assertContainsSegment(segments, new TestPoint2D(0, 0), new TestPoint2D(0, 1));
        assertContainsSegment(segments, new TestPoint2D(0, 1), new TestPoint2D(1, 1));
        assertContainsSegment(segments, new TestPoint2D(1, 1), new TestPoint2D(1, 0));
        assertContainsSegment(segments, new TestPoint2D(1, 0), new TestPoint2D(0, 0));
    }",AbstractRegionBSPTreeTest::testBoundaries_finite_inverted_oe
commons-geometry_796,"@Test
    void testGetBoundaries_fullAndEmpty_oe() {
        // act/assert
        tree.setFull();
        Assertions.assertEquals(0, tree.getBoundaries().size());

        tree.setEmpty();
        Assertions.assertEquals(0, tree.getBoundaries().size());
    }",AbstractRegionBSPTreeTest::testGetBoundaries_fullAndEmpty_oe
commons-geometry_797,"@Test
    void testGetBoundaries_finite_oe() {
        // arrange
        insertBox(tree, new TestPoint2D(0, 1), new TestPoint2D(1, 0));

        // act
        final List<TestLineSegment> segments = new ArrayList<>();
        for (final HyperplaneConvexSubset<TestPoint2D> sub : tree.getBoundaries()) {
            segments.add((TestLineSegment) sub);
        }

        // assert
        Assertions.assertEquals(4, segments.size());

        assertContainsSegment(segments, new TestPoint2D(0, 0), new TestPoint2D(1, 0));
        assertContainsSegment(segments, new TestPoint2D(1, 0), new TestPoint2D(1, 1));
        assertContainsSegment(segments, new TestPoint2D(1, 1), new TestPoint2D(0, 1));
        assertContainsSegment(segments, new TestPoint2D(0, 1), new TestPoint2D(0, 0));
    }",AbstractRegionBSPTreeTest::testGetBoundaries_finite_oe
commons-geometry_798,"@Test
    void testGetBoundaries_finite_inverted_oe() {
        // arrange
        insertBox(tree, new TestPoint2D(0, 1), new TestPoint2D(1, 0));
        tree.complement();

        // act
        final List<TestLineSegment> segments = new ArrayList<>();
        for (final HyperplaneConvexSubset<TestPoint2D> sub : tree.getBoundaries()) {
            segments.add((TestLineSegment) sub);
        }

        // assert
        Assertions.assertEquals(4, segments.size());

        assertContainsSegment(segments, new TestPoint2D(0, 0), new TestPoint2D(0, 1));
        assertContainsSegment(segments, new TestPoint2D(0, 1), new TestPoint2D(1, 1));
        assertContainsSegment(segments, new TestPoint2D(1, 1), new TestPoint2D(1, 0));
        assertContainsSegment(segments, new TestPoint2D(1, 0), new TestPoint2D(0, 0));
    }",AbstractRegionBSPTreeTest::testGetBoundaries_finite_inverted_oe
commons-geometry_799,"@Test
    void testClassify_oe() {
        // arrange
        insertSkewedBowtie(tree);

        // act/assert
        Assertions.assertEquals(RegionLocation.INSIDE, tree.classify(new TestPoint2D(3, 1)));
        Assertions.assertEquals(RegionLocation.INSIDE, tree.classify(new TestPoint2D(-3, -1)));

        Assertions.assertEquals(RegionLocation.OUTSIDE, tree.classify(new TestPoint2D(-3, 1)));
        Assertions.assertEquals(RegionLocation.OUTSIDE, tree.classify(new TestPoint2D(3, -1)));

        Assertions.assertEquals(RegionLocation.BOUNDARY, tree.classify(new TestPoint2D(4, 5)));
        Assertions.assertEquals(RegionLocation.BOUNDARY, tree.classify(new TestPoint2D(-4, -5)));

        Assertions.assertEquals(RegionLocation.OUTSIDE, tree.classify(new TestPoint2D(5, 0)));
        Assertions.assertEquals(RegionLocation.BOUNDARY, tree.classify(new TestPoint2D(4, 0)));
        Assertions.assertEquals(RegionLocation.BOUNDARY, tree.classify(new TestPoint2D(3, 0)));
        Assertions.assertEquals(RegionLocation.BOUNDARY, tree.classify(new TestPoint2D(2, 0)));
        Assertions.assertEquals(RegionLocation.BOUNDARY, tree.classify(new TestPoint2D(1, 0)));
        Assertions.assertEquals(RegionLocation.INSIDE, tree.classify(new TestPoint2D(0, 0)));
        Assertions.assertEquals(RegionLocation.BOUNDARY, tree.classify(new TestPoint2D(-1, 0)));
        Assertions.assertEquals(RegionLocation.BOUNDARY, tree.classify(new TestPoint2D(-2, 0)));
        Assertions.assertEquals(RegionLocation.BOUNDARY, tree.classify(new TestPoint2D(-3, 0)));
        Assertions.assertEquals(RegionLocation.BOUNDARY, tree.classify(new TestPoint2D(-4, 0)));
        Assertions.assertEquals(RegionLocation.OUTSIDE, tree.classify(new TestPoint2D(-5, 0)));
    }",AbstractRegionBSPTreeTest::testClassify_oe
commons-geometry_800,"@Test
    void testClassify_emptyTree_oe() {
        // act/assert
        Assertions.assertEquals(RegionLocation.INSIDE, tree.classify(TestPoint2D.ZERO));
    }",AbstractRegionBSPTreeTest::testClassify_emptyTree_oe
commons-geometry_801,"@Test
    void testClassify_NaN_oe() {
        // act/assert
        Assertions.assertEquals(RegionLocation.OUTSIDE, tree.classify(new TestPoint2D(0, Double.NaN)));
    }",AbstractRegionBSPTreeTest::testClassify_NaN_oe
commons-geometry_802,"@Test
    void testContains_oe() {
        // arrange
        insertSkewedBowtie(tree);

        // act/assert
        Assertions.assertTrue(tree.contains(new TestPoint2D(3, 1)));
        Assertions.assertTrue(tree.contains(new TestPoint2D(-3, -1)));

        Assertions.assertFalse(tree.contains(new TestPoint2D(-3, 1)));
        Assertions.assertFalse(tree.contains(new TestPoint2D(3, -1)));

        Assertions.assertTrue(tree.contains(new TestPoint2D(4, 5)));
        Assertions.assertTrue(tree.contains(new TestPoint2D(-4, -5)));

        Assertions.assertFalse(tree.contains(new TestPoint2D(5, 0)));

        Assertions.assertTrue(tree.contains(new TestPoint2D(4, 0)));
        Assertions.assertTrue(tree.contains(new TestPoint2D(3, 0)));
        Assertions.assertTrue(tree.contains(new TestPoint2D(2, 0)));
        Assertions.assertTrue(tree.contains(new TestPoint2D(1, 0)));
        Assertions.assertTrue(tree.contains(new TestPoint2D(0, 0)));
        Assertions.assertTrue(tree.contains(new TestPoint2D(-1, 0)));
        Assertions.assertTrue(tree.contains(new TestPoint2D(-2, 0)));
        Assertions.assertTrue(tree.contains(new TestPoint2D(-3, 0)));
        Assertions.assertTrue(tree.contains(new TestPoint2D(-4, 0)));

        Assertions.assertFalse(tree.contains(new TestPoint2D(-5, 0)));
    }",AbstractRegionBSPTreeTest::testContains_oe
commons-geometry_803,"@Test
    void testSetFull_oe() {
        // arrange
        insertSkewedBowtie(tree);

        // act
        tree.setFull();

        // assert
        Assertions.assertTrue(tree.isFull());
        Assertions.assertFalse(tree.isEmpty());

        Assertions.assertEquals(RegionLocation.INSIDE, tree.classify(TestPoint2D.ZERO));
        Assertions.assertTrue(tree.contains(TestPoint2D.ZERO));
    }",AbstractRegionBSPTreeTest::testSetFull_oe
commons-geometry_804,"@Test
    void testSetEmpty_oe() {
        // arrange
        insertSkewedBowtie(tree);

        // act
        tree.setEmpty();

        // assert
        Assertions.assertFalse(tree.isFull());
        Assertions.assertTrue(tree.isEmpty());

        Assertions.assertEquals(RegionLocation.OUTSIDE, tree.classify(TestPoint2D.ZERO));
        Assertions.assertFalse(tree.contains(TestPoint2D.ZERO));
    }",AbstractRegionBSPTreeTest::testSetEmpty_oe
commons-geometry_805,"@Test
    void testGetRegionSizeProperties_cachesValueBasedOnVersion_oe() {
        // act
        final RegionSizeProperties<TestPoint2D> first = tree.getRegionSizeProperties();
        final RegionSizeProperties<TestPoint2D> second = tree.getRegionSizeProperties();
        tree.getRoot().cut(TestLine.X_AXIS);
        final RegionSizeProperties<TestPoint2D> third = tree.getRegionSizeProperties();

        // assert
        Assertions.assertSame(first, second);
        Assertions.assertNotSame(second, third);

        Assertions.assertEquals(1234, first.getSize(), PartitionTestUtils.EPS);
        PartitionTestUtils.assertPointsEqual(new TestPoint2D(12, 34), first.getCentroid());
    }",AbstractRegionBSPTreeTest::testGetRegionSizeProperties_cachesValueBasedOnVersion_oe
commons-geometry_806,"@Test
    void testGetSize_oe() {
        // act/assert
        // make sure our stub value is pulled
        Assertions.assertEquals(1234, tree.getSize(), PartitionTestUtils.EPS);
    }",AbstractRegionBSPTreeTest::testGetSize_oe
commons-geometry_807,"@Test
    void testGetCentroid_oe() {
        // act/assert
        // make sure our stub value is pulled
        PartitionTestUtils.assertPointsEqual(new TestPoint2D(12, 34), tree.getCentroid());
    }",AbstractRegionBSPTreeTest::testGetCentroid_oe
commons-geometry_808,"@Test
    void testGetBoundarySize_fullAndEmpty_oe() {
        // act/assert
        Assertions.assertEquals(0.0, fullTree().getBoundarySize(), PartitionTestUtils.EPS);
        Assertions.assertEquals(0.0, emptyTree().getBoundarySize(), PartitionTestUtils.EPS);
    }",AbstractRegionBSPTreeTest::testGetBoundarySize_fullAndEmpty_oe
commons-geometry_809,"@Test
    void testGetBoundarySize_infinite_oe() {
        // arrange
        final TestRegionBSPTree halfPos = new TestRegionBSPTree(true);
        halfPos.getRoot().cut(TestLine.X_AXIS);

        final TestRegionBSPTree halfPosComplement = new TestRegionBSPTree(true);
        halfPosComplement.complement(halfPos);

        // act/assert
        Assertions.assertEquals(Double.POSITIVE_INFINITY, halfPos.getBoundarySize(), PartitionTestUtils.EPS);
        Assertions.assertEquals(Double.POSITIVE_INFINITY, halfPosComplement.getBoundarySize(), PartitionTestUtils.EPS);
    }",AbstractRegionBSPTreeTest::testGetBoundarySize_infinite_oe
commons-geometry_810,"@Test
    void testGetBoundarySize_alignedCuts_oe() {
        // arrange
        final TestPoint2D p0 = TestPoint2D.ZERO;
        final TestPoint2D p1 = new TestPoint2D(0, 3);

        TestRegionNode node = tree.getRoot();

        tree.cutNode(node, new TestLineSegment(p0, p1));
        node = node.getMinus();

        tree.cutNode(node, new TestLineSegment(0, 0, new TestLine(p1, new TestPoint2D(-1, 3))));
        node = node.getMinus();

        tree.cutNode(node, new TestLineSegment(p1, p0));
        node = node.getMinus();

        tree.cutNode(node, new TestLineSegment(0, 0, new TestLine(p0, new TestPoint2D(1, 3))));

        // act/assert
        Assertions.assertEquals(6, tree.getBoundarySize(), PartitionTestUtils.EPS);
    }",AbstractRegionBSPTreeTest::testGetBoundarySize_alignedCuts_oe
commons-geometry_811,"@Test
    void testGetBoundarySize_box_oe() {
        // arrange
        insertBox(tree, new TestPoint2D(2, 2), new TestPoint2D(4, 1));

        // act/assert
        Assertions.assertEquals(6.0, tree.getBoundarySize(), PartitionTestUtils.EPS);
    }",AbstractRegionBSPTreeTest::testGetBoundarySize_box_oe
commons-geometry_812,"@Test
    void testGetBoundarySize_boxComplement_oe() {
        // arrange
        insertBox(tree, new TestPoint2D(2, 2), new TestPoint2D(4, 1));
        tree.complement();

        // act/assert
        Assertions.assertEquals(6.0, tree.getBoundarySize(), PartitionTestUtils.EPS);
    }",AbstractRegionBSPTreeTest::testGetBoundarySize_boxComplement_oe
commons-geometry_813,"@Test
    void testGetBoundarySize_recomputesAfterChange_oe() {
        // arrange
        insertBox(tree, new TestPoint2D(2, 2), new TestPoint2D(4, 1));

        // act
        final double first = tree.getBoundarySize();
        tree.insert(new TestLineSegment(new TestPoint2D(3, 1), new TestPoint2D(3, 2)));

        final double second = tree.getBoundarySize();
        final double third = tree.getBoundarySize();

        // assert
        Assertions.assertEquals(6.0, first, PartitionTestUtils.EPS);
        Assertions.assertEquals(4.0, second, PartitionTestUtils.EPS);
        Assertions.assertEquals(4.0, third, PartitionTestUtils.EPS);
    }",AbstractRegionBSPTreeTest::testGetBoundarySize_recomputesAfterChange_oe
commons-geometry_814,"@Test
    void testGetCutBoundary_emptyTree_oe() {
        // act
        final RegionCutBoundary<TestPoint2D> boundary = root.getCutBoundary();

        // assert
        Assertions.assertNull(boundary);
    }",AbstractRegionBSPTreeTest::testGetCutBoundary_emptyTree_oe
commons-geometry_815,"@Test
    void testGetCutBoundary_singleCut_oe() {
        // arrange
        tree.insert(new TestLineSegment(new TestPoint2D(0, 0), new TestPoint2D(1, 0)));

        // act
        final RegionCutBoundary<TestPoint2D> boundary = root.getCutBoundary();

        // assert
        Assertions.assertTrue(boundary.getInsideFacing().isEmpty());

        assertCutBoundarySegment(boundary.getOutsideFacing(),
                new TestPoint2D(Double.NEGATIVE_INFINITY, 0.0), new TestPoint2D(Double.POSITIVE_INFINITY, 0.0));
    }",AbstractRegionBSPTreeTest::testGetCutBoundary_singleCut_oe
commons-geometry_816,"@Test
    void testGetCutBoundary_singleCut_leafNode_oe() {
        // arrange
        tree.insert(new TestLineSegment(new TestPoint2D(0, 0), new TestPoint2D(1, 0)));

        // act
        final RegionCutBoundary<TestPoint2D> boundary = root.getMinus().getCutBoundary();

        // assert
        Assertions.assertNull(boundary);
    }",AbstractRegionBSPTreeTest::testGetCutBoundary_singleCut_leafNode_oe
commons-geometry_817,"@Test
    void testGetCutBoundary_singleCorner_oe() {
        // arrange
        tree.insert(new TestLineSegment(new TestPoint2D(-1, 0), new TestPoint2D(1, 0)));
        tree.insert(new TestLineSegment(TestPoint2D.ZERO, new TestPoint2D(0, 1)));

        // act/assert
        final RegionCutBoundary<TestPoint2D> rootBoundary = root.getCutBoundary();

        Assertions.assertTrue(rootBoundary.getInsideFacing().isEmpty());
        assertCutBoundarySegment(rootBoundary.getOutsideFacing(),
                new TestPoint2D(Double.NEGATIVE_INFINITY, 0.0), TestPoint2D.ZERO);

        final RegionCutBoundary<TestPoint2D> childBoundary = tree.getRoot().getMinus().getCutBoundary();
        Assertions.assertTrue(childBoundary.getInsideFacing().isEmpty());
        assertCutBoundarySegment(childBoundary.getOutsideFacing(),
                TestPoint2D.ZERO, new TestPoint2D(0.0, Double.POSITIVE_INFINITY));
    }",AbstractRegionBSPTreeTest::testGetCutBoundary_singleCorner_oe
commons-geometry_818,"@Test
    void testGetCutBoundary_leafNode_oe() {
        // arrange
        tree.insert(new TestLineSegment(new TestPoint2D(-1, 0), new TestPoint2D(1, 0)));
        tree.insert(new TestLineSegment(TestPoint2D.ZERO, new TestPoint2D(0, 1)));

        // act/assert
        Assertions.assertNull(root.getPlus().getCutBoundary());
        Assertions.assertNull(root.getMinus().getMinus().getCutHyperplane());
        Assertions.assertNull(root.getMinus().getPlus().getCutHyperplane());
    }",AbstractRegionBSPTreeTest::testGetCutBoundary_leafNode_oe
commons-geometry_819,"@Test
    void testFullEmpty_fullTree_oe() {
        // act/assert
        Assertions.assertTrue(tree.isFull());
        Assertions.assertFalse(tree.isEmpty());
        Assertions.assertEquals(RegionLocation.INSIDE, tree.getRoot().getLocation());
    }",AbstractRegionBSPTreeTest::testFullEmpty_fullTree_oe
commons-geometry_820,"@Test
    void testFullEmpty_emptyTree_oe() {
        // arrange
        tree.complement();

        // act/assert
        Assertions.assertFalse(tree.isFull());
        Assertions.assertTrue(tree.isEmpty());
        Assertions.assertEquals(RegionLocation.OUTSIDE, tree.getRoot().getLocation());
    }",AbstractRegionBSPTreeTest::testFullEmpty_emptyTree_oe
commons-geometry_821,"@Test
    void testTransform_noCuts_oe() {
        // arrange
        final Transform<TestPoint2D> t = new TestTransform2D(p -> new TestPoint2D(p.getX(), p.getY() + 2));

        // act
        tree.transform(t);

        // assert
        Assertions.assertTrue(tree.isFull());
        Assertions.assertFalse(tree.isEmpty());

        PartitionTestUtils.assertPointLocations(tree, RegionLocation.INSIDE, TestPoint2D.ZERO);
    }",AbstractRegionBSPTreeTest::testTransform_noCuts_oe
commons-geometry_822,"@Test
    void testTransform_singleCut_oe() {
        // arrange
        tree.getRoot().insertCut(TestLine.X_AXIS);

        final Transform<TestPoint2D> t = new TestTransform2D(p -> new TestPoint2D(p.getX(), p.getY() + 2));

        // act
        tree.transform(t);

        // assert
        Assertions.assertFalse(tree.isFull());
        Assertions.assertFalse(tree.isEmpty());

        PartitionTestUtils.assertPointLocations(tree, RegionLocation.OUTSIDE,
                new TestPoint2D(0, -1), TestPoint2D.ZERO, new TestPoint2D(0, 1));

        PartitionTestUtils.assertPointLocations(tree, RegionLocation.BOUNDARY, new TestPoint2D(0, 2));

        PartitionTestUtils.assertPointLocations(tree, RegionLocation.INSIDE,
                new TestPoint2D(0, 3), new TestPoint2D(0, 4));
    }",AbstractRegionBSPTreeTest::testTransform_singleCut_oe
commons-geometry_823,"@Test
    void testTransform_multipleCuts_oe() {
        // arrange
        insertSkewedBowtie(tree);

        final Transform<TestPoint2D> t = new TestTransform2D(p -> new TestPoint2D(0.5 * p.getX(), p.getY() + 5));

        // act
        tree.transform(t);

        // assert
        Assertions.assertFalse(tree.isFull());
        Assertions.assertFalse(tree.isEmpty());

        PartitionTestUtils.assertPointLocations(tree, RegionLocation.INSIDE,
                new TestPoint2D(0, 5), new TestPoint2D(-1, 4), new TestPoint2D(1, 6));

        PartitionTestUtils.assertPointLocations(tree, RegionLocation.BOUNDARY,
                new TestPoint2D(-2, 4), new TestPoint2D(2, 6));

        PartitionTestUtils.assertPointLocations(tree, RegionLocation.OUTSIDE,
                new TestPoint2D(-3, 5), new TestPoint2D(3, 5));
    }",AbstractRegionBSPTreeTest::testTransform_multipleCuts_oe
commons-geometry_824,"@Test
    void testTransform_xAxisReflection_oe() {
        // arrange
        insertSkewedBowtie(tree);

        final Transform<TestPoint2D> t = new TestTransform2D(p -> new TestPoint2D(-p.getX(), p.getY()));

        // act
        tree.transform(t);

        // assert
        Assertions.assertFalse(tree.isFull());
        Assertions.assertFalse(tree.isEmpty());

        PartitionTestUtils.assertPointLocations(tree, RegionLocation.INSIDE,
                TestPoint2D.ZERO, new TestPoint2D(-1, 1), new TestPoint2D(1, -1));

        PartitionTestUtils.assertPointLocations(tree, RegionLocation.BOUNDARY,
                new TestPoint2D(0, 1), new TestPoint2D(0, -1),
                new TestPoint2D(-4, 0), new TestPoint2D(4, 0));

        PartitionTestUtils.assertPointLocations(tree, RegionLocation.OUTSIDE,
                new TestPoint2D(1, 1), new TestPoint2D(-1, -1));
    }",AbstractRegionBSPTreeTest::testTransform_xAxisReflection_oe
commons-geometry_825,"@Test
    void testTransform_yAxisReflection_oe() {
        // arrange
        insertSkewedBowtie(tree);

        final Transform<TestPoint2D> t = new TestTransform2D(p -> new TestPoint2D(p.getX(), -p.getY()));

        // act
        tree.transform(t);

        // assert
        Assertions.assertFalse(tree.isFull());
        Assertions.assertFalse(tree.isEmpty());

        PartitionTestUtils.assertPointLocations(tree, RegionLocation.INSIDE,
                TestPoint2D.ZERO, new TestPoint2D(1, -1), new TestPoint2D(-1, 1));

        PartitionTestUtils.assertPointLocations(tree, RegionLocation.BOUNDARY,
                new TestPoint2D(0, 1), new TestPoint2D(0, -1),
                new TestPoint2D(-4, 0), new TestPoint2D(4, 0));

        PartitionTestUtils.assertPointLocations(tree, RegionLocation.OUTSIDE,
                new TestPoint2D(-1, -1), new TestPoint2D(1, 1));
    }",AbstractRegionBSPTreeTest::testTransform_yAxisReflection_oe
commons-geometry_826,"@Test
    void testTransform_xAndYAxisReflection_oe() {
        // arrange
        insertSkewedBowtie(tree);

        final Transform<TestPoint2D> t = new TestTransform2D(p -> new TestPoint2D(-p.getX(), -p.getY()));

        // act
        tree.transform(t);

        // assert
        Assertions.assertFalse(tree.isFull());
        Assertions.assertFalse(tree.isEmpty());

        PartitionTestUtils.assertPointLocations(tree, RegionLocation.INSIDE,
                TestPoint2D.ZERO, new TestPoint2D(1, 1), new TestPoint2D(-1, -1));

        PartitionTestUtils.assertPointLocations(tree, RegionLocation.BOUNDARY,
                new TestPoint2D(0, 1), new TestPoint2D(0, -1),
                new TestPoint2D(-4, 0), new TestPoint2D(4, 0));

        PartitionTestUtils.assertPointLocations(tree, RegionLocation.OUTSIDE,
                new TestPoint2D(-1, 1), new TestPoint2D(1, -1));
    }",AbstractRegionBSPTreeTest::testTransform_xAndYAxisReflection_oe
commons-geometry_827,"@Test
    void testTransform_resetsCutBoundary_oe() {
        // arrange
        insertSkewedBowtie(tree);

        final TestRegionNode node = tree.findNode(new TestPoint2D(1, 1)).getParent();


        final Transform<TestPoint2D> t = new TestTransform2D(p -> new TestPoint2D(0.5 * p.getX(), p.getY() + 5));

        // act
        final RegionCutBoundary<TestPoint2D> origBoundary = node.getCutBoundary();

        tree.transform(t);

        final RegionCutBoundary<TestPoint2D> resultBoundary = node.getCutBoundary();

        // assert
        Assertions.assertNotSame(origBoundary, resultBoundary);

        assertCutBoundarySegment(origBoundary.getOutsideFacing(), new TestPoint2D(4, 5), new TestPoint2D(-1, 0));

        assertCutBoundarySegment(resultBoundary.getOutsideFacing(), new TestPoint2D(2, 10), new TestPoint2D(-0.5, 5));
    }",AbstractRegionBSPTreeTest::testTransform_resetsCutBoundary_oe
commons-geometry_828,"@Test
    void testComplement_rootOnly_oe() {
        // act
        tree.complement();

        // assert
        Assertions.assertTrue(tree.isEmpty());
        Assertions.assertFalse(tree.isFull());

        Assertions.assertEquals(RegionLocation.OUTSIDE, root.getLocation());
        Assertions.assertEquals(RegionLocation.OUTSIDE, tree.classify(TestPoint2D.ZERO));
    }",AbstractRegionBSPTreeTest::testComplement_rootOnly_oe
commons-geometry_829,"@Test
    void testComplement_singleCut_oe() {
        // arrange
        root.insertCut(TestLine.X_AXIS);

        // act
        tree.complement();

        // assert
        Assertions.assertFalse(tree.isEmpty());
        Assertions.assertFalse(tree.isFull());

        Assertions.assertEquals(RegionLocation.OUTSIDE, root.getMinus().getLocation());
        Assertions.assertEquals(RegionLocation.INSIDE, root.getPlus().getLocation());

        Assertions.assertEquals(RegionLocation.OUTSIDE, tree.classify(new TestPoint2D(0, 1)));
        Assertions.assertEquals(RegionLocation.BOUNDARY, tree.classify(TestPoint2D.ZERO));
        Assertions.assertEquals(RegionLocation.INSIDE, tree.classify(new TestPoint2D(0, -1)));
    }",AbstractRegionBSPTreeTest::testComplement_singleCut_oe
commons-geometry_830,"@Test
    void testComplement_skewedBowtie_oe() {
        // arrange
        insertSkewedBowtie(tree);

        // act
        tree.complement();

        // assert
        Assertions.assertFalse(tree.isEmpty());
        Assertions.assertFalse(tree.isFull());

        Assertions.assertEquals(RegionLocation.OUTSIDE, tree.classify(new TestPoint2D(3, 1)));
        Assertions.assertEquals(RegionLocation.OUTSIDE, tree.classify(new TestPoint2D(-3, -1)));

        Assertions.assertEquals(RegionLocation.INSIDE, tree.classify(new TestPoint2D(-3, 1)));
        Assertions.assertEquals(RegionLocation.INSIDE, tree.classify(new TestPoint2D(3, -1)));

        Assertions.assertEquals(RegionLocation.BOUNDARY, tree.classify(new TestPoint2D(4, 5)));
        Assertions.assertEquals(RegionLocation.BOUNDARY, tree.classify(new TestPoint2D(-4, -5)));

        Assertions.assertEquals(RegionLocation.INSIDE, tree.classify(new TestPoint2D(5, 0)));
        Assertions.assertEquals(RegionLocation.BOUNDARY, tree.classify(new TestPoint2D(4, 0)));
        Assertions.assertEquals(RegionLocation.BOUNDARY, tree.classify(new TestPoint2D(3, 0)));
        Assertions.assertEquals(RegionLocation.BOUNDARY, tree.classify(new TestPoint2D(2, 0)));
        Assertions.assertEquals(RegionLocation.BOUNDARY, tree.classify(new TestPoint2D(1, 0)));
        Assertions.assertEquals(RegionLocation.OUTSIDE, tree.classify(new TestPoint2D(0, 0)));
        Assertions.assertEquals(RegionLocation.BOUNDARY, tree.classify(new TestPoint2D(-1, 0)));
        Assertions.assertEquals(RegionLocation.BOUNDARY, tree.classify(new TestPoint2D(-2, 0)));
        Assertions.assertEquals(RegionLocation.BOUNDARY, tree.classify(new TestPoint2D(-3, 0)));
        Assertions.assertEquals(RegionLocation.BOUNDARY, tree.classify(new TestPoint2D(-4, 0)));
        Assertions.assertEquals(RegionLocation.INSIDE, tree.classify(new TestPoint2D(-5, 0)));
    }",AbstractRegionBSPTreeTest::testComplement_skewedBowtie_oe
commons-geometry_831,"@Test
    void testComplement_addCutAfterComplement_oe() {
        // arrange
        tree.insert(new TestLineSegment(TestPoint2D.ZERO, new TestPoint2D(1, 0)));
        tree.complement();

        // act
        tree.insert(new TestLineSegment(TestPoint2D.ZERO, new TestPoint2D(0, 1)));

        // assert
        Assertions.assertFalse(tree.isEmpty());
        Assertions.assertFalse(tree.isFull());

        Assertions.assertEquals(RegionLocation.BOUNDARY, tree.classify(TestPoint2D.ZERO));

        Assertions.assertEquals(RegionLocation.OUTSIDE, tree.classify(new TestPoint2D(1, 1)));
        Assertions.assertEquals(RegionLocation.INSIDE, tree.classify(new TestPoint2D(-1, 1)));
        Assertions.assertEquals(RegionLocation.INSIDE, tree.classify(new TestPoint2D(1, -1)));
        Assertions.assertEquals(RegionLocation.INSIDE, tree.classify(new TestPoint2D(-1, -1)));
    }",AbstractRegionBSPTreeTest::testComplement_addCutAfterComplement_oe
commons-geometry_832,"@Test
    void testComplement_clearCutAfterComplement_oe() {
        // arrange
        tree.insert(Arrays.asList(
                    new TestLineSegment(TestPoint2D.ZERO, new TestPoint2D(1, 0)),
                    new TestLineSegment(TestPoint2D.ZERO, new TestPoint2D(0, 1))
                ));
        tree.complement();

        // act
        root.getMinus().clearCut();

        // assert
        Assertions.assertFalse(tree.isEmpty());
        Assertions.assertFalse(tree.isFull());

        Assertions.assertEquals(RegionLocation.BOUNDARY, tree.classify(TestPoint2D.ZERO));

        Assertions.assertEquals(RegionLocation.OUTSIDE, tree.classify(new TestPoint2D(1, 1)));
        Assertions.assertEquals(RegionLocation.OUTSIDE, tree.classify(new TestPoint2D(-1, 1)));
        Assertions.assertEquals(RegionLocation.INSIDE, tree.classify(new TestPoint2D(1, -1)));
        Assertions.assertEquals(RegionLocation.INSIDE, tree.classify(new TestPoint2D(-1, -1)));
    }",AbstractRegionBSPTreeTest::testComplement_clearCutAfterComplement_oe
commons-geometry_833,"@Test
    void testComplement_clearRootAfterComplement_oe() {
        // arrange
        tree.insert(Arrays.asList(
                    new TestLineSegment(TestPoint2D.ZERO, new TestPoint2D(1, 0)),
                    new TestLineSegment(TestPoint2D.ZERO, new TestPoint2D(0, 1))
                ));
        tree.complement();

        // act
        root.clearCut();

        // assert
        Assertions.assertTrue(tree.isEmpty());
        Assertions.assertFalse(tree.isFull());

        Assertions.assertEquals(RegionLocation.OUTSIDE, tree.classify(TestPoint2D.ZERO));
    }",AbstractRegionBSPTreeTest::testComplement_clearRootAfterComplement_oe
commons-geometry_834,"@Test
    void testComplement_isReversible_root_oe() {
        // act
        tree.complement();
        tree.complement();

        // assert
        Assertions.assertFalse(tree.isEmpty());
        Assertions.assertTrue(tree.isFull());

        Assertions.assertEquals(RegionLocation.INSIDE, root.getLocation());
        Assertions.assertEquals(RegionLocation.INSIDE, tree.classify(TestPoint2D.ZERO));
    }",AbstractRegionBSPTreeTest::testComplement_isReversible_root_oe
commons-geometry_835,"@Test
    void testComplement_isReversible_skewedBowtie_oe() {
        // arrange
        insertSkewedBowtie(tree);

        // act
        tree.complement();
        tree.complement();

        // assert
        Assertions.assertEquals(RegionLocation.INSIDE, tree.classify(new TestPoint2D(3, 1)));
        Assertions.assertEquals(RegionLocation.INSIDE, tree.classify(new TestPoint2D(-3, -1)));

        Assertions.assertEquals(RegionLocation.OUTSIDE, tree.classify(new TestPoint2D(-3, 1)));
        Assertions.assertEquals(RegionLocation.OUTSIDE, tree.classify(new TestPoint2D(3, -1)));

        Assertions.assertEquals(RegionLocation.BOUNDARY, tree.classify(new TestPoint2D(4, 5)));
        Assertions.assertEquals(RegionLocation.BOUNDARY, tree.classify(new TestPoint2D(-4, -5)));

        Assertions.assertEquals(RegionLocation.OUTSIDE, tree.classify(new TestPoint2D(5, 0)));
        Assertions.assertEquals(RegionLocation.BOUNDARY, tree.classify(new TestPoint2D(4, 0)));
        Assertions.assertEquals(RegionLocation.BOUNDARY, tree.classify(new TestPoint2D(3, 0)));
        Assertions.assertEquals(RegionLocation.BOUNDARY, tree.classify(new TestPoint2D(2, 0)));
        Assertions.assertEquals(RegionLocation.BOUNDARY, tree.classify(new TestPoint2D(1, 0)));
        Assertions.assertEquals(RegionLocation.INSIDE, tree.classify(new TestPoint2D(0, 0)));
        Assertions.assertEquals(RegionLocation.BOUNDARY, tree.classify(new TestPoint2D(-1, 0)));
        Assertions.assertEquals(RegionLocation.BOUNDARY, tree.classify(new TestPoint2D(-2, 0)));
        Assertions.assertEquals(RegionLocation.BOUNDARY, tree.classify(new TestPoint2D(-3, 0)));
        Assertions.assertEquals(RegionLocation.BOUNDARY, tree.classify(new TestPoint2D(-4, 0)));
        Assertions.assertEquals(RegionLocation.OUTSIDE, tree.classify(new TestPoint2D(-5, 0)));
    }",AbstractRegionBSPTreeTest::testComplement_isReversible_skewedBowtie_oe
commons-geometry_836,"@Test
    void testComplement_getCutBoundary_oe() {
        // arrange
        tree.insert(Arrays.asList(
                new TestLineSegment(TestPoint2D.ZERO, new TestPoint2D(1, 0)),
                new TestLineSegment(TestPoint2D.ZERO, new TestPoint2D(0, 1))));
        tree.complement();

        // act
        final RegionCutBoundary<TestPoint2D> xAxisBoundary = root.getCutBoundary();
        final RegionCutBoundary<TestPoint2D> yAxisBoundary = root.getMinus().getCutBoundary();

        // assert
        Assertions.assertTrue(xAxisBoundary.getOutsideFacing().isEmpty());
        Assertions.assertFalse(xAxisBoundary.getInsideFacing().isEmpty());

        final List<HyperplaneConvexSubset<TestPoint2D>> xAxisInsideFacing = xAxisBoundary.getInsideFacing();
        Assertions.assertEquals(1, xAxisInsideFacing.size());

        final TestLineSegment xAxisSeg = (TestLineSegment) xAxisInsideFacing.get(0);
        PartitionTestUtils.assertPointsEqual(new TestPoint2D(Double.NEGATIVE_INFINITY, 0), xAxisSeg.getStartPoint());
        PartitionTestUtils.assertPointsEqual(TestPoint2D.ZERO, xAxisSeg.getEndPoint());

        Assertions.assertTrue(yAxisBoundary.getOutsideFacing().isEmpty());
        Assertions.assertFalse(yAxisBoundary.getInsideFacing().isEmpty());

        final List<HyperplaneConvexSubset<TestPoint2D>> yAxisInsideFacing = yAxisBoundary.getInsideFacing();
        Assertions.assertEquals(1, yAxisInsideFacing.size());

        final TestLineSegment yAxisSeg = (TestLineSegment) yAxisInsideFacing.get(0);
        PartitionTestUtils.assertPointsEqual(TestPoint2D.ZERO, yAxisSeg.getStartPoint());
        PartitionTestUtils.assertPointsEqual(new TestPoint2D(0, Double.POSITIVE_INFINITY), yAxisSeg.getEndPoint());
    }",AbstractRegionBSPTreeTest::testComplement_getCutBoundary_oe
commons-geometry_837,"@Test
    void testComplementOf_rootOnly_oe() {
        // arrange
        final TestRegionBSPTree other = fullTree();
        insertSkewedBowtie(other);

        // act
        other.complement(tree);

        // assert
        Assertions.assertFalse(tree.isEmpty());
        Assertions.assertTrue(tree.isFull());

        Assertions.assertEquals(RegionLocation.INSIDE, root.getLocation());
        Assertions.assertEquals(RegionLocation.INSIDE, tree.classify(TestPoint2D.ZERO));

        Assertions.assertTrue(other.isEmpty());
        Assertions.assertFalse(other.isFull());

        Assertions.assertEquals(RegionLocation.OUTSIDE, other.getRoot().getLocation());
        Assertions.assertEquals(RegionLocation.OUTSIDE, other.classify(TestPoint2D.ZERO));
    }",AbstractRegionBSPTreeTest::testComplementOf_rootOnly_oe
commons-geometry_838,"@Test
    void testComplementOf_skewedBowtie_oe() {
        // arrange
        insertSkewedBowtie(tree);

        final TestRegionBSPTree other = fullTree();

        // act
        other.complement(tree);

        // assert
        Assertions.assertEquals(RegionLocation.INSIDE, tree.classify(new TestPoint2D(3, 1)));
        Assertions.assertEquals(RegionLocation.INSIDE, tree.classify(new TestPoint2D(-3, -1)));

        Assertions.assertFalse(other.isEmpty());
        Assertions.assertFalse(other.isFull());

        Assertions.assertEquals(RegionLocation.OUTSIDE, other.classify(new TestPoint2D(3, 1)));
        Assertions.assertEquals(RegionLocation.OUTSIDE, other.classify(new TestPoint2D(-3, -1)));

        Assertions.assertEquals(RegionLocation.INSIDE, other.classify(new TestPoint2D(-3, 1)));
        Assertions.assertEquals(RegionLocation.INSIDE, other.classify(new TestPoint2D(3, -1)));

        Assertions.assertEquals(RegionLocation.BOUNDARY, other.classify(new TestPoint2D(4, 5)));
        Assertions.assertEquals(RegionLocation.BOUNDARY, other.classify(new TestPoint2D(-4, -5)));

        Assertions.assertEquals(RegionLocation.INSIDE, other.classify(new TestPoint2D(5, 0)));
        Assertions.assertEquals(RegionLocation.BOUNDARY, other.classify(new TestPoint2D(4, 0)));
        Assertions.assertEquals(RegionLocation.BOUNDARY, other.classify(new TestPoint2D(3, 0)));
        Assertions.assertEquals(RegionLocation.BOUNDARY, other.classify(new TestPoint2D(2, 0)));
        Assertions.assertEquals(RegionLocation.BOUNDARY, other.classify(new TestPoint2D(1, 0)));
        Assertions.assertEquals(RegionLocation.OUTSIDE, other.classify(new TestPoint2D(0, 0)));
        Assertions.assertEquals(RegionLocation.BOUNDARY, other.classify(new TestPoint2D(-1, 0)));
        Assertions.assertEquals(RegionLocation.BOUNDARY, other.classify(new TestPoint2D(-2, 0)));
        Assertions.assertEquals(RegionLocation.BOUNDARY, other.classify(new TestPoint2D(-3, 0)));
        Assertions.assertEquals(RegionLocation.BOUNDARY, other.classify(new TestPoint2D(-4, 0)));
        Assertions.assertEquals(RegionLocation.INSIDE, other.classify(new TestPoint2D(-5, 0)));
    }",AbstractRegionBSPTreeTest::testComplementOf_skewedBowtie_oe
commons-geometry_839,"@Test
    void testCopy_oe() {
        // arrange
        insertSkewedBowtie(tree);

        // act
        final TestRegionBSPTree copy = fullTree();
        copy.copy(tree);

        // assert
        Assertions.assertNotSame(tree, copy);
        Assertions.assertEquals(tree.count(), copy.count());

        final List<RegionLocation> origLocations = new ArrayList<>();
        tree.nodes().forEach(n -> origLocations.add(n.getLocation()));

        final List<RegionLocation> copyLocations = new ArrayList<>();
        copy.nodes().forEach(n -> copyLocations.add(n.getLocation()));

        Assertions.assertEquals(origLocations, copyLocations);
    }",AbstractRegionBSPTreeTest::testCopy_oe
commons-geometry_840,"@Test
    void testExtract_oe() {
        // arrange
        insertSkewedBowtie(tree);

        final TestRegionBSPTree result = fullTree();

        final TestPoint2D pt = new TestPoint2D(2, 2);

        // act
        result.extract(tree.findNode(pt));

        // assert
        PartitionTestUtils.assertPointLocations(result, RegionLocation.INSIDE,
                new TestPoint2D(0, 0.5), new TestPoint2D(2, 2));
        PartitionTestUtils.assertPointLocations(result, RegionLocation.OUTSIDE,
                new TestPoint2D(-2, 2),
                new TestPoint2D(-2, -2), new TestPoint2D(0, -0.5), new TestPoint2D(-2, 2));

        PartitionTestUtils.assertPointLocations(tree, RegionLocation.INSIDE,
                new TestPoint2D(0, 0.5), new TestPoint2D(2, 2),
                new TestPoint2D(-2, -2), new TestPoint2D(0, -0.5));
        PartitionTestUtils.assertPointLocations(tree, RegionLocation.OUTSIDE,
                new TestPoint2D(2, -2), new TestPoint2D(-2, 2));
    }",AbstractRegionBSPTreeTest::testExtract_oe
commons-geometry_841,"@Test
    void testExtract_complementedTree_oe() {
        // arrange
        insertSkewedBowtie(tree);
        tree.complement();

        final TestRegionBSPTree result = fullTree();

        final TestPoint2D pt = new TestPoint2D(2, 2);

        // act
        result.extract(tree.findNode(pt));

        // assert
        PartitionTestUtils.assertPointLocations(result, RegionLocation.OUTSIDE,
                new TestPoint2D(0, 0.5), new TestPoint2D(2, 2));
        PartitionTestUtils.assertPointLocations(result, RegionLocation.INSIDE,
                new TestPoint2D(-2, 2),
                new TestPoint2D(-2, -2), new TestPoint2D(0, -0.5), new TestPoint2D(-2, 2));

        PartitionTestUtils.assertPointLocations(tree, RegionLocation.OUTSIDE,
                new TestPoint2D(0, 0.5), new TestPoint2D(2, 2),
                new TestPoint2D(-2, -2), new TestPoint2D(0, -0.5));
        PartitionTestUtils.assertPointLocations(tree, RegionLocation.INSIDE,
                new TestPoint2D(2, -2), new TestPoint2D(-2, 2));
    }",AbstractRegionBSPTreeTest::testExtract_complementedTree_oe
commons-geometry_842,"@Test
    void testProject_emptyAndFull_oe() {
        // arrange
        final TestRegionBSPTree full = fullTree();
        final TestRegionBSPTree empty = emptyTree();

        // act/assert
        Assertions.assertNull(full.project(new TestPoint2D(0, 0)));
        Assertions.assertNull(empty.project(new TestPoint2D(-1, 1)));
    }",AbstractRegionBSPTreeTest::testProject_emptyAndFull_oe
commons-geometry_843,"@Test
    void testProject_halfSpace_oe() {
        // arrange
        tree.getRoot().cut(TestLine.X_AXIS);

        // act/assert
        PartitionTestUtils.assertPointsEqual(TestPoint2D.ZERO, tree.project(TestPoint2D.ZERO));

        PartitionTestUtils.assertPointsEqual(TestPoint2D.ZERO, tree.project(new TestPoint2D(0, 7)));
        PartitionTestUtils.assertPointsEqual(TestPoint2D.ZERO, tree.project(new TestPoint2D(0, -7)));

        PartitionTestUtils.assertPointsEqual(new TestPoint2D(4, 0), tree.project(new TestPoint2D(4, 10)));
        PartitionTestUtils.assertPointsEqual(new TestPoint2D(-5, 0), tree.project(new TestPoint2D(-5, -2)));
    }",AbstractRegionBSPTreeTest::testProject_halfSpace_oe
commons-geometry_844,"@Test
    void testProject_box_oe() {
        // arrange
        insertBox(tree, new TestPoint2D(0, 1), new TestPoint2D(1, 0));

        // act/assert
        PartitionTestUtils.assertPointsEqual(TestPoint2D.ZERO, tree.project(TestPoint2D.ZERO));
        PartitionTestUtils.assertPointsEqual(TestPoint2D.ZERO, tree.project(new TestPoint2D(-1, -4)));

        PartitionTestUtils.assertPointsEqual(new TestPoint2D(1, 1), tree.project(new TestPoint2D(2, 9)));

        PartitionTestUtils.assertPointsEqual(new TestPoint2D(0.5, 1), tree.project(new TestPoint2D(0.5, 3)));
    }",AbstractRegionBSPTreeTest::testProject_box_oe
commons-geometry_845,"@Test
    void testSplit_empty_oe() {
        // arrange
        tree = emptyTree();

        // act
        final Split<TestRegionBSPTree> split = tree.split(TestLine.X_AXIS);

        // assert
        Assertions.assertEquals(SplitLocation.NEITHER, split.getLocation());

        Assertions.assertNull(split.getMinus());
        Assertions.assertNull(split.getPlus());
    }",AbstractRegionBSPTreeTest::testSplit_empty_oe
commons-geometry_846,"@Test
    void testSplit_full_oe() {
        // arrange
        tree = fullTree();

        // act
        final Split<TestRegionBSPTree> split = tree.split(TestLine.X_AXIS);

        // assert
        Assertions.assertEquals(SplitLocation.BOTH, split.getLocation());

        final TestRegionBSPTree minus = split.getMinus();
        PartitionTestUtils.assertPointLocations(minus, RegionLocation.INSIDE,
                new TestPoint2D(-1, 1), new TestPoint2D(0, 1), new TestPoint2D(1, 1));
        PartitionTestUtils.assertPointLocations(minus, RegionLocation.BOUNDARY,
                new TestPoint2D(-1, 0), new TestPoint2D(0, 0), new TestPoint2D(1, 0));
        PartitionTestUtils.assertPointLocations(minus, RegionLocation.OUTSIDE,
                new TestPoint2D(-1, -1), new TestPoint2D(0, -1), new TestPoint2D(1, -1));

        final TestRegionBSPTree plus = split.getPlus();
        PartitionTestUtils.assertPointLocations(plus, RegionLocation.OUTSIDE,
                new TestPoint2D(-1, 1), new TestPoint2D(0, 1), new TestPoint2D(1, 1));
        PartitionTestUtils.assertPointLocations(plus, RegionLocation.BOUNDARY,
                new TestPoint2D(-1, 0), new TestPoint2D(0, 0), new TestPoint2D(1, 0));
        PartitionTestUtils.assertPointLocations(plus, RegionLocation.INSIDE,
                new TestPoint2D(-1, -1), new TestPoint2D(0, -1), new TestPoint2D(1, -1));
    }",AbstractRegionBSPTreeTest::testSplit_full_oe
commons-geometry_847,"@Test
    void testSplit_halfSpace_oe() {
        // arrange
        tree.getRoot().insertCut(TestLine.X_AXIS);

        final TestLine splitter = TestLine.Y_AXIS;

        // act
        final Split<TestRegionBSPTree> split = tree.split(splitter);

        // assert
        Assertions.assertEquals(SplitLocation.BOTH, split.getLocation());

        final TestRegionBSPTree minus = split.getMinus();
        PartitionTestUtils.assertPointLocations(minus, RegionLocation.INSIDE, new TestPoint2D(-1, 1));
        PartitionTestUtils.assertPointLocations(minus, RegionLocation.OUTSIDE,
                new TestPoint2D(1, 1), new TestPoint2D(-1, -1), new TestPoint2D(1, -1));

        final TestRegionBSPTree plus = split.getPlus();
        PartitionTestUtils.assertPointLocations(plus, RegionLocation.INSIDE, new TestPoint2D(1, 1));
        PartitionTestUtils.assertPointLocations(plus, RegionLocation.OUTSIDE,
                new TestPoint2D(-1, 1), new TestPoint2D(-1, -1), new TestPoint2D(1, -1));
    }",AbstractRegionBSPTreeTest::testSplit_halfSpace_oe
commons-geometry_848,"@Test
    void testSplit_box_oe() {
        // arrange
        insertBox(tree, new TestPoint2D(0, 1), new TestPoint2D(1, 0));

        final TestLine splitter = new TestLine(new TestPoint2D(1, 0), new TestPoint2D(0, 1));

        // act
        final Split<TestRegionBSPTree> split = tree.split(splitter);

        // assert
        Assertions.assertEquals(SplitLocation.BOTH, split.getLocation());

        final TestRegionBSPTree minus = split.getMinus();
        PartitionTestUtils.assertPointLocations(minus, RegionLocation.INSIDE, new TestPoint2D(0.25, 0.25));
        PartitionTestUtils.assertPointLocations(minus, RegionLocation.BOUNDARY,
                new TestPoint2D(0.5, 0), new TestPoint2D(0, 0.5));
        PartitionTestUtils.assertPointLocations(minus, RegionLocation.OUTSIDE,
                new TestPoint2D(1, 0.5), new TestPoint2D(0.5, 1), new TestPoint2D(0.75, 0.75));

        final TestRegionBSPTree plus = split.getPlus();
        PartitionTestUtils.assertPointLocations(plus, RegionLocation.INSIDE, new TestPoint2D(0.75, 0.75));
        PartitionTestUtils.assertPointLocations(plus, RegionLocation.OUTSIDE,
                new TestPoint2D(0.5, 0), new TestPoint2D(0, 0.5), new TestPoint2D(0.25, 0.25));
        PartitionTestUtils.assertPointLocations(plus, RegionLocation.BOUNDARY,
                new TestPoint2D(1, 0.5), new TestPoint2D(0.5, 1));
    }",AbstractRegionBSPTreeTest::testSplit_box_oe
commons-geometry_849,"@Test
    void testSplit_box_onMinusOnly_oe() {
        // arrange
        insertBox(tree, new TestPoint2D(0, 1), new TestPoint2D(1, 0));

        final TestLine splitter = new TestLine(new TestPoint2D(2, 0), new TestPoint2D(1, 1));

        // act
        final Split<TestRegionBSPTree> split = tree.split(splitter);

        // assert
        Assertions.assertEquals(SplitLocation.MINUS, split.getLocation());

        final TestRegionBSPTree minus = split.getMinus();
        PartitionTestUtils.assertPointLocations(minus, RegionLocation.INSIDE, new TestPoint2D(0.5, 0.5));
        PartitionTestUtils.assertPointLocations(minus, RegionLocation.BOUNDARY,
                new TestPoint2D(0.5, 0), new TestPoint2D(0, 0.5),
                new TestPoint2D(1, 0.5), new TestPoint2D(0.5, 1));

        Assertions.assertNull(split.getPlus());
    }",AbstractRegionBSPTreeTest::testSplit_box_onMinusOnly_oe
commons-geometry_850,"@Test
    void testSplit_box_onPlusOnly_oe() {
        // arrange
        insertBox(tree, new TestPoint2D(0, 1), new TestPoint2D(1, 0));

        final TestLine splitter = new TestLine(new TestPoint2D(0, 0), new TestPoint2D(-1, 1));

        // act
        final Split<TestRegionBSPTree> split = tree.split(splitter);

        // assert
        Assertions.assertEquals(SplitLocation.PLUS, split.getLocation());

        Assertions.assertNull(split.getMinus());

        final TestRegionBSPTree plus = split.getPlus();
        PartitionTestUtils.assertPointLocations(plus, RegionLocation.INSIDE, new TestPoint2D(0.5, 0.5));
        PartitionTestUtils.assertPointLocations(plus, RegionLocation.BOUNDARY,
                new TestPoint2D(0.5, 0), new TestPoint2D(0, 0.5),
                new TestPoint2D(1, 0.5), new TestPoint2D(0.5, 1));
    }",AbstractRegionBSPTreeTest::testSplit_box_onPlusOnly_oe
commons-geometry_851,"@Test
    void testToString_oe() {
        // arrange
        tree.getRoot().cut(TestLine.X_AXIS);

        // act
        final String str = tree.toString();

        // assert
        Assertions.assertEquals(""TestRegionBSPTree[count= 3, height= 1]"", str);
        Assertions.assertTrue(tree.getRoot().toString().contains(""TestRegionNode""));
    }",AbstractRegionBSPTreeTest::testToString_oe
commons-geometry_852,"@Test
    void testInitialization_oe() {
        // act
        final TestBSPTree tree = new TestBSPTree();

        // assert
        final TestNode root = tree.getRoot();

        Assertions.assertNotNull(root);
        Assertions.assertNull(root.getParent());

        PartitionTestUtils.assertIsLeafNode(root);
        Assertions.assertFalse(root.isPlus());
        Assertions.assertFalse(root.isMinus());

        Assertions.assertSame(tree, root.getTree());
    }",AbstractBSPTreeTest::testInitialization_oe
commons-geometry_853,"@Test
    void testNodeStateGetters_oe() {
        // arrange
        final TestBSPTree tree = new TestBSPTree();

        final TestNode root = tree.getRoot();
        root.cut(TestLine.X_AXIS);

        final TestNode plus = root.getPlus();
        final TestNode minus = root.getMinus();

        // act/assert
        Assertions.assertFalse(root.isLeaf());
        Assertions.assertTrue(root.isInternal());
        Assertions.assertFalse(root.isPlus());
        Assertions.assertFalse(root.isMinus());

        Assertions.assertTrue(plus.isLeaf());
        Assertions.assertFalse(plus.isInternal());
        Assertions.assertTrue(plus.isPlus());
        Assertions.assertFalse(plus.isMinus());

        Assertions.assertTrue(minus.isLeaf());
        Assertions.assertFalse(minus.isInternal());
        Assertions.assertFalse(minus.isPlus());
        Assertions.assertTrue(minus.isMinus());
    }",AbstractBSPTreeTest::testNodeStateGetters_oe
commons-geometry_854,"@Test
    void testInsertCut_oe() {
        // arrange
        final TestBSPTree tree = new TestBSPTree();
        final TestLine line = TestLine.X_AXIS;

        // act
        final boolean result = tree.getRoot().insertCut(line);

        // assert
        Assertions.assertTrue(result);

        final TestNode root = tree.getRoot();
        PartitionTestUtils.assertIsInternalNode(root);

        Assertions.assertSame(line, root.getCut().getHyperplane());

        PartitionTestUtils.assertIsLeafNode(root.getMinus());
        PartitionTestUtils.assertIsLeafNode(root.getPlus());
    }",AbstractBSPTreeTest::testInsertCut_oe
commons-geometry_855,"@Test
    void testInsertCut_fitsCutterToCell_oe() {
        // arrange
        final TestBSPTree tree = new TestBSPTree();

        final TestNode node = tree.getRoot()
            .cut(TestLine.X_AXIS)
            .getMinus()
                .cut(TestLine.Y_AXIS)
                .getPlus();

        // act
        final boolean result = node.insertCut(new TestLine(0.5, 1.5, 1.5, 0.5));

        // assert
        Assertions.assertTrue(result);
        PartitionTestUtils.assertIsInternalNode(node);

        final TestLineSegment segment = (TestLineSegment) node.getCut();

        PartitionTestUtils.assertPointsEqual(new TestPoint2D(0, 2), segment.getStartPoint());
        PartitionTestUtils.assertPointsEqual(new TestPoint2D(2, 0), segment.getEndPoint());
    }",AbstractBSPTreeTest::testInsertCut_fitsCutterToCell_oe
commons-geometry_856,"@Test
    void testInsertCut_doesNotPassThroughCell_intersects_oe() {
        // arrange
        final TestBSPTree tree = new TestBSPTree();

        final TestNode node = tree.getRoot()
            .cut(TestLine.X_AXIS)
                .getMinus()
                    .cut(TestLine.Y_AXIS)
                    .getPlus();

        // act
        final boolean result = node.insertCut(new TestLine(-2, 0, 0, -2));

        // assert
        Assertions.assertFalse(result);
        PartitionTestUtils.assertIsLeafNode(node);
    }",AbstractBSPTreeTest::testInsertCut_doesNotPassThroughCell_intersects_oe
commons-geometry_857,"@Test
    void testInsertCut_doesNotPassThroughCell_parallel_oe() {
        // arrange
        final TestBSPTree tree = new TestBSPTree();

        final TestNode node = tree.getRoot()
            .cut(TestLine.X_AXIS)
                .getMinus();

        // act
        final boolean result = node.insertCut(new TestLine(0, -1, 1, -1));

        // assert
        Assertions.assertFalse(result);
        PartitionTestUtils.assertIsLeafNode(node);
    }",AbstractBSPTreeTest::testInsertCut_doesNotPassThroughCell_parallel_oe
commons-geometry_858,"@Test
    void testInsertCut_doesNotPassThroughCell_removesExistingChildren_oe() {
        // arrange
        final TestBSPTree tree = new TestBSPTree();

        final TestNode node = tree.getRoot()
            .cut(TestLine.X_AXIS)
                .getMinus()
                    .cut(TestLine.Y_AXIS)
                    .getPlus()
                        .cut(new TestLine(0, 2, 2, 0));

        // act
        final boolean result = node.insertCut(new TestLine(-2, 0, 0, -2));

        // assert
        Assertions.assertFalse(result);
        PartitionTestUtils.assertIsLeafNode(node);
    }",AbstractBSPTreeTest::testInsertCut_doesNotPassThroughCell_removesExistingChildren_oe
commons-geometry_859,"@Test
    void testInsertCut_cutExistsInTree_sameOrientation_oe() {
        // arrange
        final TestBSPTree tree = new TestBSPTree();

        final TestNode node = tree.getRoot()
                .cut(TestLine.X_AXIS)
                    .getMinus()
                        .cut(TestLine.Y_AXIS)
                        .getPlus()
                            .cut(new TestLine(0, 2, 2, 0));

        // act
        final boolean result = node.insertCut(new TestLine(0, 2, 0, 3));

        // assert
        Assertions.assertFalse(result);
        PartitionTestUtils.assertIsLeafNode(node);
    }",AbstractBSPTreeTest::testInsertCut_cutExistsInTree_sameOrientation_oe
commons-geometry_860,"@Test
    void testInsertCut_cutExistsInTree_oppositeOrientation_oe() {
        // arrange
        final TestBSPTree tree = new TestBSPTree();

        final TestNode node = tree.getRoot()
                .cut(TestLine.X_AXIS)
                    .getMinus()
                        .cut(TestLine.Y_AXIS)
                        .getPlus()
                            .cut(new TestLine(0, 2, 2, 0));

        // act
        final boolean result = node.insertCut(new TestLine(0, 3, 0, 2));

        // assert
        Assertions.assertTrue(result);
        PartitionTestUtils.assertIsInternalNode(node);
    }",AbstractBSPTreeTest::testInsertCut_cutExistsInTree_oppositeOrientation_oe
commons-geometry_861,"@Test
    void testInsertCut_createRegionWithThicknessOfHyperplane_oe() {
        // arrange
        final TestBSPTree tree = new TestBSPTree();

        final TestNode node = tree.getRoot()
                .cut(TestLine.X_AXIS)
                    .getMinus();

        // act
        final boolean result = node.insertCut(new TestLine(0, 0, -1, 0));

        // assert
        Assertions.assertTrue(result);

        Assertions.assertSame(tree.getRoot().getPlus(), tree.findNode(new TestPoint2D(0, -1e-2)));
        Assertions.assertSame(node.getMinus(), tree.findNode(new TestPoint2D(0, 0)));
        Assertions.assertSame(node.getPlus(), tree.findNode(new TestPoint2D(0, 1e-2)));
    }",AbstractBSPTreeTest::testInsertCut_createRegionWithThicknessOfHyperplane_oe
commons-geometry_862,"@Test
    void testClearCut_cutExists_oe() {
        // arrange
        final TestBSPTree tree = new TestBSPTree();

        final TestNode node = tree.getRoot()
            .cut(TestLine.X_AXIS)
                .getMinus()
                .cut(TestLine.Y_AXIS);

        // act
        final boolean result = node.clearCut();

        // assert
        Assertions.assertTrue(result);
        Assertions.assertTrue(node.isLeaf());
        Assertions.assertNull(node.getPlus());
        Assertions.assertNull(node.getMinus());
    }",AbstractBSPTreeTest::testClearCut_cutExists_oe
commons-geometry_863,"@Test
    void testClearCut_cutDoesNotExist_oe() {
        // arrange
        final TestBSPTree tree = new TestBSPTree();

        final TestNode node = tree.getRoot()
            .cut(TestLine.X_AXIS)
                .getMinus()
                .cut(TestLine.Y_AXIS)
                .getMinus();

        // act
        final boolean result = node.clearCut();

        // assert
        Assertions.assertFalse(result);
        Assertions.assertTrue(node.isLeaf());
        Assertions.assertNull(node.getPlus());
        Assertions.assertNull(node.getMinus());
    }",AbstractBSPTreeTest::testClearCut_cutDoesNotExist_oe
commons-geometry_864,"@Test
    void testClearCut_root_fullTree_oe() {
        // arrange
        final TestBSPTree tree = new TestBSPTree();

        final TestNode node = tree.getRoot()
            .cut(TestLine.X_AXIS)
                .getMinus()
                .cut(TestLine.Y_AXIS)
                .getMinus();

        // act
        final boolean result = tree.getRoot().clearCut();

        // assert
        Assertions.assertTrue(result);
        Assertions.assertTrue(node.isLeaf());
        Assertions.assertNull(node.getPlus());
        Assertions.assertNull(node.getMinus());

        Assertions.assertEquals(1, tree.count());
    }",AbstractBSPTreeTest::testClearCut_root_fullTree_oe
commons-geometry_865,"@Test
    void testClearCut_root_emptyTree_oe() {
        // arrange
        final TestBSPTree tree = new TestBSPTree();
        final TestNode node = tree.getRoot();

        // act
        final boolean result = node.clearCut();

        // assert
        Assertions.assertFalse(result);
        Assertions.assertTrue(node.isLeaf());
        Assertions.assertNull(node.getPlus());
        Assertions.assertNull(node.getMinus());

        Assertions.assertEquals(1, tree.count());
    }",AbstractBSPTreeTest::testClearCut_root_emptyTree_oe
commons-geometry_866,"@Test
    void testFindNode_emptyTree_oe() {
        // arrange
        final TestBSPTree tree = new TestBSPTree();
        final TestNode root = tree.getRoot();

        final List<TestPoint2D> testPoints = Arrays.asList(
                    new TestPoint2D(0, 0),
                    new TestPoint2D(1, 0),
                    new TestPoint2D(1, 1),
                    new TestPoint2D(0, 1),
                    new TestPoint2D(-1, 1),
                    new TestPoint2D(-1, 0),
                    new TestPoint2D(-1, -1),
                    new TestPoint2D(0, -1),
                    new TestPoint2D(1, -1)
                );

        // act/assert
        for (final TestPoint2D pt : testPoints) {
            Assertions.assertSame(root, tree.findNode(pt));
        }

        for (final TestPoint2D pt : testPoints) {
            Assertions.assertSame(root, tree.findNode(pt, FindNodeCutRule.NODE));
        }

        for (final TestPoint2D pt : testPoints) {
            Assertions.assertSame(root, tree.findNode(pt, FindNodeCutRule.MINUS));
        }

        for (final TestPoint2D pt : testPoints) {
            Assertions.assertSame(root, tree.findNode(pt, FindNodeCutRule.PLUS));
        }
    }",AbstractBSPTreeTest::testFindNode_emptyTree_oe
commons-geometry_867,"@Test
    void testFindNode_singleArg_oe() {
        // arrange
        final TestBSPTree tree = new TestBSPTree();

        tree.getRoot()
                .cut(TestLine.X_AXIS)
                .getMinus()
                    .cut(TestLine.Y_AXIS)
                    .getPlus()
                        .cut(new TestLine(0, 2, 2, 0));

        final TestNode root = tree.getRoot();
        final TestNode minusY = root.getPlus();

        final TestNode yCut = root.getMinus();
        final TestNode minusXPlusY = yCut.getMinus();

        final TestNode diagonalCut = yCut.getPlus();
        final TestNode underDiagonal = diagonalCut.getPlus();
        final TestNode aboveDiagonal = diagonalCut.getMinus();

        // act/assert
        Assertions.assertSame(minusXPlusY, tree.findNode(new TestPoint2D(0, 0)));

        Assertions.assertSame(underDiagonal, tree.findNode(new TestPoint2D(1, 0)));
        Assertions.assertSame(aboveDiagonal, tree.findNode(new TestPoint2D(1, 1)));
        Assertions.assertSame(minusXPlusY, tree.findNode(new TestPoint2D(0, 1)));
        Assertions.assertSame(minusXPlusY, tree.findNode(new TestPoint2D(-1, 1)));
        Assertions.assertSame(minusXPlusY, tree.findNode(new TestPoint2D(-1, 0)));
        Assertions.assertSame(minusY, tree.findNode(new TestPoint2D(-1, -1)));
        Assertions.assertSame(minusY, tree.findNode(new TestPoint2D(0, -1)));
        Assertions.assertSame(minusY, tree.findNode(new TestPoint2D(1, -1)));

        Assertions.assertSame(underDiagonal, tree.findNode(new TestPoint2D(0.5, 0.5)));
        Assertions.assertSame(aboveDiagonal, tree.findNode(new TestPoint2D(3, 3)));
    }",AbstractBSPTreeTest::testFindNode_singleArg_oe
commons-geometry_868,"@Test
    void testFindNode_nodeCutBehavior_oe() {
        // arrange
        final TestBSPTree tree = new TestBSPTree();

        tree.getRoot()
                .cut(TestLine.X_AXIS)
                .getMinus()
                    .cut(TestLine.Y_AXIS)
                    .getPlus()
                        .cut(new TestLine(0, 2, 2, 0));

        final TestNode root = tree.getRoot();
        final TestNode minusY = root.getPlus();

        final TestNode yCut = root.getMinus();
        final TestNode minusXPlusY = yCut.getMinus();

        final TestNode diagonalCut = yCut.getPlus();
        final TestNode underDiagonal = diagonalCut.getPlus();
        final TestNode aboveDiagonal = diagonalCut.getMinus();

        final FindNodeCutRule cutBehavior = FindNodeCutRule.NODE;

        // act/assert
        Assertions.assertSame(root, tree.findNode(new TestPoint2D(0, 0), cutBehavior));

        Assertions.assertSame(root, tree.findNode(new TestPoint2D(1, 0), cutBehavior));
        Assertions.assertSame(diagonalCut, tree.findNode(new TestPoint2D(1, 1), cutBehavior));
        Assertions.assertSame(yCut, tree.findNode(new TestPoint2D(0, 1), cutBehavior));
        Assertions.assertSame(minusXPlusY, tree.findNode(new TestPoint2D(-1, 1), cutBehavior));
        Assertions.assertSame(root, tree.findNode(new TestPoint2D(-1, 0), cutBehavior));
        Assertions.assertSame(minusY, tree.findNode(new TestPoint2D(-1, -1), cutBehavior));
        Assertions.assertSame(minusY, tree.findNode(new TestPoint2D(0, -1), cutBehavior));
        Assertions.assertSame(minusY, tree.findNode(new TestPoint2D(1, -1), cutBehavior));

        Assertions.assertSame(underDiagonal, tree.findNode(new TestPoint2D(0.5, 0.5), cutBehavior));
        Assertions.assertSame(aboveDiagonal, tree.findNode(new TestPoint2D(3, 3), cutBehavior));
    }",AbstractBSPTreeTest::testFindNode_nodeCutBehavior_oe
commons-geometry_869,"@Test
    void testFindNode_minusCutBehavior_oe() {
        // arrange
        final TestBSPTree tree = new TestBSPTree();

        tree.getRoot()
                .cut(TestLine.X_AXIS)
                .getMinus()
                    .cut(TestLine.Y_AXIS)
                    .getPlus()
                        .cut(new TestLine(0, 2, 2, 0));

        final TestNode root = tree.getRoot();
        final TestNode minusY = root.getPlus();

        final TestNode yCut = root.getMinus();
        final TestNode minusXPlusY = yCut.getMinus();

        final TestNode diagonalCut = yCut.getPlus();
        final TestNode underDiagonal = diagonalCut.getPlus();
        final TestNode aboveDiagonal = diagonalCut.getMinus();

        final FindNodeCutRule cutBehavior = FindNodeCutRule.MINUS;

        // act/assert
        Assertions.assertSame(minusXPlusY, tree.findNode(new TestPoint2D(0, 0), cutBehavior));

        Assertions.assertSame(underDiagonal, tree.findNode(new TestPoint2D(1, 0), cutBehavior));
        Assertions.assertSame(aboveDiagonal, tree.findNode(new TestPoint2D(1, 1), cutBehavior));
        Assertions.assertSame(minusXPlusY, tree.findNode(new TestPoint2D(0, 1), cutBehavior));
        Assertions.assertSame(minusXPlusY, tree.findNode(new TestPoint2D(-1, 1), cutBehavior));
        Assertions.assertSame(minusXPlusY, tree.findNode(new TestPoint2D(-1, 0), cutBehavior));
        Assertions.assertSame(minusY, tree.findNode(new TestPoint2D(-1, -1), cutBehavior));
        Assertions.assertSame(minusY, tree.findNode(new TestPoint2D(0, -1), cutBehavior));
        Assertions.assertSame(minusY, tree.findNode(new TestPoint2D(1, -1), cutBehavior));

        Assertions.assertSame(underDiagonal, tree.findNode(new TestPoint2D(0.5, 0.5), cutBehavior));
        Assertions.assertSame(aboveDiagonal, tree.findNode(new TestPoint2D(3, 3), cutBehavior));
    }",AbstractBSPTreeTest::testFindNode_minusCutBehavior_oe
commons-geometry_870,"@Test
    void testFindNode_plusCutBehavior_oe() {
        // arrange
        final TestBSPTree tree = new TestBSPTree();

        tree.getRoot()
                .cut(TestLine.X_AXIS)
                .getMinus()
                    .cut(TestLine.Y_AXIS)
                    .getPlus()
                        .cut(new TestLine(0, 2, 2, 0));

        final TestNode root = tree.getRoot();
        final TestNode minusY = root.getPlus();

        final TestNode yCut = root.getMinus();
        final TestNode minusXPlusY = yCut.getMinus();

        final TestNode diagonalCut = yCut.getPlus();
        final TestNode underDiagonal = diagonalCut.getPlus();
        final TestNode aboveDiagonal = diagonalCut.getMinus();

        final FindNodeCutRule cutBehavior = FindNodeCutRule.PLUS;

        // act/assert
        Assertions.assertSame(minusY, tree.findNode(new TestPoint2D(0, 0), cutBehavior));

        Assertions.assertSame(minusY, tree.findNode(new TestPoint2D(1, 0), cutBehavior));
        Assertions.assertSame(underDiagonal, tree.findNode(new TestPoint2D(1, 1), cutBehavior));
        Assertions.assertSame(underDiagonal, tree.findNode(new TestPoint2D(0, 1), cutBehavior));
        Assertions.assertSame(minusXPlusY, tree.findNode(new TestPoint2D(-1, 1), cutBehavior));
        Assertions.assertSame(minusY, tree.findNode(new TestPoint2D(-1, 0), cutBehavior));
        Assertions.assertSame(minusY, tree.findNode(new TestPoint2D(-1, -1), cutBehavior));
        Assertions.assertSame(minusY, tree.findNode(new TestPoint2D(0, -1), cutBehavior));
        Assertions.assertSame(minusY, tree.findNode(new TestPoint2D(1, -1), cutBehavior));

        Assertions.assertSame(underDiagonal, tree.findNode(new TestPoint2D(0.5, 0.5), cutBehavior));
        Assertions.assertSame(aboveDiagonal, tree.findNode(new TestPoint2D(3, 3), cutBehavior));
    }",AbstractBSPTreeTest::testFindNode_plusCutBehavior_oe
commons-geometry_871,"@Test
    void testInsert_convex_emptyTree_oe() {
        // arrange
        final TestBSPTree tree = new TestBSPTree();

        // act
        tree.insert(new TestLineSegment(1, 0, 1, 1));

        // assert
        final TestNode root = tree.getRoot();
        Assertions.assertFalse(root.isLeaf());
        Assertions.assertTrue(root.getMinus().isLeaf());
        Assertions.assertTrue(root.getPlus().isLeaf());

        final TestLineSegment seg = (TestLineSegment) root.getCut();
        PartitionTestUtils.assertPointsEqual(
                new TestPoint2D(1, Double.NEGATIVE_INFINITY),
                seg.getStartPoint());
        PartitionTestUtils.assertPointsEqual(
                new TestPoint2D(1, Double.POSITIVE_INFINITY),
                seg.getEndPoint());
    }",AbstractBSPTreeTest::testInsert_convex_emptyTree_oe
commons-geometry_872,"@Test
    void testInsert_convex_noSplit_oe() {
        // arrange
        final TestBSPTree tree = new TestBSPTree();
        tree.getRoot()
            .cut(TestLine.X_AXIS)
            .getMinus()
                .cut(TestLine.Y_AXIS);

        // act
        tree.insert(new TestLineSegment(0.5, 1.5, 1.5, 0.5));

        // assert
        final TestNode root = tree.getRoot();
        Assertions.assertFalse(root.isLeaf());

        final TestNode node = tree.findNode(new TestPoint2D(0.5, 0.5));
        final TestLineSegment seg = (TestLineSegment) node.getParent().getCut();

        PartitionTestUtils.assertPointsEqual(new TestPoint2D(0, 2), seg.getStartPoint());
        PartitionTestUtils.assertPointsEqual(new TestPoint2D(2, 0), seg.getEndPoint());

        Assertions.assertTrue(tree.getRoot().getPlus().isLeaf());
        Assertions.assertTrue(tree.getRoot().getMinus().getMinus().isLeaf());
    }",AbstractBSPTreeTest::testInsert_convex_noSplit_oe
commons-geometry_873,"@Test
    void testInsert_convex_split_oe() {
        // arrange
        final TestBSPTree tree = new TestBSPTree();
        tree.getRoot()
            .cut(TestLine.X_AXIS)
            .getMinus()
                .cut(TestLine.Y_AXIS);

        // act
        tree.insert(new TestLineSegment(-0.5, 2.5, 2.5, -0.5));

        // assert
        final TestNode root = tree.getRoot();
        Assertions.assertFalse(root.isLeaf());

        final TestNode plusXPlusY = tree.getRoot().getMinus().getPlus();
        final TestLineSegment plusXPlusYSeg = (TestLineSegment) plusXPlusY.getCut();

        PartitionTestUtils.assertPointsEqual(new TestPoint2D(0, 2), plusXPlusYSeg.getStartPoint());
        PartitionTestUtils.assertPointsEqual(new TestPoint2D(2, 0), plusXPlusYSeg.getEndPoint());

        final TestNode minusY = tree.getRoot().getPlus();
        final TestLineSegment minusYSeg = (TestLineSegment) minusY.getCut();

        PartitionTestUtils.assertPointsEqual(new TestPoint2D(2, 0), minusYSeg.getStartPoint());
        PartitionTestUtils.assertPointsEqual(
                new TestPoint2D(Double.POSITIVE_INFINITY, Double.NEGATIVE_INFINITY), minusYSeg.getEndPoint());

        final TestNode minusXPlusY = tree.getRoot().getMinus().getMinus();
        final TestLineSegment minusXPlusYSeg = (TestLineSegment) minusXPlusY.getCut();

        PartitionTestUtils.assertPointsEqual(
                new TestPoint2D(Double.NEGATIVE_INFINITY, Double.POSITIVE_INFINITY), minusXPlusYSeg.getStartPoint());
        PartitionTestUtils.assertPointsEqual(new TestPoint2D(0, 2), minusXPlusYSeg.getEndPoint());
    }",AbstractBSPTreeTest::testInsert_convex_split_oe
commons-geometry_874,"@Test
    void testInsert_convexList_convexRegion_oe() {
        // arrange
        final TestBSPTree tree = new TestBSPTree();

        final TestLineSegment a = new TestLineSegment(0, 0, 1, 0);
        final TestLineSegment b = new TestLineSegment(1, 0, 0, 1);
        final TestLineSegment c = new TestLineSegment(0, 1, 0, 0);

        // act
        tree.insert(Arrays.asList(a, b, c));

        // assert
        final List<TestLineSegment> segments = getLineSegments(tree);

        Assertions.assertEquals(3, segments.size());

        PartitionTestUtils.assertSegmentsEqual(
                new TestLineSegment(Double.NEGATIVE_INFINITY, Double.POSITIVE_INFINITY, TestLine.X_AXIS),
                segments.get(0));
        PartitionTestUtils.assertSegmentsEqual(
                new TestLineSegment(-Math.sqrt(0.5), Double.POSITIVE_INFINITY, new TestLine(1, 0, 0, 1)),
                segments.get(1));
        PartitionTestUtils.assertSegmentsEqual(c, segments.get(2));
    }",AbstractBSPTreeTest::testInsert_convexList_convexRegion_oe
commons-geometry_875,"@Test
    void testInsert_convexList_concaveRegion_oe() {
        // arrange
        final TestBSPTree tree = new TestBSPTree();

        final TestLineSegment a = new TestLineSegment(-1, -1, 1, -1);
        final TestLineSegment b = new TestLineSegment(1, -1, 0, 0);
        final TestLineSegment c = new TestLineSegment(0, 0, 1, 1);
        final TestLineSegment d = new TestLineSegment(1, 1, -1, 1);
        final TestLineSegment e = new TestLineSegment(-1, 1, -1, -1);

        // act
        tree.insert(Arrays.asList(a, b, c, d, e));

        // assert
        final List<TestLineSegment> segments = getLineSegments(tree);

        Assertions.assertEquals(5, segments.size());

        PartitionTestUtils.assertSegmentsEqual(
                new TestLineSegment(Double.NEGATIVE_INFINITY, Double.POSITIVE_INFINITY, new TestLine(-1, -1, 1, -1)),
                segments.get(0));
        PartitionTestUtils.assertSegmentsEqual(
                new TestLineSegment(-Math.sqrt(2), Double.POSITIVE_INFINITY, new TestLine(1, -1, 0, 0)),
                segments.get(1));
        PartitionTestUtils.assertSegmentsEqual(
                new TestLineSegment(-1, 1, -1, -1),
                segments.get(2));

        PartitionTestUtils.assertSegmentsEqual(
                new TestLineSegment(0, Double.POSITIVE_INFINITY, new TestLine(0, 0, 1, 1)),
                segments.get(3));
        PartitionTestUtils.assertSegmentsEqual(
                new TestLineSegment(1, 1, -1, 1),
                segments.get(4));
    }",AbstractBSPTreeTest::testInsert_convexList_concaveRegion_oe
commons-geometry_876,"@Test
    void testInsert_hyperplaneSubset_concaveRegion_oe() {
        // arrange
        final TestBSPTree tree = new TestBSPTree();

        final TestLineSegment a = new TestLineSegment(-1, -1, 1, -1);
        final TestLineSegment b = new TestLineSegment(1, -1, 0, 0);
        final TestLineSegment c = new TestLineSegment(0, 0, 1, 1);
        final TestLineSegment d = new TestLineSegment(1, 1, -1, 1);
        final TestLineSegment e = new TestLineSegment(-1, 1, -1, -1);

        final TestLineSegmentCollection coll = new TestLineSegmentCollection(
                Arrays.asList(a, b, c, d, e));

        // act
        tree.insert(coll);

        // assert
        final List<TestLineSegment> segments = getLineSegments(tree);

        Assertions.assertEquals(5, segments.size());

        PartitionTestUtils.assertSegmentsEqual(
                new TestLineSegment(Double.NEGATIVE_INFINITY, Double.POSITIVE_INFINITY, new TestLine(-1, -1, 1, -1)),
                segments.get(0));
        PartitionTestUtils.assertSegmentsEqual(
                new TestLineSegment(-Math.sqrt(2), Double.POSITIVE_INFINITY, new TestLine(1, -1, 0, 0)),
                segments.get(1));
        PartitionTestUtils.assertSegmentsEqual(
                new TestLineSegment(-1, 1, -1, -1),
                segments.get(2));

        PartitionTestUtils.assertSegmentsEqual(
                new TestLineSegment(0, Double.POSITIVE_INFINITY, new TestLine(0, 0, 1, 1)),
                segments.get(3));
        PartitionTestUtils.assertSegmentsEqual(
                new TestLineSegment(1, 1, -1, 1),
                segments.get(4));
    }",AbstractBSPTreeTest::testInsert_hyperplaneSubset_concaveRegion_oe
commons-geometry_877,"@Test
    void testInsert_boundarySource_oe() {
        // arrange
        final TestBSPTree tree = new TestBSPTree();

        final TestLineSegment a = new TestLineSegment(-1, -1, 1, -1);
        final TestLineSegment b = new TestLineSegment(1, -1, 0, 0);
        final TestLineSegment c = new TestLineSegment(0, 0, 1, 1);
        final TestLineSegment d = new TestLineSegment(1, 1, -1, 1);
        final TestLineSegment e = new TestLineSegment(-1, 1, -1, -1);

        final BoundarySource<TestLineSegment> src = () -> Stream.of(a, b, c, d, e);

        // act
        tree.insert(src);

        // assert
        final List<TestLineSegment> segments = getLineSegments(tree);

        Assertions.assertEquals(5, segments.size());

        PartitionTestUtils.assertSegmentsEqual(
                new TestLineSegment(Double.NEGATIVE_INFINITY, Double.POSITIVE_INFINITY, new TestLine(-1, -1, 1, -1)),
                segments.get(0));
        PartitionTestUtils.assertSegmentsEqual(
                new TestLineSegment(-Math.sqrt(2), Double.POSITIVE_INFINITY, new TestLine(1, -1, 0, 0)),
                segments.get(1));
        PartitionTestUtils.assertSegmentsEqual(
                new TestLineSegment(-1, 1, -1, -1),
                segments.get(2));

        PartitionTestUtils.assertSegmentsEqual(
                new TestLineSegment(0, Double.POSITIVE_INFINITY, new TestLine(0, 0, 1, 1)),
                segments.get(3));
        PartitionTestUtils.assertSegmentsEqual(
                new TestLineSegment(1, 1, -1, 1),
                segments.get(4));
    }",AbstractBSPTreeTest::testInsert_boundarySource_oe
commons-geometry_878,"@Test
    void testInsert_boundarySource_emptySource_oe() {
        // arrange
        final TestBSPTree tree = new TestBSPTree();

        final BoundarySource<TestLineSegment> src = Stream::empty;

        // act
        tree.insert(src);

        // assert
        Assertions.assertEquals(1, tree.count());
    }",AbstractBSPTreeTest::testInsert_boundarySource_emptySource_oe
commons-geometry_879,"@Test
    void testCount_oe() {
        // arrange
        final TestBSPTree tree = new TestBSPTree();

        // act/assert
        Assertions.assertEquals(1, tree.count());
        Assertions.assertEquals(1, tree.getRoot().count());

        tree.getRoot().insertCut(TestLine.X_AXIS);
        Assertions.assertEquals(1, tree.getRoot().getMinus().count());
        Assertions.assertEquals(1, tree.getRoot().getPlus().count());
        Assertions.assertEquals(3, tree.count());

        tree.getRoot().getPlus().insertCut(TestLine.Y_AXIS);
        Assertions.assertEquals(1, tree.getRoot().getMinus().count());
        Assertions.assertEquals(3, tree.getRoot().getPlus().count());
        Assertions.assertEquals(5, tree.count());

        tree.getRoot().getMinus().insertCut(TestLine.Y_AXIS);
        Assertions.assertEquals(3, tree.getRoot().getMinus().count());
        Assertions.assertEquals(3, tree.getRoot().getPlus().count());
        Assertions.assertEquals(7, tree.count());

        tree.getRoot().getMinus().insertCut(new TestLine(new TestPoint2D(-1, -1), new TestPoint2D(1, -1)));
        Assertions.assertEquals(1, tree.getRoot().getMinus().count());
        Assertions.assertEquals(3, tree.getRoot().getPlus().count());
        Assertions.assertEquals(5, tree.count());
    }",AbstractBSPTreeTest::testCount_oe
commons-geometry_880,"@Test
    void testHeight_oe() {
        // arrange
        final TestBSPTree tree = new TestBSPTree();

        // act/assert
        Assertions.assertEquals(0, tree.height());
        Assertions.assertEquals(0, tree.getRoot().height());

        tree.getRoot().insertCut(TestLine.X_AXIS);
        Assertions.assertEquals(0, tree.getRoot().getMinus().height());
        Assertions.assertEquals(0, tree.getRoot().getPlus().height());
        Assertions.assertEquals(1, tree.height());

        tree.getRoot().getPlus().insertCut(TestLine.Y_AXIS);
        Assertions.assertEquals(0, tree.getRoot().getMinus().height());
        Assertions.assertEquals(1, tree.getRoot().getPlus().height());
        Assertions.assertEquals(2, tree.height());

        tree.getRoot().getMinus().insertCut(TestLine.Y_AXIS);
        Assertions.assertEquals(1, tree.getRoot().getMinus().height());
        Assertions.assertEquals(1, tree.getRoot().getPlus().height());
        Assertions.assertEquals(2, tree.height());

        tree.getRoot().getMinus().clearCut();
        Assertions.assertEquals(0, tree.getRoot().getMinus().height());
        Assertions.assertEquals(1, tree.getRoot().getPlus().height());
        Assertions.assertEquals(2, tree.height());

        tree.getRoot().getPlus().getPlus()
            .insertCut(new TestLine(new TestPoint2D(0, -1), new TestPoint2D(1, -1)));

        Assertions.assertEquals(0, tree.getRoot().getMinus().height());
        Assertions.assertEquals(2, tree.getRoot().getPlus().height());
        Assertions.assertEquals(3, tree.height());
    }",AbstractBSPTreeTest::testHeight_oe
commons-geometry_881,"@Test
    void testDepth_oe() {
        // arrange
        final TestBSPTree tree = new TestBSPTree();

        final TestNode root = tree.getRoot();
        root.cut(TestLine.X_AXIS)
                .getMinus()
                    .cut(TestLine.Y_AXIS);

        // act/assert
        Assertions.assertEquals(0, root.depth());

        Assertions.assertEquals(1, root.getPlus().depth());

        Assertions.assertEquals(1, root.getMinus().depth());
        Assertions.assertEquals(2, root.getMinus().getPlus().depth());
        Assertions.assertEquals(2, root.getMinus().getMinus().depth());
    }",AbstractBSPTreeTest::testDepth_oe
commons-geometry_882,"@Test
    void testDepth_detachedNodes_oe() {
        // arrange
        final TestBSPTree tree = new TestBSPTree();

        final TestNode detached = new TestNode(tree);
        detached.cut(TestLine.X_AXIS)
            .getMinus()
                .cut(TestLine.Y_AXIS);

        // act/assert
        Assertions.assertEquals(-1, detached.depth());

        Assertions.assertEquals(-1, detached.getPlus().depth());

        Assertions.assertEquals(-1, detached.getMinus().depth());
        Assertions.assertEquals(-1, detached.getMinus().getPlus().depth());
        Assertions.assertEquals(-1, detached.getMinus().getMinus().depth());
    }",AbstractBSPTreeTest::testDepth_detachedNodes_oe
commons-geometry_883,"@Test
    void testVisit_defaultOrder_oe() {
        // arrange
        final TestBSPTree tree = new TestBSPTree();
        tree.getRoot().cut(TestLine.X_AXIS)
            .getMinus().cut(TestLine.Y_AXIS);

        final TestNode root = tree.getRoot();
        final TestNode minus = root.getMinus();
        final TestNode plus = root.getPlus();
        final TestNode minusMinus = minus.getMinus();
        final TestNode minusPlus = minus.getPlus();

        final List<TestNode> nodes = new ArrayList<>();

        // act
        tree.accept(node -> {
            nodes.add(node);
            return BSPTreeVisitor.Result.CONTINUE;
        });

        // assert
        Assertions.assertEquals(Arrays.asList(root,minus,minusMinus,minusPlus,plus),nodes);
    }",AbstractBSPTreeTest::testVisit_defaultOrder_oe
commons-geometry_884,"@Test
    void testVisit_specifiedOrder_oe() {
        // arrange
        final TestBSPTree tree = new TestBSPTree();
        tree.getRoot().cut(TestLine.X_AXIS)
            .getMinus().cut(TestLine.Y_AXIS);

        final TestNode root = tree.getRoot();
        final TestNode minus = root.getMinus();
        final TestNode plus = root.getPlus();
        final TestNode minusMinus = minus.getMinus();
        final TestNode minusPlus = minus.getPlus();

        // act/assert
        final TestVisitor plusMinusNode = new TestVisitor(BSPTreeVisitor.Order.PLUS_MINUS_NODE);
        tree.accept(plusMinusNode);
        Assertions.assertEquals(Arrays.asList(plus,minusPlus,minusMinus,minus,root),plusMinusNode.getVisited());

        final TestVisitor plusNodeMinus = new TestVisitor(BSPTreeVisitor.Order.PLUS_NODE_MINUS);
        tree.accept(plusNodeMinus);
        Assertions.assertEquals(Arrays.asList(plus,root,minusPlus,minus,minusMinus),plusNodeMinus.getVisited());

        final TestVisitor minusPlusNode = new TestVisitor(BSPTreeVisitor.Order.MINUS_PLUS_NODE);
        tree.accept(minusPlusNode);
        Assertions.assertEquals(Arrays.asList(minusMinus,minusPlus,minus,plus,root),minusPlusNode.getVisited());

        final TestVisitor minusNodePlus = new TestVisitor(BSPTreeVisitor.Order.MINUS_NODE_PLUS);
        tree.accept(minusNodePlus);
        Assertions.assertEquals(Arrays.asList(minusMinus,minus,minusPlus,root,plus),minusNodePlus.getVisited());

        final TestVisitor nodeMinusPlus = new TestVisitor(BSPTreeVisitor.Order.NODE_MINUS_PLUS);
        tree.accept(nodeMinusPlus);
        Assertions.assertEquals(Arrays.asList(root,minus,minusMinus,minusPlus,plus),nodeMinusPlus.getVisited());

        final TestVisitor nodePlusMinus = new TestVisitor(BSPTreeVisitor.Order.NODE_PLUS_MINUS);
        tree.accept(nodePlusMinus);
        Assertions.assertEquals(Arrays.asList(root,plus,minus,minusPlus,minusMinus),nodePlusMinus.getVisited());
    }",AbstractBSPTreeTest::testVisit_specifiedOrder_oe
commons-geometry_885,"@Test
    void testVisit_nullVisitOrderSkipsSubtree_oe() {
        // arrange
        final TestBSPTree tree = new TestBSPTree();
        tree.getRoot().cut(TestLine.X_AXIS)
            .getMinus().cut(TestLine.Y_AXIS);

        final TestNode root = tree.getRoot();
        final TestNode plus = root.getPlus();
        final TestNode minus = root.getMinus();

        final TestVisitor visitor = new TestVisitor(BSPTreeVisitor.Order.NODE_MINUS_PLUS) {
            @Override
            public Order visitOrder(final TestNode node) {
                if (node == minus) {
                    return null;
                }
                return super.visitOrder(node);
            }
        };

        // act
        tree.accept(visitor);

        // assert
        Assertions.assertEquals(Arrays.asList(root,plus),visitor.getVisited());
    }",AbstractBSPTreeTest::testVisit_nullVisitOrderSkipsSubtree_oe
commons-geometry_886,"@Test
    void testVisit_noneVisitOrderSkipsSubtree_oe() {
        // arrange
        final TestBSPTree tree = new TestBSPTree();
        tree.getRoot().cut(TestLine.X_AXIS)
            .getMinus().cut(TestLine.Y_AXIS);

        final TestNode root = tree.getRoot();
        final TestNode plus = root.getPlus();
        final TestNode minus = root.getMinus();

        final TestVisitor visitor = new TestVisitor(BSPTreeVisitor.Order.NODE_MINUS_PLUS) {
            @Override
            public Order visitOrder(final TestNode node) {
                if (node == minus) {
                    return Order.NONE;
                }
                return super.visitOrder(node);
            }
        };

        // act
        tree.accept(visitor);

        // assert
        Assertions.assertEquals(Arrays.asList(root,plus),visitor.getVisited());
    }",AbstractBSPTreeTest::testVisit_noneVisitOrderSkipsSubtree_oe
commons-geometry_887,"@Test
    void testVisit_visitorReturnsNull_terminatesEarly_oe() {
        // arrange
        final TestBSPTree tree = new TestBSPTree();
        tree.getRoot().cut(TestLine.X_AXIS)
            .getMinus().cut(TestLine.Y_AXIS);

        final TestNode root = tree.getRoot();
        final TestNode minus = root.getMinus();
        final TestNode minusMinus = minus.getMinus();
        final TestNode minusPlus = minus.getPlus();

        final TestVisitor visitor = new TestVisitor(BSPTreeVisitor.Order.MINUS_PLUS_NODE) {
            @Override
            public Result visit(final TestNode node) {
                super.visit(node);

                if (node == minus) {
                    return null;
                }
                return Result.CONTINUE;
            }
        };

        // act
        tree.accept(visitor);

        // assert
        Assertions.assertEquals(Arrays.asList(minusMinus,minusPlus,minus),visitor.getVisited());
    }",AbstractBSPTreeTest::testVisit_visitorReturnsNull_terminatesEarly_oe
commons-geometry_888,"@Test
    void testVisit_visitorReturnsTerminate_terminatesEarly_oe() {
        // arrange
        final TestBSPTree tree = new TestBSPTree();
        tree.getRoot().cut(TestLine.X_AXIS)
            .getMinus().cut(TestLine.Y_AXIS);

        final TestNode root = tree.getRoot();
        final TestNode minus = root.getMinus();
        final TestNode minusMinus = minus.getMinus();
        final TestNode minusPlus = minus.getPlus();

        final TestVisitor visitor = new TestVisitor(BSPTreeVisitor.Order.MINUS_PLUS_NODE) {
            @Override
            public Result visit(final TestNode node) {
                super.visit(node);

                if (node == minus) {
                    return Result.TERMINATE;
                }
                return Result.CONTINUE;
            }
        };

        // act
        tree.accept(visitor);

        // assert
        Assertions.assertEquals(Arrays.asList(minusMinus,minusPlus,minus),visitor.getVisited());
    }",AbstractBSPTreeTest::testVisit_visitorReturnsTerminate_terminatesEarly_oe
commons-geometry_889,"@Test
    void testVisit_earlyTerminationPermutations_oe() {
        // arrange
        final TestBSPTree tree = new TestBSPTree();
        tree.getRoot().cut(TestLine.X_AXIS)
            .getMinus().cut(TestLine.Y_AXIS);

        final TestNode root = tree.getRoot();
        final TestNode minus = root.getMinus();
        final TestNode plus = root.getPlus();
        final TestNode minusMinus = minus.getMinus();
        final TestNode minusPlus = minus.getPlus();

        // act/assert
        final TestVisitor plusMinusNode = new TestVisitor(BSPTreeVisitor.Order.PLUS_MINUS_NODE).withTerminationNode(minus);
        tree.accept(plusMinusNode);
        Assertions.assertEquals(Arrays.asList(plus,minusPlus,minusMinus,minus),plusMinusNode.getVisited());

        final TestVisitor plusNodeMinus = new TestVisitor(BSPTreeVisitor.Order.PLUS_NODE_MINUS).withTerminationNode(minus);
        tree.accept(plusNodeMinus);
        Assertions.assertEquals(Arrays.asList(plus,root,minusPlus,minus),plusNodeMinus.getVisited());

        final TestVisitor minusPlusNode = new TestVisitor(BSPTreeVisitor.Order.MINUS_PLUS_NODE).withTerminationNode(minus);
        tree.accept(minusPlusNode);
        Assertions.assertEquals(Arrays.asList(minusMinus,minusPlus,minus),minusPlusNode.getVisited());

        final TestVisitor minusNodePlus = new TestVisitor(BSPTreeVisitor.Order.MINUS_NODE_PLUS).withTerminationNode(minus);
        tree.accept(minusNodePlus);
        Assertions.assertEquals(Arrays.asList(minusMinus,minus),minusNodePlus.getVisited());

        final TestVisitor nodeMinusPlus = new TestVisitor(BSPTreeVisitor.Order.NODE_MINUS_PLUS).withTerminationNode(minus);
        tree.accept(nodeMinusPlus);
        Assertions.assertEquals(Arrays.asList(root,minus),nodeMinusPlus.getVisited());

        final TestVisitor nodePlusMinus = new TestVisitor(BSPTreeVisitor.Order.NODE_PLUS_MINUS).withTerminationNode(minus);
        tree.accept(nodePlusMinus);
        Assertions.assertEquals(Arrays.asList(root,plus,minus),nodePlusMinus.getVisited());
    }",AbstractBSPTreeTest::testVisit_earlyTerminationPermutations_oe
commons-geometry_890,"@Test
    void testVisit_visitNode_oe() {
        // arrange
        final TestBSPTree tree = new TestBSPTree();
        tree.getRoot().cut(TestLine.X_AXIS)
            .getMinus().cut(TestLine.Y_AXIS);

        final TestNode root = tree.getRoot();
        final TestNode minus = root.getMinus();
        final TestNode minusMinus = minus.getMinus();
        final TestNode minusPlus = minus.getPlus();

        final List<TestNode> nodes = new ArrayList<>();

        // act
        minus.accept(node -> {
            nodes.add(node);
            return BSPTreeVisitor.Result.CONTINUE;
        });

        // assert
        Assertions.assertEquals(Arrays.asList(minus,minusMinus,minusPlus),nodes);
    }",AbstractBSPTreeTest::testVisit_visitNode_oe
commons-geometry_891,"@Test
    void testNodesIterable_emptyTree_oe() {
        // arrange
        final TestBSPTree tree = new TestBSPTree();
        final List<TestNode> nodes = new ArrayList<>();

        // act
        for (final TestNode node : tree.nodes()) {
            nodes.add(node);
        }

        // assert
        Assertions.assertEquals(1, nodes.size());
        Assertions.assertSame(tree.getRoot(), nodes.get(0));
    }",AbstractBSPTreeTest::testNodesIterable_emptyTree_oe
commons-geometry_892,"@Test
    void testNodesIterable_multipleNodes_oe() {
        // arrange
        final TestBSPTree tree = new TestBSPTree();

        final TestNode root = tree.getRoot();
        root.cut(TestLine.X_AXIS)
                .getMinus()
                    .cut(TestLine.Y_AXIS)
                 .getParent()
                 .getPlus()
                     .cut(TestLine.Y_AXIS);

        final List<TestNode> nodes = new ArrayList<>();

        // act
        for (final TestNode node : tree.nodes()) {
            nodes.add(node);
        }

        // assert
        Assertions.assertEquals(7, nodes.size());
        Assertions.assertSame(root, nodes.get(0));

        Assertions.assertSame(root.getMinus(), nodes.get(1));
        Assertions.assertSame(root.getMinus().getMinus(), nodes.get(2));
        Assertions.assertSame(root.getMinus().getPlus(), nodes.get(3));

        Assertions.assertSame(root.getPlus(), nodes.get(4));
        Assertions.assertSame(root.getPlus().getMinus(), nodes.get(5));
        Assertions.assertSame(root.getPlus().getPlus(), nodes.get(6));
    }",AbstractBSPTreeTest::testNodesIterable_multipleNodes_oe
commons-geometry_893,"@Test
    void testNodesIterable_iteratorThrowsNoSuchElementExceptionAtEnd_oe() {
        // arrange
        final TestBSPTree tree = new TestBSPTree();

        final Iterator<TestNode> it = tree.nodes().iterator();
        it.next();

        // act
        try {
            it.next();
            Assertions.fail(""Operation should have thrown an exception"");
        } catch (final NoSuchElementException exc) {
            // expected
        }
    }",AbstractBSPTreeTest::testNodesIterable_iteratorThrowsNoSuchElementExceptionAtEnd_oe
commons-geometry_894,"@Test
    void testSubtreeNodesIterable_singleNodeSubtree_oe() {
        // arrange
        final TestBSPTree tree = new TestBSPTree();
        final TestNode node = tree.getRoot().cut(TestLine.X_AXIS)
            .getMinus()
                .cut(TestLine.Y_AXIS)
                .getMinus();

        final List<TestNode> nodes = new ArrayList<>();
        // act
        for (final TestNode n : node.nodes()) {
            nodes.add(n);
        }

        // assert
        Assertions.assertEquals(1, nodes.size());
        Assertions.assertSame(node, nodes.get(0));
    }",AbstractBSPTreeTest::testSubtreeNodesIterable_singleNodeSubtree_oe
commons-geometry_895,"@Test
    void testSubtreeNodesIterable_multipleNodeSubtree_oe() {
        // arrange
        final TestBSPTree tree = new TestBSPTree();
        final TestNode node = tree.getRoot().cut(TestLine.X_AXIS)
            .getMinus()
                .cut(TestLine.Y_AXIS);

        final List<TestNode> nodes = new ArrayList<>();
        // act
        for (final TestNode n : node.nodes()) {
            nodes.add(n);
        }

        // assert
        Assertions.assertEquals(3, nodes.size());
        Assertions.assertSame(node, nodes.get(0));
        Assertions.assertSame(node.getMinus(), nodes.get(1));
        Assertions.assertSame(node.getPlus(), nodes.get(2));
    }",AbstractBSPTreeTest::testSubtreeNodesIterable_multipleNodeSubtree_oe
commons-geometry_896,"@Test
    void testNodeTrim_oe() {
        // arrange
        final TestBSPTree tree = new TestBSPTree();
        tree.getRoot().cut(TestLine.Y_AXIS)
            .getPlus()
                .cut(new TestLine(new TestPoint2D(0, 0), new TestPoint2D(1, 1)))
                .getPlus()
                    .cut(new TestLine(new TestPoint2D(1.5, 1.5), new TestPoint2D(2, 1)));

        final TestNode root = tree.getRoot();
        final TestNode plus = root.getPlus();
        final TestNode plusMinus = plus.getMinus();
        final TestNode plusPlusPlus = plus.getPlus().getPlus();

        final TestLineSegment xAxisSeg = TestLine.X_AXIS.span();
        final TestLineSegment shortSeg = new TestLineSegment(new TestPoint2D(2, 0), new TestPoint2D(2, 2));

        // act/assert
        Assertions.assertSame(xAxisSeg, root.trim(xAxisSeg));
        Assertions.assertSame(shortSeg, root.trim(shortSeg));

        PartitionTestUtils.assertSegmentsEqual(new TestLineSegment(0, Double.POSITIVE_INFINITY, TestLine.X_AXIS),
                (TestLineSegment) plus.trim(xAxisSeg));
        Assertions.assertSame(shortSeg, plus.trim(shortSeg));

        Assertions.assertNull(plusMinus.trim(xAxisSeg));
        Assertions.assertNull(plusMinus.trim(shortSeg));

        PartitionTestUtils.assertSegmentsEqual(new TestLineSegment(0, 3, TestLine.X_AXIS),
                (TestLineSegment) plusPlusPlus.trim(xAxisSeg));
        PartitionTestUtils.assertSegmentsEqual(new TestLineSegment(new TestPoint2D(2, 0), new TestPoint2D(2, 1)),
                (TestLineSegment) plusPlusPlus.trim(shortSeg));
    }",AbstractBSPTreeTest::testNodeTrim_oe
commons-geometry_897,"@Test
    void testCopy_rootOnly_oe() {
        // arrange
        final TestBSPTree tree = new TestBSPTree();

        // act
        final TestBSPTree copy = new TestBSPTree();
        copy.copy(tree);

        // assert
        Assertions.assertNotSame(tree, copy);
        Assertions.assertNotSame(tree.getRoot(), copy.getRoot());

        Assertions.assertEquals(tree.count(), copy.count());
    }",AbstractBSPTreeTest::testCopy_rootOnly_oe
commons-geometry_898,"@Test
    void testCopy_withCuts_oe() {
        // arrange
        final TestBSPTree tree = new TestBSPTree();
        tree.getRoot()
            .cut(TestLine.X_AXIS)
            .getMinus()
                .cut(TestLine.Y_AXIS);

        // act
        final TestBSPTree copy = new TestBSPTree();
        copy.copy(tree);

        // assert
        Assertions.assertNotSame(tree, copy);
        assertNodesCopiedRecursive(tree.getRoot(), copy.getRoot());
        Assertions.assertEquals(tree.count(), copy.count());
    }",AbstractBSPTreeTest::testCopy_withCuts_oe
commons-geometry_899,"@Test
    void testCopy_changesToOneTreeDoNotAffectCopy_oe() {
        // arrange
        final TestBSPTree tree = new TestBSPTree();
        tree.getRoot()
            .cut(TestLine.X_AXIS)
            .getMinus()
                .cut(TestLine.Y_AXIS);

        // act
        final TestBSPTree copy = new TestBSPTree();
        copy.copy(tree);
        tree.getRoot().clearCut();

        // assert
        Assertions.assertEquals(1, tree.count());
        Assertions.assertEquals(5, copy.count());
    }",AbstractBSPTreeTest::testCopy_changesToOneTreeDoNotAffectCopy_oe
commons-geometry_900,"@Test
    void testCopy_instancePassedAsArgument_oe() {
        // arrange
        final TestBSPTree tree = new TestBSPTree();
        tree.getRoot()
            .cut(TestLine.X_AXIS)
            .getMinus()
                .cut(TestLine.Y_AXIS);

        // act
        tree.copy(tree);

        // assert
        Assertions.assertEquals(5, tree.count());
    }",AbstractBSPTreeTest::testCopy_instancePassedAsArgument_oe
commons-geometry_901,"@Test
    void testExtract_singleNodeTree_oe() {
        // arrange
        final TestBSPTree tree = new TestBSPTree();

        final TestBSPTree result = new TestBSPTree();
        result.getRoot().insertCut(TestLine.X_AXIS);

        // act
        result.extract(tree.getRoot());

        // assert
        Assertions.assertNotSame(tree.getRoot(), result.getRoot());
        Assertions.assertEquals(1, tree.count());
        Assertions.assertEquals(1, result.count());

        PartitionTestUtils.assertTreeStructure(tree);
        PartitionTestUtils.assertTreeStructure(result);
    }",AbstractBSPTreeTest::testExtract_singleNodeTree_oe
commons-geometry_902,"@Test
    void testExtract_clearsExistingNodesInCallingTree_oe() {
        // arrange
        final TestBSPTree tree = new TestBSPTree();

        final TestBSPTree result = new TestBSPTree();
        result.getRoot().cut(TestLine.X_AXIS)
            .getMinus().cut(TestLine.Y_AXIS);

        // act
        result.extract(tree.getRoot());

        // assert
        Assertions.assertNotSame(tree.getRoot(), result.getRoot());
        Assertions.assertEquals(1, tree.count());
        Assertions.assertEquals(1, result.count());

        PartitionTestUtils.assertTreeStructure(tree);
        PartitionTestUtils.assertTreeStructure(result);
    }",AbstractBSPTreeTest::testExtract_clearsExistingNodesInCallingTree_oe
commons-geometry_903,"@Test
    void testExtract_internalNode_oe() {
        // arrange
        final TestBSPTree tree = new TestBSPTree();
        tree.insert(Arrays.asList(
                    new TestLineSegment(TestPoint2D.ZERO, new TestPoint2D(1, 0)),
                    new TestLineSegment(new TestPoint2D(0, -1), new TestPoint2D(0, 1)),
                    new TestLineSegment(new TestPoint2D(1, 2), new TestPoint2D(2, 1)),
                    new TestLineSegment(new TestPoint2D(-1, 2), new TestPoint2D(-2, 1)),
                    new TestLineSegment(new TestPoint2D(0, -2), new TestPoint2D(1, -2))
                ));

        final TestBSPTree result = new TestBSPTree();

        // act
        result.extract(tree.getRoot().getPlus());

        // assert
        Assertions.assertEquals(7, result.count());

        final List<TestLineSegment> resultSegments = getLineSegments(result);
        Assertions.assertEquals(3, resultSegments.size());

        PartitionTestUtils.assertSegmentsEqual(
                new TestLineSegment(Double.NEGATIVE_INFINITY, Double.POSITIVE_INFINITY, TestLine.X_AXIS),
                resultSegments.get(0));
        PartitionTestUtils.assertSegmentsEqual(
                new TestLineSegment(Double.NEGATIVE_INFINITY, 0, TestLine.Y_AXIS),
                resultSegments.get(1));
        PartitionTestUtils.assertSegmentsEqual(
                new TestLineSegment(0, Double.POSITIVE_INFINITY, new TestLine(new TestPoint2D(0, -2), new TestPoint2D(1, -2))),
                resultSegments.get(2));

        Assertions.assertEquals(13, tree.count());

        final List<TestLineSegment> inputSegment = getLineSegments(tree);
        Assertions.assertEquals(6, inputSegment.size());

        PartitionTestUtils.assertTreeStructure(tree);
        PartitionTestUtils.assertTreeStructure(result);
    }",AbstractBSPTreeTest::testExtract_internalNode_oe
commons-geometry_904,"@Test
    void testExtract_leafNode_oe() {
        // arrange
        final TestBSPTree tree = new TestBSPTree();
        tree.insert(Arrays.asList(
                    new TestLineSegment(TestPoint2D.ZERO, new TestPoint2D(1, 0)),
                    new TestLineSegment(new TestPoint2D(0, -1), new TestPoint2D(0, 1)),
                    new TestLineSegment(new TestPoint2D(1, 2), new TestPoint2D(2, 1)),
                    new TestLineSegment(new TestPoint2D(-1, 2), new TestPoint2D(-2, 1)),
                    new TestLineSegment(new TestPoint2D(0, -2), new TestPoint2D(1, -2))
                ));

        final TestPoint2D pt = new TestPoint2D(1, 1);

        final TestNode node = tree.findNode(pt);
        final TestBSPTree result = new TestBSPTree();

        // act
        result.extract(node);

        // assert
        final TestNode resultNode = result.findNode(pt);
        Assertions.assertNotNull(resultNode);
        Assertions.assertNotSame(node, resultNode);

        Assertions.assertEquals(7, result.count());

        final List<TestLineSegment> resultSegments = getLineSegments(result);
        Assertions.assertEquals(3, resultSegments.size());

        PartitionTestUtils.assertSegmentsEqual(
                new TestLineSegment(Double.NEGATIVE_INFINITY, Double.POSITIVE_INFINITY, TestLine.X_AXIS),
                resultSegments.get(0));
        PartitionTestUtils.assertSegmentsEqual(
                new TestLineSegment(0, Double.POSITIVE_INFINITY, TestLine.Y_AXIS),
                resultSegments.get(1));
        PartitionTestUtils.assertSegmentsEqual(
                new TestLineSegment(new TestPoint2D(0, 3), new TestPoint2D(3, 0)),
                resultSegments.get(2));

        Assertions.assertEquals(13, tree.count());

        final List<TestLineSegment> inputSegment = getLineSegments(tree);
        Assertions.assertEquals(6, inputSegment.size());

        PartitionTestUtils.assertTreeStructure(tree);
        PartitionTestUtils.assertTreeStructure(result);
    }",AbstractBSPTreeTest::testExtract_leafNode_oe
commons-geometry_905,"@Test
    void testExtract_extractFromSameTree_oe() {
        // arrange
        final TestBSPTree tree = new TestBSPTree();
        tree.insert(Arrays.asList(
                    new TestLineSegment(TestPoint2D.ZERO, new TestPoint2D(1, 0)),
                    new TestLineSegment(new TestPoint2D(0, -1), new TestPoint2D(0, 1)),
                    new TestLineSegment(new TestPoint2D(1, 2), new TestPoint2D(2, 1)),
                    new TestLineSegment(new TestPoint2D(-1, 2), new TestPoint2D(-2, 1)),
                    new TestLineSegment(new TestPoint2D(0, -2), new TestPoint2D(1, -2))
                ));

        final TestPoint2D pt = new TestPoint2D(1, 1);

        final TestNode node = tree.findNode(pt);

        // act
        tree.extract(node);

        // assert
        final TestNode resultNode = tree.findNode(pt);
        Assertions.assertNotNull(resultNode);
        Assertions.assertSame(node, resultNode);

        Assertions.assertEquals(7, tree.count());

        final List<TestLineSegment> resultSegments = getLineSegments(tree);
        Assertions.assertEquals(3, resultSegments.size());

        PartitionTestUtils.assertSegmentsEqual(
                new TestLineSegment(Double.NEGATIVE_INFINITY, Double.POSITIVE_INFINITY, TestLine.X_AXIS),
                resultSegments.get(0));
        PartitionTestUtils.assertSegmentsEqual(
                new TestLineSegment(0, Double.POSITIVE_INFINITY, TestLine.Y_AXIS),
                resultSegments.get(1));
        PartitionTestUtils.assertSegmentsEqual(
                new TestLineSegment(new TestPoint2D(0, 3), new TestPoint2D(3, 0)),
                resultSegments.get(2));

        PartitionTestUtils.assertTreeStructure(tree);
    }",AbstractBSPTreeTest::testExtract_extractFromSameTree_oe
commons-geometry_906,"@Test
    void testTransform_singleNodeTree_oe() {
        // arrange
        final TestBSPTree tree = new TestBSPTree();

        final Transform<TestPoint2D> t = new TestTransform2D(p -> new TestPoint2D(p.getX(), p.getY() + 2));

        // act
        tree.transform(t);

        // assert
        Assertions.assertEquals(1, tree.count());
        Assertions.assertTrue(tree.getRoot().isLeaf());
    }",AbstractBSPTreeTest::testTransform_singleNodeTree_oe
commons-geometry_907,"@Test
    void testTransform_singleCut_oe() {
        // arrange
        final TestBSPTree tree = new TestBSPTree();
        tree.getRoot().insertCut(TestLine.X_AXIS);

        final Transform<TestPoint2D> t = new TestTransform2D(p -> new TestPoint2D(p.getX(), p.getY() + 2));

        // act
        tree.transform(t);

        // assert
        Assertions.assertEquals(3, tree.count());

        final List<TestLineSegment> segments = getLineSegments(tree);
        Assertions.assertEquals(1, segments.size());

        final TestLineSegment seg = segments.get(0);
        PartitionTestUtils.assertPointsEqual(new TestPoint2D(Double.NEGATIVE_INFINITY, 2), seg.getStartPoint());
        PartitionTestUtils.assertPointsEqual(new TestPoint2D(Double.POSITIVE_INFINITY, 2), seg.getEndPoint());
    }",AbstractBSPTreeTest::testTransform_singleCut_oe
commons-geometry_908,"@Test
    void testTransform_multipleCuts_oe() {
        // arrange
        final TestBSPTree tree = new TestBSPTree();
        tree.insert(Arrays.asList(
                    new TestLineSegment(new TestPoint2D(-1, 0), new TestPoint2D(1, 0)),
                    new TestLineSegment(new TestPoint2D(-1, -1), new TestPoint2D(1, 1)),
                    new TestLineSegment(new TestPoint2D(3, 1), new TestPoint2D(3, 2))
                ));

        final Transform<TestPoint2D> t = new TestTransform2D(p -> new TestPoint2D(0.5 * p.getX(), p.getY() + 2));

        // act
        tree.transform(t);

        // assert
        Assertions.assertEquals(9, tree.count());

        final List<TestLineSegment> segments = getLineSegments(tree);
        Assertions.assertEquals(4, segments.size());

        final TestLineSegment segment1 = segments.get(0);
        PartitionTestUtils.assertPointsEqual(new TestPoint2D(Double.NEGATIVE_INFINITY, 2), segment1.getStartPoint());
        PartitionTestUtils.assertPointsEqual(new TestPoint2D(Double.POSITIVE_INFINITY, 2), segment1.getEndPoint());

        final TestLineSegment segment2 = segments.get(1);
        PartitionTestUtils.assertPointsEqual(new TestPoint2D(0, 2), segment2.getStartPoint());
        PartitionTestUtils.assertPointsEqual(new TestPoint2D(Double.POSITIVE_INFINITY, Double.POSITIVE_INFINITY), segment2.getEndPoint());

        final TestLineSegment segment3 = segments.get(2);
        PartitionTestUtils.assertPointsEqual(new TestPoint2D(1.5, 2), segment3.getStartPoint());
        PartitionTestUtils.assertPointsEqual(new TestPoint2D(1.5, 5), segment3.getEndPoint());

        final TestLineSegment segment4 = segments.get(3);
        PartitionTestUtils.assertPointsEqual(new TestPoint2D(Double.NEGATIVE_INFINITY, Double.NEGATIVE_INFINITY), segment4.getStartPoint());
        PartitionTestUtils.assertPointsEqual(new TestPoint2D(0, 2), segment4.getEndPoint());
    }",AbstractBSPTreeTest::testTransform_multipleCuts_oe
commons-geometry_909,"@Test
    void testTransform_xAxisReflection_oe() {
        // arrange
        final TestBSPTree tree = new TestBSPTree();
        tree.insert(Arrays.asList(
                    new TestLineSegment(new TestPoint2D(-1, 0), new TestPoint2D(1, 0)),
                    new TestLineSegment(new TestPoint2D(0, -1), new TestPoint2D(0, 1)),
                    new TestLineSegment(new TestPoint2D(0, 3), new TestPoint2D(3, 0))
                ));

        final Transform<TestPoint2D> t = new TestTransform2D(p -> new TestPoint2D(-p.getX(), p.getY()));

        final Map<TestPoint2D, TestNode> pointNodeMap = createPointNodeMap(tree, -5, 5);

        // act
        tree.transform(t);

        // assert
        checkTransformedPointNodeMap(tree, t, pointNodeMap);

        final List<TestLineSegment> segments = getLineSegments(tree);
        Assertions.assertEquals(4, segments.size());
    }",AbstractBSPTreeTest::testTransform_xAxisReflection_oe
commons-geometry_910,"@Test
    void testTransform_yAxisReflection_oe() {
        // arrange
        final TestBSPTree tree = new TestBSPTree();
        tree.insert(Arrays.asList(
                    new TestLineSegment(new TestPoint2D(-1, 0), new TestPoint2D(1, 0)),
                    new TestLineSegment(new TestPoint2D(0, -1), new TestPoint2D(0, 1)),
                    new TestLineSegment(new TestPoint2D(0, 3), new TestPoint2D(3, 0))
                ));

        final Transform<TestPoint2D> t = new TestTransform2D(p -> new TestPoint2D(p.getX(), -p.getY()));

        final Map<TestPoint2D, TestNode> pointNodeMap = createPointNodeMap(tree, -5, 5);

        // act
        tree.transform(t);

        // assert
        checkTransformedPointNodeMap(tree, t, pointNodeMap);

        final List<TestLineSegment> segments = getLineSegments(tree);
        Assertions.assertEquals(4, segments.size());
    }",AbstractBSPTreeTest::testTransform_yAxisReflection_oe
commons-geometry_911,"@Test
    void testTransform_xAndYAxisReflection_oe() {
        // arrange
        final TestBSPTree tree = new TestBSPTree();
        tree.insert(Arrays.asList(
                    new TestLineSegment(new TestPoint2D(-1, 0), new TestPoint2D(1, 0)),
                    new TestLineSegment(new TestPoint2D(0, -1), new TestPoint2D(0, 1)),
                    new TestLineSegment(new TestPoint2D(0, 3), new TestPoint2D(3, 0))
                ));

        final Transform<TestPoint2D> t = new TestTransform2D(p -> new TestPoint2D(-p.getX(), -p.getY()));

        final Map<TestPoint2D, TestNode> pointNodeMap = createPointNodeMap(tree, -5, 5);

        // act
        tree.transform(t);

        // assert
        checkTransformedPointNodeMap(tree, t, pointNodeMap);

        final List<TestLineSegment> segments = getLineSegments(tree);
        Assertions.assertEquals(4, segments.size());
    }",AbstractBSPTreeTest::testTransform_xAndYAxisReflection_oe
commons-geometry_912,"@Test
    void testTreeString_oe() {
        // arrange
        final TestBSPTree tree = new TestBSPTree();
        tree.getRoot().cut(TestLine.X_AXIS)
            .getMinus().cut(TestLine.Y_AXIS);

        // act
        final String str = tree.treeString();

        // assert
        final String[] lines = str.split(""\n"");
        Assertions.assertEquals(5, lines.length);
        Assertions.assertTrue(lines[0].startsWith(""TestNode[cut= TestLineSegment""));
        Assertions.assertTrue(lines[1].startsWith(""    [-] TestNode[cut= TestLineSegment""));
        Assertions.assertEquals(""        [-] TestNode[cut= null]"", lines[2]);
        Assertions.assertEquals(""        [+] TestNode[cut= null]"", lines[3]);
        Assertions.assertEquals(""    [+] TestNode[cut= null]"", lines[4]);
    }",AbstractBSPTreeTest::testTreeString_oe
commons-geometry_913,"@Test
    void testTreeString_emptyTree_oe() {
        // arrange
        final TestBSPTree tree = new TestBSPTree();

        // act
        final String str = tree.treeString();

        // assert
        Assertions.assertEquals(""TestNode[cut= null]"", str);
    }",AbstractBSPTreeTest::testTreeString_emptyTree_oe
commons-geometry_914,"@Test
    void testTreeString_reachesMaxDepth_oe() {
        // arrange
        final TestBSPTree tree = new TestBSPTree();
        tree.getRoot().cut(TestLine.X_AXIS)
            .getMinus().cut(TestLine.Y_AXIS)
            .getMinus().cut(new TestLine(new TestPoint2D(-2, 1), new TestPoint2D(0, 1)));

        // act
        final String str = tree.treeString(1);

        // assert
        final String[] lines = str.split(""\n"");
        Assertions.assertEquals(4, lines.length);
        Assertions.assertTrue(lines[0].startsWith(""TestNode[cut= TestLineSegment""));
        Assertions.assertTrue(lines[1].startsWith(""    [-] TestNode[cut= TestLineSegment""));
        Assertions.assertEquals(""        ..."", lines[2]);
        Assertions.assertEquals(""    [+] TestNode[cut= null]"", lines[3]);
    }",AbstractBSPTreeTest::testTreeString_reachesMaxDepth_oe
commons-geometry_915,"@Test
    void testTreeString_zeroMaxDepth_oe() {
        // arrange
        final TestBSPTree tree = new TestBSPTree();
        tree.getRoot().cut(TestLine.X_AXIS)
            .getMinus().cut(TestLine.Y_AXIS)
            .getMinus().cut(new TestLine(new TestPoint2D(-2, 1), new TestPoint2D(0, 1)));

        // act
        final String str = tree.treeString(0);

        // assert
        final String[] lines = str.split(""\n"");
        Assertions.assertEquals(2, lines.length);
        Assertions.assertTrue(lines[0].startsWith(""TestNode[cut= TestLineSegment""));
        Assertions.assertTrue(lines[1].startsWith(""    ...""));
    }",AbstractBSPTreeTest::testTreeString_zeroMaxDepth_oe
commons-geometry_916,"@Test
    void testTreeString_negativeMaxDepth_oe() {
        // arrange
        final TestBSPTree tree = new TestBSPTree();
        tree.getRoot().cut(TestLine.X_AXIS)
            .getMinus().cut(TestLine.Y_AXIS)
            .getMinus().cut(new TestLine(new TestPoint2D(-2, 1), new TestPoint2D(0, 1)));

        // act
        final String str = tree.treeString(-1);

        // assert
        Assertions.assertEquals("""", str);
    }",AbstractBSPTreeTest::testTreeString_negativeMaxDepth_oe
commons-geometry_917,"@Test
    void testToString_oe() {
        // arrange
        final TestBSPTree tree = new TestBSPTree();
        tree.getRoot().insertCut(TestLine.Y_AXIS);

        // act
        final String str = tree.toString();

        // assert
        final String msg = ""Unexpected toString() representation: "" + str;

        Assertions.assertTrue(str.contains(""TestBSPTree""), msg);
        Assertions.assertTrue(str.contains(""count= 3""), msg);
        Assertions.assertTrue(str.contains(""height= 1""), msg);
    }",AbstractBSPTreeTest::testToString_oe
commons-geometry_918,"@Test
    void testNodeToString_oe() {
        // arrange
        final TestBSPTree tree = new TestBSPTree();
        tree.getRoot().cut(TestLine.X_AXIS);

        // act
        final String str = tree.getRoot().toString();

        // assert
        Assertions.assertTrue(str.contains(""TestNode""));
        Assertions.assertTrue(str.contains(""cut= TestLineSegment""));
    }",AbstractBSPTreeTest::testNodeToString_oe
commons-geometry_919,"@Test
    void testSplitIntoTree_oe() {
        // arrange
        final TestBSPTree tree = new TestBSPTree();
        tree.getRoot()
            .cut(TestLine.X_AXIS)
            .getMinus()
                .cut(TestLine.Y_AXIS);

        final TestBSPTree minus = new TestBSPTree();
        final TestBSPTree plus = new TestBSPTree();

        final TestLine splitter = new TestLine(new TestPoint2D(0,  0), new TestPoint2D(-1, 1));

        // act
        tree.splitIntoTrees(splitter, minus, plus);

        // assert
        final TestLineSegment splitSegment = new TestLineSegment(Double.NEGATIVE_INFINITY,
                Double.POSITIVE_INFINITY, splitter);

        Assertions.assertEquals(5, tree.count());
        Assertions.assertEquals(2, tree.height());

        Assertions.assertEquals(5, minus.count());
        Assertions.assertEquals(2, minus.height());

        final List<TestLineSegment> minusSegments = getLineSegments(minus);
        Assertions.assertEquals(2, minusSegments.size());
        PartitionTestUtils.assertSegmentsEqual(splitSegment, minusSegments.get(0));
        PartitionTestUtils.assertSegmentsEqual(new TestLineSegment(Double.NEGATIVE_INFINITY, 0, TestLine.X_AXIS),
                minusSegments.get(1));

        Assertions.assertEquals(7, plus.count());
        Assertions.assertEquals(3, plus.height());

        final List<TestLineSegment> plusSegments = getLineSegments(plus);
        Assertions.assertEquals(3, plusSegments.size());
        PartitionTestUtils.assertSegmentsEqual(splitSegment, plusSegments.get(0));
        PartitionTestUtils.assertSegmentsEqual(new TestLineSegment(0, Double.POSITIVE_INFINITY, TestLine.X_AXIS),
                plusSegments.get(1));
        PartitionTestUtils.assertSegmentsEqual(new TestLineSegment(0, Double.POSITIVE_INFINITY, TestLine.Y_AXIS),
                plusSegments.get(2));
    }",AbstractBSPTreeTest::testSplitIntoTree_oe
commons-geometry_920,"@Test
    void testSplitIntoTree_minusOnly_oe() {
        // arrange
        final TestBSPTree tree = new TestBSPTree();
        tree.getRoot()
            .cut(TestLine.X_AXIS)
            .getMinus()
                .cut(TestLine.Y_AXIS);

        final TestBSPTree minus = new TestBSPTree();

        final TestLine splitter = new TestLine(new TestPoint2D(0,  0), new TestPoint2D(-1, 1));

        // act
        tree.splitIntoTrees(splitter, minus, null);

        // assert
        final TestLineSegment splitSegment = new TestLineSegment(Double.NEGATIVE_INFINITY,
                Double.POSITIVE_INFINITY, splitter);

        Assertions.assertEquals(5, tree.count());
        Assertions.assertEquals(2, tree.height());

        Assertions.assertEquals(5, minus.count());
        Assertions.assertEquals(2, minus.height());

        final List<TestLineSegment> minusSegments = getLineSegments(minus);
        Assertions.assertEquals(2, minusSegments.size());
        PartitionTestUtils.assertSegmentsEqual(splitSegment, minusSegments.get(0));
        PartitionTestUtils.assertSegmentsEqual(new TestLineSegment(Double.NEGATIVE_INFINITY, 0, TestLine.X_AXIS),
                minusSegments.get(1));
    }",AbstractBSPTreeTest::testSplitIntoTree_minusOnly_oe
commons-geometry_921,"@Test
    void testSplitIntoTree_plusOnly_oe() {
        // arrange
        final TestBSPTree tree = new TestBSPTree();
        tree.getRoot()
            .cut(TestLine.X_AXIS)
            .getMinus()
                .cut(TestLine.Y_AXIS);

        final TestBSPTree plus = new TestBSPTree();

        final TestLine splitter = new TestLine(new TestPoint2D(0,  0), new TestPoint2D(-1, 1));

        // act
        tree.splitIntoTrees(splitter, null, plus);

        // assert
        final TestLineSegment splitSegment = new TestLineSegment(Double.NEGATIVE_INFINITY,
                Double.POSITIVE_INFINITY, splitter);

        Assertions.assertEquals(5, tree.count());
        Assertions.assertEquals(2, tree.height());

        Assertions.assertEquals(7, plus.count());
        Assertions.assertEquals(3, plus.height());

        final List<TestLineSegment> plusSegments = getLineSegments(plus);
        Assertions.assertEquals(3, plusSegments.size());
        PartitionTestUtils.assertSegmentsEqual(splitSegment, plusSegments.get(0));
        PartitionTestUtils.assertSegmentsEqual(new TestLineSegment(0, Double.POSITIVE_INFINITY, TestLine.X_AXIS),
                plusSegments.get(1));
        PartitionTestUtils.assertSegmentsEqual(new TestLineSegment(0, Double.POSITIVE_INFINITY, TestLine.Y_AXIS),
                plusSegments.get(2));
    }",AbstractBSPTreeTest::testSplitIntoTree_plusOnly_oe
commons-geometry_922,"@Test
    void testProperties_oe() {
        // arrange
        final List<HyperplaneConvexSubset<TestPoint2D>> insideFacing =
                Collections.singletonList(new TestLineSegment(TestPoint2D.ZERO, new TestPoint2D(1, 0)));
        final List<HyperplaneConvexSubset<TestPoint2D>> outsideFacing =
                Collections.singletonList(new TestLineSegment(new TestPoint2D(-1, 0), TestPoint2D.ZERO));

        // act
        final RegionCutBoundary<TestPoint2D> boundary = new RegionCutBoundary<>(insideFacing, outsideFacing);

        // assert
        Assertions.assertNotSame(insideFacing, boundary.getInsideFacing());
        Assertions.assertEquals(insideFacing, boundary.getInsideFacing());

        Assertions.assertNotSame(outsideFacing, boundary.getOutsideFacing());
        Assertions.assertEquals(outsideFacing, boundary.getOutsideFacing());
    }",RegionCutBoundaryTest::testProperties_oe
commons-geometry_923,"@Test
    void testProperties_nullLists_oe() {
        // act
        final RegionCutBoundary<TestPoint2D> boundary = new RegionCutBoundary<>(null, null);

        // assert
        Assertions.assertEquals(0, boundary.getInsideFacing().size());
        Assertions.assertEquals(0, boundary.getOutsideFacing().size());
    }",RegionCutBoundaryTest::testProperties_nullLists_oe
commons-geometry_924,"@Test
    void testGetSize_noSize_oe() {
        // act
        final RegionCutBoundary<TestPoint2D> boundary = new RegionCutBoundary<>(null, null);

        // assert
        Assertions.assertEquals(0, boundary.getSize(), TEST_EPS);
    }",RegionCutBoundaryTest::testGetSize_noSize_oe
commons-geometry_925,"@Test
    void testGetSize_infinite_oe() {
        // act
        final TestLine line = new TestLine(new TestPoint2D(0, 0), new TestPoint2D(1, 0));
        final RegionCutBoundary<TestPoint2D> boundary = new RegionCutBoundary<>(
                Collections.singletonList(new TestLineSegment(1, Double.POSITIVE_INFINITY, line)),
                Collections.singletonList(new TestLineSegment(Double.NEGATIVE_INFINITY, -1, line)));

        // assert
        GeometryTestUtils.assertPositiveInfinity(boundary.getSize());
    }",RegionCutBoundaryTest::testGetSize_infinite_oe
commons-geometry_926,"@Test
    void testGetSize_finite_oe() {
        // act
        final TestLine line = new TestLine(new TestPoint2D(0, 0), new TestPoint2D(1, 0));
        final RegionCutBoundary<TestPoint2D> boundary = new RegionCutBoundary<>(
                Arrays.asList(new TestLineSegment(1, 2, line), new TestLineSegment(3, 4, line)),
                Collections.singletonList(new TestLineSegment(-3, -1, line)));

        // assert
        Assertions.assertEquals(4, boundary.getSize(), TEST_EPS);
    }",RegionCutBoundaryTest::testGetSize_finite_oe
commons-geometry_927,"@Test
    void testClosest_oe() {
        // arrange
        final TestPoint2D a = new TestPoint2D(-1, 0);
        final TestPoint2D b = TestPoint2D.ZERO;
        final TestPoint2D c = new TestPoint2D(1, 0);

        final TestLineSegment insideFacing = new TestLineSegment(a, b);
        final TestLineSegment outsideFacing = new TestLineSegment(b, c);

        final RegionCutBoundary<TestPoint2D> boundary = new RegionCutBoundary<>(Collections.singletonList(insideFacing),
                Collections.singletonList(outsideFacing));

        // act/assert
        PartitionTestUtils.assertPointsEqual(a, boundary.closest(new TestPoint2D(-2, 1)));
        PartitionTestUtils.assertPointsEqual(new TestPoint2D(-0.5, 0), boundary.closest(new TestPoint2D(-0.5, -1)));
        PartitionTestUtils.assertPointsEqual(b, boundary.closest(TestPoint2D.ZERO));
        PartitionTestUtils.assertPointsEqual(b, boundary.closest(new TestPoint2D(0, 2)));
        PartitionTestUtils.assertPointsEqual(new TestPoint2D(0.5, 0), boundary.closest(new TestPoint2D(0.5, 3)));
        PartitionTestUtils.assertPointsEqual(c, boundary.closest(new TestPoint2D(1, -4)));
        PartitionTestUtils.assertPointsEqual(c, boundary.closest(new TestPoint2D(3, -5)));
    }",RegionCutBoundaryTest::testClosest_oe
commons-geometry_928,"@Test
    void testClosest_nullInsideFacing_oe() {
        // arrange
        final TestPoint2D a = new TestPoint2D(-1, 0);
        final TestPoint2D b = TestPoint2D.ZERO;

        final TestLineSegment outsideFacing = new TestLineSegment(a, b);

        final RegionCutBoundary<TestPoint2D> boundary = new RegionCutBoundary<>(null, Collections.singletonList(outsideFacing));

        // act/assert
        PartitionTestUtils.assertPointsEqual(a, boundary.closest(new TestPoint2D(-2, 1)));
        PartitionTestUtils.assertPointsEqual(new TestPoint2D(-0.5, 0), boundary.closest(new TestPoint2D(-0.5, -1)));
        PartitionTestUtils.assertPointsEqual(b, boundary.closest(TestPoint2D.ZERO));
        PartitionTestUtils.assertPointsEqual(b, boundary.closest(new TestPoint2D(1, 2)));
    }",RegionCutBoundaryTest::testClosest_nullInsideFacing_oe
commons-geometry_929,"@Test
    void testClosest_nullOutsideFacing_oe() {
        // arrange
        final TestPoint2D a = new TestPoint2D(-1, 0);
        final TestPoint2D b = TestPoint2D.ZERO;

        final TestLineSegment insideFacing = new TestLineSegment(a, b);

        final RegionCutBoundary<TestPoint2D> boundary = new RegionCutBoundary<>(Collections.singletonList(insideFacing), null);

        // act/assert
        PartitionTestUtils.assertPointsEqual(a, boundary.closest(new TestPoint2D(-2, 1)));
        PartitionTestUtils.assertPointsEqual(new TestPoint2D(-0.5, 0), boundary.closest(new TestPoint2D(-0.5, -1)));
        PartitionTestUtils.assertPointsEqual(b, boundary.closest(TestPoint2D.ZERO));
        PartitionTestUtils.assertPointsEqual(b, boundary.closest(new TestPoint2D(1, 2)));
    }",RegionCutBoundaryTest::testClosest_nullOutsideFacing_oe
commons-geometry_930,"@Test
    void testClosest_nullInsideAndOutsideFacing_oe() {
        // arrange
        final RegionCutBoundary<TestPoint2D> boundary = new RegionCutBoundary<>(null, null);

        // act/assert
        Assertions.assertNull(boundary.closest(TestPoint2D.ZERO));
        Assertions.assertNull(boundary.closest(new TestPoint2D(1, 1)));
    }",RegionCutBoundaryTest::testClosest_nullInsideAndOutsideFacing_oe
commons-geometry_931,"@Test
    void testContains_oe() {
        // arrange
        final TestPoint2D a = new TestPoint2D(-1, 0);
        final TestPoint2D b = TestPoint2D.ZERO;
        final TestPoint2D c = new TestPoint2D(1, 0);

        final TestLineSegment insideFacing = new TestLineSegment(a, b);
        final TestLineSegment outsideFacing = new TestLineSegment(b, c);

        final RegionCutBoundary<TestPoint2D> boundary = new RegionCutBoundary<>(Collections.singletonList(insideFacing),
                Collections.singletonList(outsideFacing));

        // act/assert
        Assertions.assertFalse(boundary.contains(new TestPoint2D(-2, 0)));

        Assertions.assertTrue(boundary.contains(new TestPoint2D(-1, 0)));
        Assertions.assertTrue(boundary.contains(new TestPoint2D(-0.5, 0)));
        Assertions.assertTrue(boundary.contains(new TestPoint2D(0, 0)));
        Assertions.assertTrue(boundary.contains(new TestPoint2D(0.5, 0)));
        Assertions.assertTrue(boundary.contains(new TestPoint2D(1, 0)));

        Assertions.assertFalse(boundary.contains(new TestPoint2D(2, 0)));

        Assertions.assertFalse(boundary.contains(new TestPoint2D(-1, 1)));
        Assertions.assertFalse(boundary.contains(new TestPoint2D(0, -1)));
        Assertions.assertFalse(boundary.contains(new TestPoint2D(1, 1)));
    }",RegionCutBoundaryTest::testContains_oe
commons-geometry_932,"@Test
    void testContains_nullHyperplaneSubsets_oe() {
        // arrange
        final RegionCutBoundary<TestPoint2D> boundary = new RegionCutBoundary<>(null, null);

        // act/assert
        Assertions.assertFalse(boundary.contains(new TestPoint2D(-1, 0)));
        Assertions.assertFalse(boundary.contains(new TestPoint2D(0, 0)));
        Assertions.assertFalse(boundary.contains(new TestPoint2D(1, 0)));
    }",RegionCutBoundaryTest::testContains_nullHyperplaneSubsets_oe
commons-geometry_933,"@Test
    void testDefaultVisitOrder_oe() {
        // arrange
        final BSPTreeVisitor<TestPoint2D, TestNode> visitor = n -> BSPTreeVisitor.Result.CONTINUE;

        // act/assert
        Assertions.assertEquals(BSPTreeVisitor.Order.NODE_MINUS_PLUS, visitor.visitOrder(null));
    }",BSPTreeVisitorTest::testDefaultVisitOrder_oe
commons-geometry_934,"@Test
    void testCtor_invalidTree_oe() {
        // arrange
        final TestRegionBSPTree tree = new TestRegionBSPTree(true);

        // act/assert
        GeometryTestUtils.assertThrowsWithMessage(() -> {
            new TestRegionBuilder(tree);
        }, IllegalArgumentException.class, ""Tree must be empty"");
    }",AbstractPartitionedRegionBuilderTest::testCtor_invalidTree_oe
commons-geometry_935,"@Test
    void testBuildRegion_empty_oe() {
        // arrange
        final TestRegionBuilder builder = new TestRegionBuilder(new TestRegionBSPTree(false));

        // act
        final TestRegionBSPTree tree = builder.build();

        // assert
        Assertions.assertTrue(tree.isEmpty());
        Assertions.assertEquals(1, tree.count());
        Assertions.assertEquals(0, tree.height());
    }",AbstractPartitionedRegionBuilderTest::testBuildRegion_empty_oe
commons-geometry_936,"@Test
    void testInsertPartition_cannotInsertAfterBoundary_oe() {
        // arrange
        final TestRegionBuilder builder = new TestRegionBuilder(new TestRegionBSPTree(false));

        builder.insertBoundary(new TestLineSegment(new TestPoint2D(0, 0), new TestPoint2D(1, 0)));

        // act/assert
        GeometryTestUtils.assertThrowsWithMessage(() -> {
            builder.insertPartition(new TestLine(new TestPoint2D(0, 0), new TestPoint2D(1, 0)).span());
        }, IllegalStateException.class, ""Cannot insert partitions after boundaries have been inserted"");
    }",AbstractPartitionedRegionBuilderTest::testInsertPartition_cannotInsertAfterBoundary_oe
commons-geometry_937,"@Test
    void testBuildRegion_noPartitions_halfSpace_oe() {
        // arrange
        final TestRegionBuilder builder = new TestRegionBuilder(new TestRegionBSPTree(false));

        // act
        builder.insertBoundary(new TestLineSegment(new TestPoint2D(0, 0), new TestPoint2D(1, 0)));
        final TestRegionBSPTree tree = builder.build();

        // assert
        Assertions.assertFalse(tree.isEmpty());
        Assertions.assertFalse(tree.isFull());

        Assertions.assertEquals(3, tree.count());
        Assertions.assertEquals(1, tree.height());

        PartitionTestUtils.assertPointLocations(tree, RegionLocation.INSIDE,
                new TestPoint2D(-5, 1), new TestPoint2D(0, 1), new TestPoint2D(5, 1));

        PartitionTestUtils.assertPointLocations(tree, RegionLocation.BOUNDARY,
                new TestPoint2D(-5, 0), new TestPoint2D(0, 0), new TestPoint2D(5, 0));

        PartitionTestUtils.assertPointLocations(tree, RegionLocation.OUTSIDE,
                new TestPoint2D(-5, -1), new TestPoint2D(0, -1), new TestPoint2D(5, -1));
    }",AbstractPartitionedRegionBuilderTest::testBuildRegion_noPartitions_halfSpace_oe
commons-geometry_938,"@Test
    void testBuildRegion_boundaryOnPartition_sameOrientation_oe() {
     // arrange
        final TestRegionBuilder builder = new TestRegionBuilder(new TestRegionBSPTree(false));

        // act
        builder.insertPartition(new TestLine(new TestPoint2D(0, 0), new TestPoint2D(1, 0)).span());

        builder.insertBoundary(new TestLineSegment(new TestPoint2D(0, 0), new TestPoint2D(1, 0)));
        final TestRegionBSPTree tree = builder.build();

        // assert
        Assertions.assertFalse(tree.isEmpty());
        Assertions.assertFalse(tree.isFull());

        PartitionTestUtils.assertPointLocations(tree, RegionLocation.INSIDE,
                new TestPoint2D(-5, 1), new TestPoint2D(0, 1), new TestPoint2D(5, 1));

        PartitionTestUtils.assertPointLocations(tree, RegionLocation.BOUNDARY,
                new TestPoint2D(-5, 0), new TestPoint2D(0, 0), new TestPoint2D(5, 0));

        PartitionTestUtils.assertPointLocations(tree, RegionLocation.OUTSIDE,
                new TestPoint2D(-5, -1), new TestPoint2D(0, -1), new TestPoint2D(5, -1));
    }",AbstractPartitionedRegionBuilderTest::testBuildRegion_boundaryOnPartition_sameOrientation_oe
commons-geometry_939,"@Test
    void testBuildRegion_boundaryOnPartition_oppositeOrientation_oe() {
     // arrange
        final TestRegionBuilder builder = new TestRegionBuilder(new TestRegionBSPTree(false));

        // act
        builder.insertPartition(new TestLine(new TestPoint2D(1, 0), new TestPoint2D(0, 0)).span());

        builder.insertBoundary(new TestLineSegment(new TestPoint2D(0, 0), new TestPoint2D(1, 0)));
        final TestRegionBSPTree tree = builder.build();

        // assert
        Assertions.assertFalse(tree.isEmpty());
        Assertions.assertFalse(tree.isFull());

        PartitionTestUtils.assertPointLocations(tree, RegionLocation.INSIDE,
                new TestPoint2D(-5, 1), new TestPoint2D(0, 1), new TestPoint2D(5, 1));

        PartitionTestUtils.assertPointLocations(tree, RegionLocation.BOUNDARY,
                new TestPoint2D(-5, 0), new TestPoint2D(0, 0), new TestPoint2D(5, 0));

        PartitionTestUtils.assertPointLocations(tree, RegionLocation.OUTSIDE,
                new TestPoint2D(-5, -1), new TestPoint2D(0, -1), new TestPoint2D(5, -1));
    }",AbstractPartitionedRegionBuilderTest::testBuildRegion_boundaryOnPartition_oppositeOrientation_oe
commons-geometry_940,"@Test
    void testBuildRegion_boundaryOnPartition_multipleBoundaries_sameOrientation_oe() {
     // arrange
        final TestRegionBuilder builder = new TestRegionBuilder(new TestRegionBSPTree(false));

        // act
        builder.insertPartition(new TestLine(new TestPoint2D(0, 0), new TestPoint2D(1, 0)).span());

        builder.insertBoundary(new TestLineSegment(new TestPoint2D(0, 1), new TestPoint2D(0, 0)));
        builder.insertBoundary(new TestLineSegment(new TestPoint2D(0, 0), new TestPoint2D(1, 0)));
        final TestRegionBSPTree tree = builder.build();

        // assert
        Assertions.assertFalse(tree.isEmpty());
        Assertions.assertFalse(tree.isFull());

        PartitionTestUtils.assertPointLocations(tree, RegionLocation.INSIDE, new TestPoint2D(5, 1));

        PartitionTestUtils.assertPointLocations(tree, RegionLocation.BOUNDARY,
                new TestPoint2D(0, 5), new TestPoint2D(0, 0), new TestPoint2D(5, 0));

        PartitionTestUtils.assertPointLocations(tree, RegionLocation.OUTSIDE,
                new TestPoint2D(-5, 1), new TestPoint2D(-5, -1), new TestPoint2D(0, -1), new TestPoint2D(5, -1));
    }",AbstractPartitionedRegionBuilderTest::testBuildRegion_boundaryOnPartition_multipleBoundaries_sameOrientation_oe
commons-geometry_941,"@Test
    void testBuildRegion_boundaryOnPartition_multipleBoundaries_oppositeOrientation_oe() {
     // arrange
        final TestRegionBuilder builder = new TestRegionBuilder(new TestRegionBSPTree(false));

        // act
        builder.insertPartition(new TestLine(new TestPoint2D(0, 0), new TestPoint2D(-1, 0)).span());

        builder.insertBoundary(new TestLineSegment(new TestPoint2D(0, 1), new TestPoint2D(0, 0)));
        builder.insertBoundary(new TestLineSegment(new TestPoint2D(0, 0), new TestPoint2D(1, 0)));
        final TestRegionBSPTree tree = builder.build();

        // assert
        Assertions.assertFalse(tree.isEmpty());
        Assertions.assertFalse(tree.isFull());

        PartitionTestUtils.assertPointLocations(tree, RegionLocation.INSIDE, new TestPoint2D(5, 1));

        PartitionTestUtils.assertPointLocations(tree, RegionLocation.BOUNDARY,
                new TestPoint2D(0, 5), new TestPoint2D(0, 0), new TestPoint2D(5, 0));

        PartitionTestUtils.assertPointLocations(tree, RegionLocation.OUTSIDE,
                new TestPoint2D(-5, 1), new TestPoint2D(-5, -1), new TestPoint2D(0, -1), new TestPoint2D(5, -1));
    }",AbstractPartitionedRegionBuilderTest::testBuildRegion_boundaryOnPartition_multipleBoundaries_oppositeOrientation_oe
commons-geometry_942,"@Test
    void testBuildRegion_multipleBoundariesOnPartition_oe() {
        // arrange
        final TestRegionBuilder builder = new TestRegionBuilder(new TestRegionBSPTree(false));

        // act
        builder.insertPartition(new TestLine(new TestPoint2D(0, 0), new TestPoint2D(1, 0)).span());

        builder.insertBoundary(new TestLineSegment(new TestPoint2D(0, 0), new TestPoint2D(1, 0)));
        builder.insertBoundary(new TestLineSegment(new TestPoint2D(0, 1), new TestPoint2D(0, 0)));
        builder.insertBoundary(new TestLineSegment(new TestPoint2D(0, -1), new TestPoint2D(0, 0)));
        builder.insertBoundary(new TestLineSegment(new TestPoint2D(0, 0), new TestPoint2D(-1, 0)));

        final TestRegionBSPTree tree = builder.build();

        // assert
        Assertions.assertFalse(tree.isEmpty());
        Assertions.assertFalse(tree.isFull());

        PartitionTestUtils.assertPointLocations(tree, RegionLocation.INSIDE,
                new TestPoint2D(1, 1), new TestPoint2D(-1, -1));

        PartitionTestUtils.assertPointLocations(tree, RegionLocation.BOUNDARY,
                new TestPoint2D(1, 0), new TestPoint2D(-1, 0), new TestPoint2D(0, 1), new TestPoint2D(0, -1));

        PartitionTestUtils.assertPointLocations(tree, RegionLocation.OUTSIDE,
                new TestPoint2D(-1, 1), new TestPoint2D(1, -1));
    }",AbstractPartitionedRegionBuilderTest::testBuildRegion_multipleBoundariesOnPartition_oe
commons-geometry_943,"@Test
    void testBuildRegion_grid_halfSpace_boundaryOnPartition_oe() {
        // arrange
        final TestRegionBuilder builder = new TestRegionBuilder(new TestRegionBSPTree(false));

        // act
        insertGridRecursive(-2, 2, 5, builder);

        builder.insertBoundary(new TestLineSegment(new TestPoint2D(0, 0), new TestPoint2D(1, 0)));
        final TestRegionBSPTree tree = builder.build();

        // assert
        Assertions.assertFalse(tree.isEmpty());
        Assertions.assertFalse(tree.isFull());

        PartitionTestUtils.assertPointLocations(tree, RegionLocation.INSIDE,
                new TestPoint2D(-5, 1), new TestPoint2D(0, 1), new TestPoint2D(5, 1));

        PartitionTestUtils.assertPointLocations(tree, RegionLocation.BOUNDARY,
                new TestPoint2D(-5, 0), new TestPoint2D(0, 0), new TestPoint2D(5, 0));

        PartitionTestUtils.assertPointLocations(tree, RegionLocation.OUTSIDE,
                new TestPoint2D(-5, -1), new TestPoint2D(0, -1), new TestPoint2D(5, -1));
    }",AbstractPartitionedRegionBuilderTest::testBuildRegion_grid_halfSpace_boundaryOnPartition_oe
commons-geometry_944,"@Test
    void testBuildRegion_boundariesOnPartitionPropagateInsideCorrectly_oe() {
        // arrange
        final TestRegionBuilder builder = new TestRegionBuilder(new TestRegionBSPTree(false));

        // act
        builder.insertPartition(new TestLineSegment(new TestPoint2D(-1, 0), new TestPoint2D(1, 0)));
        builder.insertPartition(new TestLineSegment(new TestPoint2D(0, -1), new TestPoint2D(0, 1)));

        builder.insertBoundary(new TestLineSegment(new TestPoint2D(0, 0), new TestPoint2D(1, 0)));
        builder.insertBoundary(new TestLineSegment(new TestPoint2D(1, 1), new TestPoint2D(1, 0)));
        final TestRegionBSPTree tree = builder.build();

        // assert
        Assertions.assertFalse(tree.isEmpty());
        Assertions.assertFalse(tree.isFull());

        PartitionTestUtils.assertPointLocations(tree, RegionLocation.INSIDE,
                new TestPoint2D(2, 2), new TestPoint2D(5, 5));

        PartitionTestUtils.assertPointLocations(tree, RegionLocation.BOUNDARY,
                new TestPoint2D(1, 0), new TestPoint2D(1, 10), new TestPoint2D(10, 0));

        PartitionTestUtils.assertPointLocations(tree, RegionLocation.OUTSIDE,
                new TestPoint2D(-1, 1), new TestPoint2D(-10, 10),
                new TestPoint2D(-1, -1), new TestPoint2D(1, -1));
    }",AbstractPartitionedRegionBuilderTest::testBuildRegion_boundariesOnPartitionPropagateInsideCorrectly_oe
commons-geometry_945,"@Test
    void testBuildRegion_grid_cube_oe() {
        // arrange
        final int maxCount = 5;

        final List<TestLineSegment> boundaries = Arrays.asList(
                new TestLineSegment(new TestPoint2D(-1, -1), new TestPoint2D(1, -1)),
                new TestLineSegment(new TestPoint2D(1, -1), new TestPoint2D(1, 1)),
                new TestLineSegment(new TestPoint2D(1, 1), new TestPoint2D(-1, 1)),
                new TestLineSegment(new TestPoint2D(-1, 1), new TestPoint2D(-1, -1))
            );

        for (int c = 0; c <= maxCount; ++c) {
            final TestRegionBuilder builder = new TestRegionBuilder(new TestRegionBSPTree(false));

            // act
            insertGridRecursive(-2, 2, c, builder);

            for (final TestLineSegment boundary : boundaries) {
                builder.insertBoundary(boundary);
            }

            final TestRegionBSPTree tree = builder.build();

            // assert
            Assertions.assertFalse(tree.isEmpty());
            Assertions.assertFalse(tree.isFull());

            PartitionTestUtils.assertPointLocations(tree, RegionLocation.INSIDE,
                    new TestPoint2D(0, 0),
                    new TestPoint2D(-0.5, -0.5), new TestPoint2D(0.5, -0.5),
                    new TestPoint2D(0.5, 0.5), new TestPoint2D(-0.5, 0.5));

            PartitionTestUtils.assertPointLocations(tree, RegionLocation.BOUNDARY,
                    new TestPoint2D(-1, -1), new TestPoint2D(1, -1), new TestPoint2D(1, 1), new TestPoint2D(-1, 1),
                    new TestPoint2D(-1, 0), new TestPoint2D(1, 0), new TestPoint2D(0, 1), new TestPoint2D(0, -1));

            PartitionTestUtils.assertPointLocations(tree, RegionLocation.OUTSIDE,
                    new TestPoint2D(-2, -2), new TestPoint2D(2, -2), new TestPoint2D(2, 2), new TestPoint2D(-2, 2),
                    new TestPoint2D(-2, 0), new TestPoint2D(2, 0), new TestPoint2D(0, 2), new TestPoint2D(0, -2));
        }
    }",AbstractPartitionedRegionBuilderTest::testBuildRegion_grid_cube_oe
commons-geometry_946,"@Test
    void testBuildRegion_grid_diamond_oe() {
        // arrange
        final int maxCount = 5;

        final List<TestLineSegment> boundaries = Arrays.asList(
                new TestLineSegment(new TestPoint2D(0, 1), new TestPoint2D(-1, 0)),
                new TestLineSegment(new TestPoint2D(-1, 0), new TestPoint2D(0, -1)),
                new TestLineSegment(new TestPoint2D(0, -1), new TestPoint2D(1, 0)),
                new TestLineSegment(new TestPoint2D(1, 0), new TestPoint2D(0, 1))
            );

        for (int c = 0; c <= maxCount; ++c) {
            final TestRegionBuilder builder = new TestRegionBuilder(new TestRegionBSPTree(false));

            // act
            insertGridRecursive(-2, 2, c, builder);

            for (final TestLineSegment boundary : boundaries) {
                builder.insertBoundary(boundary);
            }

            final TestRegionBSPTree tree = builder.build();

            // assert
            Assertions.assertFalse(tree.isEmpty());
            Assertions.assertFalse(tree.isFull());

            PartitionTestUtils.assertPointLocations(tree, RegionLocation.INSIDE,
                    new TestPoint2D(0, 0),
                    new TestPoint2D(-0.25, -0.25), new TestPoint2D(0.25, -0.25),
                    new TestPoint2D(0.25, 0.25), new TestPoint2D(-0.25, 0.25));

            PartitionTestUtils.assertPointLocations(tree, RegionLocation.BOUNDARY,
                    new TestPoint2D(-0.5, 0.5), new TestPoint2D(-0.5, -0.5), new TestPoint2D(0.5, -0.5), new TestPoint2D(0.5, 0.5),
                    new TestPoint2D(-1, 0), new TestPoint2D(1, 0), new TestPoint2D(0, 1), new TestPoint2D(0, -1));

            PartitionTestUtils.assertPointLocations(tree, RegionLocation.OUTSIDE,
                    new TestPoint2D(-2, -2), new TestPoint2D(2, -2), new TestPoint2D(2, 2), new TestPoint2D(-2, 2),
                    new TestPoint2D(-2, 0), new TestPoint2D(2, 0), new TestPoint2D(0, 2), new TestPoint2D(0, -2));
        }
    }",AbstractPartitionedRegionBuilderTest::testBuildRegion_grid_diamond_oe
commons-geometry_947,"@Test
    void testBuildRegion_grid_horseshoe_oe() {
        // arrange
        final int maxCount = 5;

        final List<TestLineSegment> boundaries = Arrays.asList(
                new TestLineSegment(new TestPoint2D(1, 0), new TestPoint2D(1, 1)),
                new TestLineSegment(new TestPoint2D(1, 1), new TestPoint2D(3, 1)),
                new TestLineSegment(new TestPoint2D(3, 1), new TestPoint2D(3, 2)),
                new TestLineSegment(new TestPoint2D(3, 2), new TestPoint2D(-1, 2)),
                new TestLineSegment(new TestPoint2D(-1, 2), new TestPoint2D(-1, -1)),
                new TestLineSegment(new TestPoint2D(-1, -1), new TestPoint2D(3, -1)),
                new TestLineSegment(new TestPoint2D(3, -1), new TestPoint2D(3, 0)),
                new TestLineSegment(new TestPoint2D(3, 0), new TestPoint2D(1, 0))
            );

        for (int c = 0; c <= maxCount; ++c) {
            final TestRegionBuilder builder = new TestRegionBuilder(new TestRegionBSPTree(false));

            // act
            insertGridRecursive(-2, 2, c, builder);

            for (final TestLineSegment boundary : boundaries) {
                builder.insertBoundary(boundary);
            }

            final TestRegionBSPTree tree = builder.build();

            // assert
            Assertions.assertFalse(tree.isEmpty());
            Assertions.assertFalse(tree.isFull());

            PartitionTestUtils.assertPointLocations(tree, RegionLocation.INSIDE,
                    new TestPoint2D(0, 0),
                    new TestPoint2D(0, 1.5), new TestPoint2D(2, 1.5),
                    new TestPoint2D(0, -0.5), new TestPoint2D(2, -0.5));

            PartitionTestUtils.assertPointLocations(tree, RegionLocation.BOUNDARY,
                    new TestPoint2D(1, 0), new TestPoint2D(1, 1), new TestPoint2D(3, 1), new TestPoint2D(3, 2),
                    new TestPoint2D(-1, 2), new TestPoint2D(-1, -1), new TestPoint2D(3, -1), new TestPoint2D(3, 0),
                    new TestPoint2D(1, 0.5), new TestPoint2D(2, 1), new TestPoint2D(3, 1.5), new TestPoint2D(1, 2),
                    new TestPoint2D(-1, 0.5), new TestPoint2D(3, -0.5), new TestPoint2D(2, 0));

            PartitionTestUtils.assertPointLocations(tree, RegionLocation.OUTSIDE,
                    new TestPoint2D(2, 0.5), new TestPoint2D(4, 0.5), new TestPoint2D(4, 0), new TestPoint2D(4, 1.5),
                    new TestPoint2D(1, 4), new TestPoint2D(1, -4), new TestPoint2D(-4, 0.5));
        }
    }",AbstractPartitionedRegionBuilderTest::testBuildRegion_grid_horseshoe_oe
commons-geometry_948,"@Test
    void testMerge_singleNodeTreeWithSingleNodeTree_oe() {
        // arrange
        final AttributeBSPTree<TestPoint2D, String> a = new AttributeBSPTree<>();
        a.getRoot().setAttribute(""A"");

        final AttributeBSPTree<TestPoint2D, String> b = new AttributeBSPTree<>();
        b.getRoot().setAttribute(""B"");

        final AttributeBSPTree<TestPoint2D, String> c = new AttributeBSPTree<>();

        final TestMergeOperator mergeOp = new TestMergeOperator();

        // act
        mergeOp.apply(a, b, c);

        // assert
        Assertions.assertEquals(1, a.count());
        Assertions.assertEquals(1, b.count());
        Assertions.assertEquals(1, c.count());

        Assertions.assertEquals(""A"", a.findNode(new TestPoint2D(0, 1)).getAttribute());
        Assertions.assertEquals(""A"", a.findNode(new TestPoint2D(0, -1)).getAttribute());

        Assertions.assertEquals(""B"", b.findNode(new TestPoint2D(0, 1)).getAttribute());
        Assertions.assertEquals(""B"", b.findNode(new TestPoint2D(0, -1)).getAttribute());

        Assertions.assertEquals(""AB"", c.findNode(new TestPoint2D(1, 1)).getAttribute());
        Assertions.assertEquals(""AB"", c.findNode(new TestPoint2D(-1, 1)).getAttribute());
        Assertions.assertEquals(""AB"", c.findNode(new TestPoint2D(-1, -1)).getAttribute());
        Assertions.assertEquals(""AB"", c.findNode(new TestPoint2D(1, -1)).getAttribute());

        PartitionTestUtils.assertTreeStructure(a);
        PartitionTestUtils.assertTreeStructure(b);
        PartitionTestUtils.assertTreeStructure(c);
    }",AbstractBSPTreeMergeOperatorTest::testMerge_singleNodeTreeWithSingleNodeTree_oe
commons-geometry_949,"@Test
    void testMerge_singleNodeTreeWithMultiNodeTree_oe() {
        // arrange
        final AttributeBSPTree<TestPoint2D, String> a = new AttributeBSPTree<>();
        a.getRoot().cut(TestLine.X_AXIS)
            .getPlus().attr(""A"")
            .getParent()
            .getMinus().attr(""a"");

        final AttributeBSPTree<TestPoint2D, String> b = new AttributeBSPTree<>();
        b.getRoot().setAttribute(""B"");

        final AttributeBSPTree<TestPoint2D, String> c = new AttributeBSPTree<>();

        final TestMergeOperator mergeOp = new TestMergeOperator();

        // act
        mergeOp.apply(a, b, c);

        // assert
        Assertions.assertEquals(3, a.count());
        Assertions.assertEquals(1, b.count());
        Assertions.assertEquals(3, c.count());

        Assertions.assertEquals(""a"", a.findNode(new TestPoint2D(0, 1)).getAttribute());
        Assertions.assertEquals(""A"", a.findNode(new TestPoint2D(0, -1)).getAttribute());

        Assertions.assertEquals(""B"", b.findNode(new TestPoint2D(0, 1)).getAttribute());
        Assertions.assertEquals(""B"", b.findNode(new TestPoint2D(0, -1)).getAttribute());

        Assertions.assertEquals(""Ba"", c.findNode(new TestPoint2D(1, 1)).getAttribute());
        Assertions.assertEquals(""Ba"", c.findNode(new TestPoint2D(-1, 1)).getAttribute());
        Assertions.assertEquals(""BA"", c.findNode(new TestPoint2D(-1, -1)).getAttribute());
        Assertions.assertEquals(""BA"", c.findNode(new TestPoint2D(1, -1)).getAttribute());

        PartitionTestUtils.assertTreeStructure(a);
        PartitionTestUtils.assertTreeStructure(b);
        PartitionTestUtils.assertTreeStructure(c);
    }",AbstractBSPTreeMergeOperatorTest::testMerge_singleNodeTreeWithMultiNodeTree_oe
commons-geometry_950,"@Test
    void testMerge_multiNodeTreeWithSingleNodeTree_oe() {
        // arrange
        final AttributeBSPTree<TestPoint2D, String> a = new AttributeBSPTree<>();
        a.getRoot().setAttribute(""A"");

        final AttributeBSPTree<TestPoint2D, String> b = new AttributeBSPTree<>();
        b.getRoot().cut(TestLine.X_AXIS)
            .getPlus().attr(""B"")
            .getParent()
            .getMinus().attr(""b"");

        final AttributeBSPTree<TestPoint2D, String> c = new AttributeBSPTree<>();

        final TestMergeOperator mergeOp = new TestMergeOperator();

        // act
        mergeOp.apply(a, b, c);

        // assert
        Assertions.assertEquals(1, a.count());
        Assertions.assertEquals(3, b.count());
        Assertions.assertEquals(3, c.count());

        Assertions.assertEquals(""A"", a.findNode(new TestPoint2D(0, 1)).getAttribute());
        Assertions.assertEquals(""A"", a.findNode(new TestPoint2D(0, -1)).getAttribute());

        Assertions.assertEquals(""b"", b.findNode(new TestPoint2D(0, 1)).getAttribute());
        Assertions.assertEquals(""B"", b.findNode(new TestPoint2D(0, -1)).getAttribute());

        Assertions.assertEquals(""Ab"", c.findNode(new TestPoint2D(1, 1)).getAttribute());
        Assertions.assertEquals(""Ab"", c.findNode(new TestPoint2D(-1, 1)).getAttribute());
        Assertions.assertEquals(""AB"", c.findNode(new TestPoint2D(-1, -1)).getAttribute());
        Assertions.assertEquals(""AB"", c.findNode(new TestPoint2D(1, -1)).getAttribute());

        PartitionTestUtils.assertTreeStructure(a);
        PartitionTestUtils.assertTreeStructure(b);
        PartitionTestUtils.assertTreeStructure(c);
    }",AbstractBSPTreeMergeOperatorTest::testMerge_multiNodeTreeWithSingleNodeTree_oe
commons-geometry_951,"@Test
    void testMerge_cutsIntersect_oe() {
        // arrange
        final AttributeBSPTree<TestPoint2D, String> a = new AttributeBSPTree<>();
        a.getRoot().cut(TestLine.X_AXIS)
            .getPlus().attr(""A"")
            .getParent()
            .getMinus().attr(""a"");

        final AttributeBSPTree<TestPoint2D, String> b = new AttributeBSPTree<>();
        b.getRoot().cut(TestLine.Y_AXIS)
            .getPlus().attr(""B"")
            .getParent()
            .getMinus().attr(""b"");

        final AttributeBSPTree<TestPoint2D, String> c = new AttributeBSPTree<>();

        final TestMergeOperator mergeOp = new TestMergeOperator();

        // act
        mergeOp.apply(a, b, c);

        // assert
        Assertions.assertEquals(3, a.count());
        Assertions.assertEquals(3, b.count());
        Assertions.assertEquals(7, c.count());

        Assertions.assertEquals(""a"", a.findNode(new TestPoint2D(0, 1)).getAttribute());
        Assertions.assertEquals(""A"", a.findNode(new TestPoint2D(0, -1)).getAttribute());

        Assertions.assertEquals(""B"", b.findNode(new TestPoint2D(1, 0)).getAttribute());
        Assertions.assertEquals(""b"", b.findNode(new TestPoint2D(-1, 0)).getAttribute());

        Assertions.assertEquals(""aB"", c.findNode(new TestPoint2D(1, 1)).getAttribute());
        Assertions.assertEquals(""ab"", c.findNode(new TestPoint2D(-1, 1)).getAttribute());
        Assertions.assertEquals(""Ab"", c.findNode(new TestPoint2D(-1, -1)).getAttribute());
        Assertions.assertEquals(""AB"", c.findNode(new TestPoint2D(1, -1)).getAttribute());

        PartitionTestUtils.assertTreeStructure(a);
        PartitionTestUtils.assertTreeStructure(b);
        PartitionTestUtils.assertTreeStructure(c);
    }",AbstractBSPTreeMergeOperatorTest::testMerge_cutsIntersect_oe
commons-geometry_952,"@Test
    void testMerge_cutsParallel_oe() {
        // arrange
        final AttributeBSPTree<TestPoint2D, String> a = new AttributeBSPTree<>();
        a.getRoot().cut(TestLine.X_AXIS)
            .getPlus().attr(""A"")
            .getParent()
            .getMinus().attr(""a"");

        final AttributeBSPTree<TestPoint2D, String> b = new AttributeBSPTree<>();
        b.getRoot().cut(TestLine.X_AXIS)
            .getPlus().attr(""B"")
            .getParent()
            .getMinus().attr(""b"");

        final AttributeBSPTree<TestPoint2D, String> c = new AttributeBSPTree<>();

        final TestMergeOperator mergeOp = new TestMergeOperator();

        // act
        mergeOp.apply(a, b, c);

        // assert
        Assertions.assertEquals(3, a.count());
        Assertions.assertEquals(3, b.count());
        Assertions.assertEquals(3, c.count());

        Assertions.assertEquals(""a"", a.findNode(new TestPoint2D(0, 1)).getAttribute());
        Assertions.assertEquals(""A"", a.findNode(new TestPoint2D(0, -1)).getAttribute());

        Assertions.assertEquals(""b"", b.findNode(new TestPoint2D(0, 1)).getAttribute());
        Assertions.assertEquals(""B"", b.findNode(new TestPoint2D(0, -1)).getAttribute());

        Assertions.assertEquals(""ab"", c.findNode(new TestPoint2D(1, 1)).getAttribute());
        Assertions.assertEquals(""ab"", c.findNode(new TestPoint2D(-1, 1)).getAttribute());
        Assertions.assertEquals(""AB"", c.findNode(new TestPoint2D(-1, -1)).getAttribute());
        Assertions.assertEquals(""AB"", c.findNode(new TestPoint2D(1, -1)).getAttribute());

        PartitionTestUtils.assertTreeStructure(a);
        PartitionTestUtils.assertTreeStructure(b);
        PartitionTestUtils.assertTreeStructure(c);
    }",AbstractBSPTreeMergeOperatorTest::testMerge_cutsParallel_oe
commons-geometry_953,"@Test
    void testMerge_cutsAntiParallel_oe() {
        // arrange
        final AttributeBSPTree<TestPoint2D, String> a = new AttributeBSPTree<>();
        a.getRoot().cut(TestLine.X_AXIS)
            .getPlus().attr(""A"")
            .getParent()
            .getMinus().attr(""a"");

        final AttributeBSPTree<TestPoint2D, String> b = new AttributeBSPTree<>();
        b.getRoot().cut(new TestLine(new TestPoint2D(1, 0), TestPoint2D.ZERO))
            .getPlus().attr(""B"")
            .getParent()
            .getMinus().attr(""b"");

        final AttributeBSPTree<TestPoint2D, String> c = new AttributeBSPTree<>();

        final TestMergeOperator mergeOp = new TestMergeOperator();

        // act
        mergeOp.apply(a, b, c);

        // assert
        Assertions.assertEquals(3, a.count());
        Assertions.assertEquals(3, b.count());
        Assertions.assertEquals(3, c.count());

        Assertions.assertEquals(""a"", a.findNode(new TestPoint2D(0, 1)).getAttribute());
        Assertions.assertEquals(""A"", a.findNode(new TestPoint2D(0, -1)).getAttribute());

        Assertions.assertEquals(""B"", b.findNode(new TestPoint2D(0, 1)).getAttribute());
        Assertions.assertEquals(""b"", b.findNode(new TestPoint2D(0, -1)).getAttribute());

        Assertions.assertEquals(""aB"", c.findNode(new TestPoint2D(1, 1)).getAttribute());
        Assertions.assertEquals(""aB"", c.findNode(new TestPoint2D(-1, 1)).getAttribute());
        Assertions.assertEquals(""Ab"", c.findNode(new TestPoint2D(-1, -1)).getAttribute());
        Assertions.assertEquals(""Ab"", c.findNode(new TestPoint2D(1, -1)).getAttribute());

        PartitionTestUtils.assertTreeStructure(a);
        PartitionTestUtils.assertTreeStructure(b);
        PartitionTestUtils.assertTreeStructure(c);
    }",AbstractBSPTreeMergeOperatorTest::testMerge_cutsAntiParallel_oe
commons-geometry_954,"@Test
    void testMerge_cutOnPlusSide_parallel_oe() {
        // arrange
        final AttributeBSPTree<TestPoint2D, String> a = new AttributeBSPTree<>();
        a.getRoot().cut(TestLine.X_AXIS)
            .getPlus().attr(""A"")
            .getParent()
            .getMinus().attr(""a"");

        final AttributeBSPTree<TestPoint2D, String> b = new AttributeBSPTree<>();
        b.getRoot().cut(new TestLine(new TestPoint2D(0, -2), new TestPoint2D(1, -2)))
            .getPlus().attr(""B"")
            .getParent()
            .getMinus().attr(""b"");

        final AttributeBSPTree<TestPoint2D, String> c = new AttributeBSPTree<>();

        final TestMergeOperator mergeOp = new TestMergeOperator();

        // act
        mergeOp.apply(a, b, c);

        // assert
        Assertions.assertEquals(3, a.count());
        Assertions.assertEquals(3, b.count());
        Assertions.assertEquals(5, c.count());

        Assertions.assertEquals(""a"", a.findNode(new TestPoint2D(0, 1)).getAttribute());
        Assertions.assertEquals(""A"", a.findNode(new TestPoint2D(0, -1)).getAttribute());

        Assertions.assertEquals(""b"", b.findNode(new TestPoint2D(0, -1)).getAttribute());
        Assertions.assertEquals(""B"", b.findNode(new TestPoint2D(0, -3)).getAttribute());

        Assertions.assertEquals(""ab"", c.findNode(new TestPoint2D(1, 1)).getAttribute());
        Assertions.assertEquals(""ab"", c.findNode(new TestPoint2D(-1, 1)).getAttribute());
        Assertions.assertEquals(""Ab"", c.findNode(new TestPoint2D(-1, -1)).getAttribute());
        Assertions.assertEquals(""Ab"", c.findNode(new TestPoint2D(1, -1)).getAttribute());

        Assertions.assertEquals(""AB"", c.findNode(new TestPoint2D(-1, -3)).getAttribute());
        Assertions.assertEquals(""AB"", c.findNode(new TestPoint2D(1, -3)).getAttribute());

        PartitionTestUtils.assertTreeStructure(a);
        PartitionTestUtils.assertTreeStructure(b);
        PartitionTestUtils.assertTreeStructure(c);
    }",AbstractBSPTreeMergeOperatorTest::testMerge_cutOnPlusSide_parallel_oe
commons-geometry_955,"@Test
    void testMerge_cutOnPlusSide_antiParallel_oe() {
        // arrange
        final AttributeBSPTree<TestPoint2D, String> a = new AttributeBSPTree<>();
        a.getRoot().cut(TestLine.X_AXIS)
            .getPlus().attr(""A"")
            .getParent()
            .getMinus().attr(""a"");

        final AttributeBSPTree<TestPoint2D, String> b = new AttributeBSPTree<>();
        b.getRoot().cut(new TestLine(new TestPoint2D(1, -2), new TestPoint2D(0, -2)))
            .getPlus().attr(""B"")
            .getParent()
            .getMinus().attr(""b"");

        final AttributeBSPTree<TestPoint2D, String> c = new AttributeBSPTree<>();

        final TestMergeOperator mergeOp = new TestMergeOperator();

        // act
        mergeOp.apply(a, b, c);

        // assert
        Assertions.assertEquals(3, a.count());
        Assertions.assertEquals(3, b.count());
        Assertions.assertEquals(5, c.count());

        Assertions.assertEquals(""a"", a.findNode(new TestPoint2D(0, 1)).getAttribute());
        Assertions.assertEquals(""A"", a.findNode(new TestPoint2D(0, -1)).getAttribute());

        Assertions.assertEquals(""B"", b.findNode(new TestPoint2D(0, -1)).getAttribute());
        Assertions.assertEquals(""b"", b.findNode(new TestPoint2D(0, -3)).getAttribute());

        Assertions.assertEquals(""aB"", c.findNode(new TestPoint2D(1, 1)).getAttribute());
        Assertions.assertEquals(""aB"", c.findNode(new TestPoint2D(-1, 1)).getAttribute());
        Assertions.assertEquals(""AB"", c.findNode(new TestPoint2D(-1, -1)).getAttribute());
        Assertions.assertEquals(""AB"", c.findNode(new TestPoint2D(1, -1)).getAttribute());

        Assertions.assertEquals(""Ab"", c.findNode(new TestPoint2D(-1, -3)).getAttribute());
        Assertions.assertEquals(""Ab"", c.findNode(new TestPoint2D(1, -3)).getAttribute());

        PartitionTestUtils.assertTreeStructure(a);
        PartitionTestUtils.assertTreeStructure(b);
        PartitionTestUtils.assertTreeStructure(c);
    }",AbstractBSPTreeMergeOperatorTest::testMerge_cutOnPlusSide_antiParallel_oe
commons-geometry_956,"@Test
    void testMerge_cutOnMinusSide_parallel_oe() {
        // arrange
        final AttributeBSPTree<TestPoint2D, String> a = new AttributeBSPTree<>();
        a.getRoot().cut(TestLine.X_AXIS)
            .getPlus().attr(""A"")
            .getParent()
            .getMinus().attr(""a"");

        final AttributeBSPTree<TestPoint2D, String> b = new AttributeBSPTree<>();
        b.getRoot().cut(new TestLine(new TestPoint2D(0, 2), new TestPoint2D(1, 2)))
            .getPlus().attr(""B"")
            .getParent()
            .getMinus().attr(""b"");

        final AttributeBSPTree<TestPoint2D, String> c = new AttributeBSPTree<>();

        final TestMergeOperator mergeOp = new TestMergeOperator();

        // act
        mergeOp.apply(a, b, c);

        // assert
        Assertions.assertEquals(3, a.count());
        Assertions.assertEquals(3, b.count());
        Assertions.assertEquals(5, c.count());

        Assertions.assertEquals(""a"", a.findNode(new TestPoint2D(0, 1)).getAttribute());
        Assertions.assertEquals(""A"", a.findNode(new TestPoint2D(0, -1)).getAttribute());

        Assertions.assertEquals(""B"", b.findNode(new TestPoint2D(0, 1)).getAttribute());
        Assertions.assertEquals(""b"", b.findNode(new TestPoint2D(0, 3)).getAttribute());

        Assertions.assertEquals(""aB"", c.findNode(new TestPoint2D(1, 1)).getAttribute());
        Assertions.assertEquals(""aB"", c.findNode(new TestPoint2D(-1, 1)).getAttribute());
        Assertions.assertEquals(""AB"", c.findNode(new TestPoint2D(-1, -1)).getAttribute());
        Assertions.assertEquals(""AB"", c.findNode(new TestPoint2D(1, -1)).getAttribute());

        Assertions.assertEquals(""ab"", c.findNode(new TestPoint2D(-1, 3)).getAttribute());
        Assertions.assertEquals(""ab"", c.findNode(new TestPoint2D(1, 3)).getAttribute());

        PartitionTestUtils.assertTreeStructure(a);
        PartitionTestUtils.assertTreeStructure(b);
        PartitionTestUtils.assertTreeStructure(c);
    }",AbstractBSPTreeMergeOperatorTest::testMerge_cutOnMinusSide_parallel_oe
commons-geometry_957,"@Test
    void testMerge_cutOnMinusSide_antiParallel_oe() {
        // arrange
        final AttributeBSPTree<TestPoint2D, String> a = new AttributeBSPTree<>();
        a.getRoot().cut(TestLine.X_AXIS)
            .getPlus().attr(""A"")
            .getParent()
            .getMinus().attr(""a"");

        final AttributeBSPTree<TestPoint2D, String> b = new AttributeBSPTree<>();
        b.getRoot().cut(new TestLine(new TestPoint2D(1, 2), new TestPoint2D(0, 2)))
            .getPlus().attr(""B"")
            .getParent()
            .getMinus().attr(""b"");

        final AttributeBSPTree<TestPoint2D, String> c = new AttributeBSPTree<>();

        final TestMergeOperator mergeOp = new TestMergeOperator();

        // act
        mergeOp.apply(a, b, c);

        // assert
        Assertions.assertEquals(3, a.count());
        Assertions.assertEquals(3, b.count());
        Assertions.assertEquals(5, c.count());

        Assertions.assertEquals(""a"", a.findNode(new TestPoint2D(0, 1)).getAttribute());
        Assertions.assertEquals(""A"", a.findNode(new TestPoint2D(0, -1)).getAttribute());

        Assertions.assertEquals(""b"", b.findNode(new TestPoint2D(0, 1)).getAttribute());
        Assertions.assertEquals(""B"", b.findNode(new TestPoint2D(0, 3)).getAttribute());

        Assertions.assertEquals(""ab"", c.findNode(new TestPoint2D(1, 1)).getAttribute());
        Assertions.assertEquals(""ab"", c.findNode(new TestPoint2D(-1, 1)).getAttribute());
        Assertions.assertEquals(""Ab"", c.findNode(new TestPoint2D(-1, -1)).getAttribute());
        Assertions.assertEquals(""Ab"", c.findNode(new TestPoint2D(1, -1)).getAttribute());

        Assertions.assertEquals(""aB"", c.findNode(new TestPoint2D(-1, 3)).getAttribute());
        Assertions.assertEquals(""aB"", c.findNode(new TestPoint2D(1, 3)).getAttribute());

        PartitionTestUtils.assertTreeStructure(a);
        PartitionTestUtils.assertTreeStructure(b);
        PartitionTestUtils.assertTreeStructure(c);
    }",AbstractBSPTreeMergeOperatorTest::testMerge_cutOnMinusSide_antiParallel_oe
commons-geometry_958,"@Test
    void testMerge_outputIsFirstInput_oe() {
        // arrange
        final AttributeBSPTree<TestPoint2D, String> a = new AttributeBSPTree<>();
        a.getRoot().cut(TestLine.X_AXIS)
            .getPlus().attr(""A"")
            .getParent()
            .getMinus().attr(""a"");

        final AttributeBSPTree<TestPoint2D, String> b = new AttributeBSPTree<>();
        b.getRoot().cut(TestLine.Y_AXIS)
            .getPlus().attr(""B"")
            .getParent()
            .getMinus().attr(""b"");

        final TestMergeOperator mergeOp = new TestMergeOperator();

        // act
        mergeOp.apply(a, b, a);

        // assert
        Assertions.assertEquals(7, a.count());
        Assertions.assertEquals(3, b.count());

        Assertions.assertEquals(""B"", b.findNode(new TestPoint2D(1, 0)).getAttribute());
        Assertions.assertEquals(""b"", b.findNode(new TestPoint2D(-1, 0)).getAttribute());

        Assertions.assertEquals(""aB"", a.findNode(new TestPoint2D(1, 1)).getAttribute());
        Assertions.assertEquals(""ab"", a.findNode(new TestPoint2D(-1, 1)).getAttribute());
        Assertions.assertEquals(""Ab"", a.findNode(new TestPoint2D(-1, -1)).getAttribute());
        Assertions.assertEquals(""AB"", a.findNode(new TestPoint2D(1, -1)).getAttribute());

        PartitionTestUtils.assertTreeStructure(a);
        PartitionTestUtils.assertTreeStructure(b);
    }",AbstractBSPTreeMergeOperatorTest::testMerge_outputIsFirstInput_oe
commons-geometry_959,"@Test
    void testMerge_outputIsSecondInput_oe() {
        // arrange
        final AttributeBSPTree<TestPoint2D, String> a = new AttributeBSPTree<>();
        a.getRoot().cut(TestLine.X_AXIS)
            .getPlus().attr(""A"")
            .getParent()
            .getMinus().attr(""a"");

        final AttributeBSPTree<TestPoint2D, String> b = new AttributeBSPTree<>();
        b.getRoot().cut(TestLine.Y_AXIS)
            .getPlus().attr(""B"")
            .getParent()
            .getMinus().attr(""b"");

        final TestMergeOperator mergeOp = new TestMergeOperator();

        // act
        mergeOp.apply(a, b, b);

        // assert
        Assertions.assertEquals(3, a.count());
        Assertions.assertEquals(7, b.count());

        Assertions.assertEquals(""a"", a.findNode(new TestPoint2D(0, 1)).getAttribute());
        Assertions.assertEquals(""A"", a.findNode(new TestPoint2D(0, -1)).getAttribute());

        Assertions.assertEquals(""aB"", b.findNode(new TestPoint2D(1, 1)).getAttribute());
        Assertions.assertEquals(""ab"", b.findNode(new TestPoint2D(-1, 1)).getAttribute());
        Assertions.assertEquals(""Ab"", b.findNode(new TestPoint2D(-1, -1)).getAttribute());
        Assertions.assertEquals(""AB"", b.findNode(new TestPoint2D(1, -1)).getAttribute());

        PartitionTestUtils.assertTreeStructure(a);
        PartitionTestUtils.assertTreeStructure(b);
    }",AbstractBSPTreeMergeOperatorTest::testMerge_outputIsSecondInput_oe
commons-geometry_961,"@Test
    void testUnion_mixedCutRules_oe() {
        // arrange
        final Supplier<TestRegionBSPTree> r1 = () -> {
            final TestRegionBSPTree tree = new TestRegionBSPTree(false);
            tree.insert(TestLine.X_AXIS.span(), RegionCutRule.PLUS_INSIDE);
            tree.insert(new TestLine(new TestPoint2D(5, 0), new TestPoint2D(5, 1)).span(), RegionCutRule.INHERIT);

            return tree;
        };

        final Supplier<TestRegionBSPTree> r2 = () -> {
            final TestRegionBSPTree tree = new TestRegionBSPTree(false);
            tree.insert(TestLine.Y_AXIS.span(), RegionCutRule.MINUS_INSIDE);

            return tree;
        };

        // act/assert
        // Note that the tree node count is different from other tests because one input tree is not condensed.
        // However, the resulting regions are equivalent.
        unionChecker(r1, r2)
            .full(false)
            .empty(false)
            .inside(new TestPoint2D(1, -1), new TestPoint2D(-1, 1), new TestPoint2D(-1, -1))
            .outside(new TestPoint2D(1, 1), new TestPoint2D(10, 10))
            .boundary(TestPoint2D.ZERO)
            .count(7)
            .check(t -> {
                final TestLineSegment seg = (TestLineSegment) t.getRoot().getMinus().getMinus().getCut();

                PartitionTestUtils.assertPointsEqual(TestPoint2D.ZERO, seg.getStartPoint());
                PartitionTestUtils.assertPointsEqual(new TestPoint2D(0.0, Double.POSITIVE_INFINITY), seg.getEndPoint());
            });
    }",AbstractRegionBSPTreeBooleanTest::testUnion_mixedCutRules_oe
commons-geometry_965,"@Test
    void testPrecisionContextExample_oe() {
        // create a precision instance with an epsilon (aka, tolerance) value of 1e-3
        final Precision.DoubleEquivalence precision = Precision.doubleEquivalenceOfEpsilon(1e-3);

        // test for equality using the eq() method
        precision.eq(1.0009, 1.0); // true; difference is less than epsilon
        precision.eq(1.002, 1.0); // false; difference is greater than epsilon

        // compare
        precision.compare(1.0009, 1.0); // 0
        precision.compare(1.002, 1.0); // 1

        // ------------------
        Assertions.assertTrue(precision.eq(1.0009, 1.0));
        Assertions.assertFalse(precision.eq(1.002, 1.0));

        Assertions.assertEquals(0, precision.compare(1.0009, 1.0));
        Assertions.assertEquals(1, precision.compare(1.002, 1.0));
    }",DocumentationExamplesTest::testPrecisionContextExample_oe
commons-geometry_966,"@Test
    void testEqualsVsEqExample_oe() {
        final Precision.DoubleEquivalence precision = Precision.doubleEquivalenceOfEpsilon(1e-6);

        final Vector2D v1 = Vector2D.of(1, 1); // (1.0, 1.0)
        final Vector2D v2 = Vector2D.parse(""(1, 1)""); // (1.0, 1.0)

        final Vector2D v3 = Vector2D.of(Math.sqrt(2), 0).transform(
                AffineTransformMatrix2D.createRotation(0.25 * Math.PI)); // (1.0000000000000002, 1.0)

        v1.equals(v2); // true - exactly equal
        v1.equals(v3); // false - not exactly equal

        v1.eq(v3, precision); // true - approximately equal according to the given precision context

        // ---------------------
        Assertions.assertEquals(v1, v2);
        Assertions.assertNotEquals(v1, v3);
        Assertions.assertTrue(v1.eq(v3, precision));
    }",DocumentationExamplesTest::testEqualsVsEqExample_oe
commons-geometry_967,"@Test
    void testManualBSPTreeExample_oe() {
        final Precision.DoubleEquivalence precision = Precision.doubleEquivalenceOfEpsilon(1e-6);

        // create a tree representing an empty space (nothing ""inside"")
        final RegionBSPTree2D tree = RegionBSPTree2D.empty();

        // insert a ""structural"" cut, meaning a cut whose children have the same inside/outside
        // status as the parent; this will help keep our tree balanced and limit its overall height
        tree.getRoot().insertCut(Lines.fromPointAndDirection(Vector2D.ZERO, Vector2D.of(1, 1), precision),
                RegionCutRule.INHERIT);

        RegionBSPTree2D.RegionNode2D currentNode;

        // insert on the plus side of the structural diagonal cut
        currentNode = tree.getRoot().getPlus();

        currentNode.insertCut(Lines.fromPointAndDirection(Vector2D.ZERO, Vector2D.Unit.PLUS_X, precision));
        currentNode = currentNode.getMinus();

        currentNode.insertCut(Lines.fromPointAndDirection(Vector2D.of(1, 0), Vector2D.Unit.PLUS_Y, precision));

        // insert on the plus side of the structural diagonal cut
        currentNode = tree.getRoot().getMinus();

        currentNode.insertCut(Lines.fromPointAndDirection(Vector2D.of(1, 1), Vector2D.Unit.MINUS_X, precision));
        currentNode = currentNode.getMinus();

        currentNode.insertCut(Lines.fromPointAndDirection(Vector2D.of(0, 1), Vector2D.Unit.MINUS_Y, precision));

        // compute some tree properties
        final int count = tree.count(); // number of nodes in the tree = 11
        final int height = tree.height(); // height of the tree = 3
        final double size = tree.getSize(); // size of the region = 1
        final Vector2D centroid = tree.getCentroid(); // region centroid = (0.5, 0.5)

        // ---------
        Assertions.assertEquals(1, size, TEST_EPS);
        Assertions.assertEquals(11, count);
        Assertions.assertEquals(3, height);
        EuclideanTestUtils.assertCoordinatesEqual(Vector2D.of(0.5, 0.5), centroid, TEST_EPS);
    }",DocumentationExamplesTest::testManualBSPTreeExample_oe
commons-geometry_968,"@Test
    void testHyperplaneSubsetBSPTreeExample_oe() {
        final Precision.DoubleEquivalence precision = Precision.doubleEquivalenceOfEpsilon(1e-6);

        // create a tree representing an empty space (nothing ""inside"")
        final RegionBSPTree2D tree = RegionBSPTree2D.empty();

        // insert the hyperplane subsets
        tree.insert(Arrays.asList(
                    Lines.segmentFromPoints(Vector2D.ZERO, Vector2D.of(1, 0), precision),
                    Lines.segmentFromPoints(Vector2D.of(1, 0), Vector2D.of(1, 1), precision),
                    Lines.segmentFromPoints(Vector2D.of(1, 1), Vector2D.of(0, 1), precision),
                    Lines.segmentFromPoints(Vector2D.of(0, 1), Vector2D.ZERO, precision)
                ));

        // compute some tree properties
        final int count = tree.count(); // number of nodes in the tree = 9
        final int height = tree.height(); // height of the tree = 4
        final double size = tree.getSize(); // size of the region = 1
        final Vector2D centroid = tree.getCentroid(); // region centroid = (0.5, 0.5)

        // ---------
        Assertions.assertEquals(1, size, TEST_EPS);
        Assertions.assertEquals(9, count);
        Assertions.assertEquals(4, height);
        EuclideanTestUtils.assertCoordinatesEqual(Vector2D.of(0.5, 0.5), centroid, TEST_EPS);
    }",DocumentationExamplesTest::testHyperplaneSubsetBSPTreeExample_oe
commons-geometry_969,"@Test
    void testIntervalExample_oe() {
        final Precision.DoubleEquivalence precision = Precision.doubleEquivalenceOfEpsilon(1e-6);

        // create a closed interval and a half-open interval with a min but no max
        final Interval closed = Interval.of(1, 2, precision);
        final Interval halfOpen = Interval.min(1, precision);

        // classify some points against the intervals
        closed.contains(0.0); // false
        halfOpen.contains(Vector1D.ZERO); // false

        final RegionLocation closedOneLoc = closed.classify(Vector1D.of(1)); // RegionLocation.BOUNDARY
        final RegionLocation halfOpenOneLoc = halfOpen.classify(Vector1D.of(1)); // RegionLocation.BOUNDARY

        final RegionLocation closedThreeLoc = closed.classify(3.0); // RegionLocation.OUTSIDE
        final RegionLocation halfOpenThreeLoc = halfOpen.classify(3.0); // RegionLocation.INSIDE

        // --------------------
        Assertions.assertFalse(closed.contains(0));
        Assertions.assertFalse(halfOpen.contains(0));

        Assertions.assertEquals(RegionLocation.BOUNDARY, closedOneLoc);
        Assertions.assertEquals(RegionLocation.BOUNDARY, halfOpenOneLoc);

        Assertions.assertEquals(RegionLocation.OUTSIDE, closedThreeLoc);
        Assertions.assertEquals(RegionLocation.INSIDE, halfOpenThreeLoc);
    }",DocumentationExamplesTest::testIntervalExample_oe
commons-geometry_970,"@Test
    void testRegionBSPTree1DExample_oe() {
        final Precision.DoubleEquivalence precision = Precision.doubleEquivalenceOfEpsilon(1e-6);

        // build a bsp tree from the union of several intervals
        final RegionBSPTree1D tree = RegionBSPTree1D.empty();

        tree.add(Interval.of(1, 2, precision));
        tree.add(Interval.of(1.5, 3, precision));
        tree.add(Interval.of(-1, -2, precision));

        // compute the size;
        final double size = tree.getSize(); // 3

        // convert back to intervals
        final List<Interval> intervals = tree.toIntervals(); // size = 2

        // ----------------------
        Assertions.assertEquals(3, size, TEST_EPS);
        Assertions.assertEquals(2, intervals.size());
    }",DocumentationExamplesTest::testRegionBSPTree1DExample_oe
commons-geometry_971,"@Test
    void testLineIntersectionExample_oe() {
        final Precision.DoubleEquivalence precision = Precision.doubleEquivalenceOfEpsilon(1e-6);

        // create some lines
        final Line a = Lines.fromPoints(Vector2D.ZERO, Vector2D.of(2, 2), precision);
        final Line b = Lines.fromPointAndDirection(Vector2D.of(1, -1), Vector2D.Unit.PLUS_Y, precision);

        // compute the intersection and angles
        final Vector2D intersection = a.intersection(b); // (1, 1)
        final double angleAtoB = a.angle(b); // pi/4
        final double angleBtoA = b.angle(a); // -pi/4

        // ----------------------------
        EuclideanTestUtils.assertCoordinatesEqual(Vector2D.of(1, 1), intersection, TEST_EPS);
        Assertions.assertEquals(0.25 * Math.PI, angleAtoB, TEST_EPS);
        Assertions.assertEquals(-0.25 * Math.PI, angleBtoA, TEST_EPS);
    }",DocumentationExamplesTest::testLineIntersectionExample_oe
commons-geometry_972,"@Test
    void testLineSegmentIntersectionExample_oe() {
        final Precision.DoubleEquivalence precision = Precision.doubleEquivalenceOfEpsilon(1e-6);

        // create some line segments
        final Segment segmentA = Lines.segmentFromPoints(Vector2D.of(3, -1), Vector2D.of(3, 1), precision);
        final Segment segmentB = Lines.segmentFromPoints(Vector2D.of(-3, -1), Vector2D.of(-3, 1), precision);

        // create a ray to intersect against the segments
        final Ray ray = Lines.rayFromPointAndDirection(Vector2D.of(2, 0), Vector2D.Unit.PLUS_X, precision);

        // compute some intersections
        final Vector2D aIntersection = segmentA.intersection(ray); // (3, 0)
        final Vector2D bIntersection = segmentB.intersection(ray); // null - no intersection

        // ----------------------------
        EuclideanTestUtils.assertCoordinatesEqual(Vector2D.of(3, 0), aIntersection, TEST_EPS);
        Assertions.assertNull(bIntersection);
    }",DocumentationExamplesTest::testLineSegmentIntersectionExample_oe
commons-geometry_973,"@Test
    void testRegionBSPTree2DExample_oe() {
        final Precision.DoubleEquivalence precision = Precision.doubleEquivalenceOfEpsilon(1e-6);

        // create a connected sequence of line segments forming the unit square
        final LinePath path = LinePath.builder(precision)
                .append(Vector2D.ZERO)
                .append(Vector2D.Unit.PLUS_X)
                .append(Vector2D.of(1, 1))
                .append(Vector2D.Unit.PLUS_Y)
                .build(true); // build the path, ending it with the starting point

        // convert to a tree
        final RegionBSPTree2D tree = path.toTree();

        // copy the tree
        final RegionBSPTree2D copy = tree.copy();

        // translate the copy
        copy.transform(AffineTransformMatrix2D.createTranslation(Vector2D.of(0.5, 0.5)));

        // compute the union of the regions, storing the result back into the
        // first tree
        tree.union(copy);

        // compute some properties
        final double size = tree.getSize(); // 1.75
        final Vector2D centroid = tree.getCentroid(); // (0.75, 0.75)

        // get a line path representing the boundary; a list is returned since trees
        // can represent disjoint regions
        final List<LinePath> boundaries = tree.getBoundaryPaths(); // size = 1

        // ----------------
        Assertions.assertEquals(1.75, size, TEST_EPS);
        EuclideanTestUtils.assertCoordinatesEqual(Vector2D.of(0.75, 0.75), centroid, TEST_EPS);
        Assertions.assertEquals(1, boundaries.size());
    }",DocumentationExamplesTest::testRegionBSPTree2DExample_oe
commons-geometry_974,"@Test
    void testLinecast2DExample_oe() {
        final Precision.DoubleEquivalence precision = Precision.doubleEquivalenceOfEpsilon(1e-6);

        final Parallelogram box = Parallelogram.axisAligned(Vector2D.ZERO, Vector2D.of(2, 1), precision);

        final LinecastPoint2D pt = box.linecastFirst(
                Lines.segmentFromPoints(Vector2D.of(1, 0.5), Vector2D.of(4, 0.5), precision));

        final Vector2D intersection = pt.getPoint(); // (2.0, 0.5)
        final Vector2D normal = pt.getNormal(); // (1.0, 0.0)

        // ----------------
        EuclideanTestUtils.assertCoordinatesEqual(Vector2D.of(2, 0.5), intersection, TEST_EPS);
        EuclideanTestUtils.assertCoordinatesEqual(Vector2D.of(1, 0), normal, TEST_EPS);
    }",DocumentationExamplesTest::testLinecast2DExample_oe
commons-geometry_975,"@Test
    void testPlaneIntersectionExample_oe() {
        final Precision.DoubleEquivalence precision = Precision.doubleEquivalenceOfEpsilon(1e-6);

        // create two planes
        final Plane a = Planes.fromPointAndNormal(Vector3D.of(1, 1, 1), Vector3D.Unit.PLUS_Z, precision);
        final Plane b = Planes.fromPointAndPlaneVectors(Vector3D.of(1, 1, 1),
                Vector3D.Unit.PLUS_Z, Vector3D.Unit.MINUS_Y, precision);

        // compute the intersection
        final Line3D line = a.intersection(b);

        final Vector3D dir = line.getDirection(); // (0, 1, 0)

        // ----------------------
        EuclideanTestUtils.assertCoordinatesEqual(Vector3D.Unit.PLUS_Y, dir, TEST_EPS);
    }",DocumentationExamplesTest::testPlaneIntersectionExample_oe
commons-geometry_976,"@Test
    void testTransform3DExample_oe() {
        final List<Vector3D> inputPts = Arrays.asList(
                Vector3D.ZERO,
                Vector3D.Unit.PLUS_X,
                Vector3D.Unit.PLUS_Y,
                Vector3D.Unit.PLUS_Z);

        // create a 4x4 transform matrix and quaternion rotation
        final AffineTransformMatrix3D mat = AffineTransformMatrix3D.createScale(2)
                .translate(Vector3D.of(1, 2, 3));

        final QuaternionRotation rot = QuaternionRotation.fromAxisAngle(Vector3D.Unit.PLUS_Z,
                Angle.PI_OVER_TWO);

        // transform the input points
        final List<Vector3D> matOutput = inputPts.stream()
                .map(mat)
                .collect(Collectors.toList()); // [(1, 2, 3), (3, 2, 3), (1, 4, 3), (1, 2, 5)]

        final List<Vector3D> rotOutput = inputPts.stream()
                .map(rot)
                .collect(Collectors.toList()); // [(0, 0, 0), (0, 1, 0), (-1, 0, 0), (0, 0, 1)]

        // ----------------
        EuclideanTestUtils.assertCoordinatesEqual(Vector3D.of(1, 2, 3), matOutput.get(0), TEST_EPS);
        EuclideanTestUtils.assertCoordinatesEqual(Vector3D.of(3, 2, 3), matOutput.get(1), TEST_EPS);
        EuclideanTestUtils.assertCoordinatesEqual(Vector3D.of(1, 4, 3), matOutput.get(2), TEST_EPS);
        EuclideanTestUtils.assertCoordinatesEqual(Vector3D.of(1, 2, 5), matOutput.get(3), TEST_EPS);

        EuclideanTestUtils.assertCoordinatesEqual(Vector3D.of(0, 0, 0), rotOutput.get(0), TEST_EPS);
        EuclideanTestUtils.assertCoordinatesEqual(Vector3D.of(0, 1, 0), rotOutput.get(1), TEST_EPS);
        EuclideanTestUtils.assertCoordinatesEqual(Vector3D.of(-1, 0, 0), rotOutput.get(2), TEST_EPS);
        EuclideanTestUtils.assertCoordinatesEqual(Vector3D.of(0, 0, 1), rotOutput.get(3), TEST_EPS);
    }",DocumentationExamplesTest::testTransform3DExample_oe
commons-geometry_977,"@Test
    void testRegionBSPTree3DExample_oe() {
        final Precision.DoubleEquivalence precision = Precision.doubleEquivalenceOfEpsilon(1e-6);

        // create the faces of a pyramid with a square base and its apex pointing along the
        // positive z axis
        final Vector3D[] vertices = {
            Vector3D.Unit.PLUS_Z,
            Vector3D.of(0.5, 0.5, 0.0),
            Vector3D.of(0.5, -0.5, 0.0),
            Vector3D.of(-0.5, -0.5, 0.0),
            Vector3D.of(-0.5, 0.5, 0.0)
        };

        final int[][] faceIndices = {
            {1, 0, 2},
            {2, 0, 3},
            {3, 0, 4},
            {4, 0, 1},
            {1, 2, 3, 4}
        };

        // convert the vertices and faces to convex polygons and use to construct a BSP tree
        final List<ConvexPolygon3D> faces = Planes.indexedConvexPolygons(vertices, faceIndices, precision);
        final RegionBSPTree3D tree = RegionBSPTree3D.from(faces);

        // split the region through its centroid along a diagonal of the base
        final Plane cutter = Planes.fromPointAndNormal(tree.getCentroid(), Vector3D.Unit.from(1, 1, 0), precision);
        final Split<RegionBSPTree3D> split = tree.split(cutter);

        // compute some properties for the minus side of the split and convert back to hyperplane subsets
        // (ie, boundary facets)
        final RegionBSPTree3D minus = split.getMinus();

        final double minusSize = minus.getSize(); // 1/6
        final List<PlaneConvexSubset> minusBoundaries = minus.getBoundaries(); // size = 4

        // ---------------------
        Assertions.assertEquals(1.0 / 6.0, minusSize, TEST_EPS);
        Assertions.assertEquals(4, minusBoundaries.size());
    }",DocumentationExamplesTest::testRegionBSPTree3DExample_oe
commons-geometry_978,"@Test
    void testLinecast3DExample_oe() {
        final Precision.DoubleEquivalence precision = Precision.doubleEquivalenceOfEpsilon(1e-6);

        // create a BSP tree representing an axis-aligned cube with corners at (0, 0, 0) and (1, 1, 1)
        final RegionBSPTree3D tree = Parallelepiped.axisAligned(Vector3D.ZERO, Vector3D.of(1, 1, 1), precision)
                .toTree();

        // create a ray starting on one side of the cube and pointing through its center
        final Ray3D ray = Lines3D.rayFromPointAndDirection(Vector3D.of(0.5, 0.5, -1), Vector3D.Unit.PLUS_Z, precision);

        // perform the linecast
        final List<LinecastPoint3D> pts = tree.linecast(ray);

        // check the results
        final int intersectionCount = pts.size(); // intersectionCount = 2
        final Vector3D intersection = pts.get(0).getPoint(); // (0.5, 0.5, 0.0)
        final Vector3D normal = pts.get(0).getNormal(); // (0.0, 0.0, -1.0)

        // ----------------
        Assertions.assertEquals(2, intersectionCount);

        EuclideanTestUtils.assertCoordinatesEqual(Vector3D.of(0.5, 0.5, 0), intersection, TEST_EPS);
        EuclideanTestUtils.assertCoordinatesEqual(Vector3D.of(0, 0, -1), normal, TEST_EPS);
    }",DocumentationExamplesTest::testLinecast3DExample_oe
commons-geometry_979,"@Test
    void testDimension_oe() {
        // arrange
        final PolarCoordinates p = PolarCoordinates.of(1, 0);

        // act/assert
        Assertions.assertEquals(2, p.getDimension());
    }",PolarCoordinatesTest::testDimension_oe
commons-geometry_980,"@Test
    void testIsNaN_oe() {
        // act/assert
        Assertions.assertFalse(PolarCoordinates.of(1, 0).isNaN());
        Assertions.assertFalse(PolarCoordinates.of(Double.POSITIVE_INFINITY, Double.NEGATIVE_INFINITY).isNaN());

        Assertions.assertTrue(PolarCoordinates.of(Double.NaN, 0).isNaN());
        Assertions.assertTrue(PolarCoordinates.of(1, Double.NaN).isNaN());
        Assertions.assertTrue(PolarCoordinates.of(Double.NaN, Double.NaN).isNaN());
    }",PolarCoordinatesTest::testIsNaN_oe
commons-geometry_981,"@Test
    void testIsInfinite_oe() {
        // act/assert
        Assertions.assertFalse(PolarCoordinates.of(1, 0).isInfinite());
        Assertions.assertFalse(PolarCoordinates.of(Double.NaN, Double.NaN).isInfinite());

        Assertions.assertTrue(PolarCoordinates.of(Double.POSITIVE_INFINITY, 0).isInfinite());
        Assertions.assertTrue(PolarCoordinates.of(Double.NEGATIVE_INFINITY, 0).isInfinite());
        Assertions.assertFalse(PolarCoordinates.of(Double.NEGATIVE_INFINITY, Double.NaN).isInfinite());

        Assertions.assertTrue(PolarCoordinates.of(0, Double.POSITIVE_INFINITY).isInfinite());
        Assertions.assertTrue(PolarCoordinates.of(0, Double.NEGATIVE_INFINITY).isInfinite());
        Assertions.assertFalse(PolarCoordinates.of(Double.NaN, Double.NEGATIVE_INFINITY).isInfinite());

        Assertions.assertTrue(PolarCoordinates.of(Double.POSITIVE_INFINITY, Double.NEGATIVE_INFINITY).isInfinite());
        Assertions.assertTrue(PolarCoordinates.of(Double.NEGATIVE_INFINITY, Double.POSITIVE_INFINITY).isInfinite());
    }",PolarCoordinatesTest::testIsInfinite_oe
commons-geometry_982,"@Test
    void testIsFinite_oe() {
        // act/assert
        Assertions.assertTrue(PolarCoordinates.of(1, 0).isFinite());
        Assertions.assertTrue(PolarCoordinates.of(1, Math.PI).isFinite());

        Assertions.assertFalse(PolarCoordinates.of(Double.NaN, Double.NaN).isFinite());

        Assertions.assertFalse(PolarCoordinates.of(Double.POSITIVE_INFINITY, 0).isFinite());
        Assertions.assertFalse(PolarCoordinates.of(Double.NEGATIVE_INFINITY, 0).isFinite());
        Assertions.assertFalse(PolarCoordinates.of(Double.NEGATIVE_INFINITY, Double.NaN).isFinite());

        Assertions.assertFalse(PolarCoordinates.of(0, Double.POSITIVE_INFINITY).isFinite());
        Assertions.assertFalse(PolarCoordinates.of(0, Double.NEGATIVE_INFINITY).isFinite());
        Assertions.assertFalse(PolarCoordinates.of(Double.NaN, Double.NEGATIVE_INFINITY).isFinite());

        Assertions.assertFalse(PolarCoordinates.of(Double.POSITIVE_INFINITY, Double.NEGATIVE_INFINITY).isFinite());
        Assertions.assertFalse(PolarCoordinates.of(Double.NEGATIVE_INFINITY, Double.POSITIVE_INFINITY).isFinite());
    }",PolarCoordinatesTest::testIsFinite_oe
commons-geometry_983,"@Test
    void testHashCode_oe() {
        // arrange
        final PolarCoordinates a = PolarCoordinates.of(1, 2);
        final PolarCoordinates b = PolarCoordinates.of(10, 2);
        final PolarCoordinates c = PolarCoordinates.of(10, 20);
        final PolarCoordinates d = PolarCoordinates.of(1, 20);

        final PolarCoordinates e = PolarCoordinates.of(1, 2);

        // act/assert
        Assertions.assertEquals(a.hashCode(), a.hashCode());
        Assertions.assertEquals(a.hashCode(), e.hashCode());

        Assertions.assertNotEquals(a.hashCode(), b.hashCode());
        Assertions.assertNotEquals(a.hashCode(), c.hashCode());
        Assertions.assertNotEquals(a.hashCode(), d.hashCode());
    }",PolarCoordinatesTest::testHashCode_oe
commons-geometry_984,"@Test
    void testHashCode_NaNInstancesHaveSameHashCode_oe() {
        // arrange
        final PolarCoordinates a = PolarCoordinates.of(1, Double.NaN);
        final PolarCoordinates b = PolarCoordinates.of(Double.NaN, 1);

        // act/assert
        Assertions.assertEquals(a.hashCode(), b.hashCode());
    }",PolarCoordinatesTest::testHashCode_NaNInstancesHaveSameHashCode_oe
commons-geometry_985,"@Test
    void testEquals_oe() {
        // arrange
        final PolarCoordinates a = PolarCoordinates.of(1, 2);
        final PolarCoordinates b = PolarCoordinates.of(10, 2);
        final PolarCoordinates c = PolarCoordinates.of(10, 20);
        final PolarCoordinates d = PolarCoordinates.of(1, 20);

        final PolarCoordinates e = PolarCoordinates.of(1, 2);

        // act/assert
        GeometryTestUtils.assertSimpleEqualsCases(a);
        Assertions.assertEquals(a, e);

        Assertions.assertNotEquals(a, b);
        Assertions.assertNotEquals(a, c);
        Assertions.assertNotEquals(a, d);
    }",PolarCoordinatesTest::testEquals_oe
commons-geometry_986,"@Test
    void testEquals_NaNInstancesEqual_oe() {
        // arrange
        final PolarCoordinates a = PolarCoordinates.of(1, Double.NaN);
        final PolarCoordinates b = PolarCoordinates.of(Double.NaN, 1);

        // act/assert
        Assertions.assertEquals(a, b);
    }",PolarCoordinatesTest::testEquals_NaNInstancesEqual_oe
commons-geometry_987,"@Test
    void testEqualsAndHashCode_signedZeroConsistency_oe() {
        // arrange
        final PolarCoordinates a = PolarCoordinates.of(0.0, -0.0);
        final PolarCoordinates b = PolarCoordinates.of(-0.0, 0.0);
        final PolarCoordinates c = PolarCoordinates.of(0.0, -0.0);
        final PolarCoordinates d = PolarCoordinates.of(-0.0, 0.0);

        // act/assert
        Assertions.assertFalse(a.equals(b));

        Assertions.assertTrue(a.equals(c));
        Assertions.assertEquals(a.hashCode(), c.hashCode());

        Assertions.assertTrue(b.equals(d));
        Assertions.assertEquals(b.hashCode(), d.hashCode());
    }",PolarCoordinatesTest::testEqualsAndHashCode_signedZeroConsistency_oe
commons-geometry_988,"@Test
    void testToCartesian_static_NaNAndInfinite_oe() {
        // act/assert
        Assertions.assertTrue(PolarCoordinates.toCartesian(Double.NaN, 0).isNaN());
        Assertions.assertTrue(PolarCoordinates.toCartesian(0, Double.NaN).isNaN());

        Assertions.assertTrue(PolarCoordinates.toCartesian(Double.POSITIVE_INFINITY, 0).isNaN());
        Assertions.assertTrue(PolarCoordinates.toCartesian(0, Double.POSITIVE_INFINITY).isNaN());
        Assertions.assertTrue(PolarCoordinates.toCartesian(Double.POSITIVE_INFINITY, Double.POSITIVE_INFINITY).isNaN());

        Assertions.assertTrue(PolarCoordinates.toCartesian(Double.NEGATIVE_INFINITY, 0).isNaN());
        Assertions.assertTrue(PolarCoordinates.toCartesian(0, Double.NEGATIVE_INFINITY).isNaN());
        Assertions.assertTrue(PolarCoordinates.toCartesian(Double.NEGATIVE_INFINITY, Double.NEGATIVE_INFINITY).isNaN());
    }",PolarCoordinatesTest::testToCartesian_static_NaNAndInfinite_oe
commons-geometry_989,"@Test
    void testToString_oe() {
        // arrange
        final PolarCoordinates polar = PolarCoordinates.of(1, 2);
        final Pattern pattern = Pattern.compile(""\\(1.{0,2}, 2.{0,2}\\)"");

        // act
        final String str = polar.toString();

        // assert
        Assertions.assertTrue(pattern.matcher(str).matches(),""Expected string "" + str + "" to match regex "" + pattern);
    }",PolarCoordinatesTest::testToString_oe
commons-geometry_990,"@Test
    void testParse_failure_oe() {
        // act/assert
        Assertions.assertThrows(IllegalArgumentException.class, () -> PolarCoordinates.parse(""abc""));
    }",PolarCoordinatesTest::testParse_failure_oe
commons-geometry_991,"@Test
    void testNormalizeAzimuth_oe() {
        // act/assert
        Assertions.assertEquals(0.0, PolarCoordinates.normalizeAzimuth(0), EPS);

        Assertions.assertEquals(Angle.PI_OVER_TWO, PolarCoordinates.normalizeAzimuth(Angle.PI_OVER_TWO), EPS);
        Assertions.assertEquals(Math.PI, PolarCoordinates.normalizeAzimuth(Math.PI), EPS);
        Assertions.assertEquals(THREE_PI_OVER_TWO, PolarCoordinates.normalizeAzimuth(THREE_PI_OVER_TWO), EPS);
        Assertions.assertEquals(0.0, PolarCoordinates.normalizeAzimuth(Angle.TWO_PI), EPS);

        Assertions.assertEquals(THREE_PI_OVER_TWO, PolarCoordinates.normalizeAzimuth(-Angle.PI_OVER_TWO), EPS);
        Assertions.assertEquals(Math.PI, PolarCoordinates.normalizeAzimuth(-Math.PI), EPS);
        Assertions.assertEquals(Angle.PI_OVER_TWO, PolarCoordinates.normalizeAzimuth(-Math.PI - Angle.PI_OVER_TWO), EPS);
        Assertions.assertEquals(0.0, PolarCoordinates.normalizeAzimuth(-Angle.TWO_PI), EPS);
    }",PolarCoordinatesTest::testNormalizeAzimuth_oe
commons-geometry_992,"@Test
    void testNormalizeAzimuth_NaNAndInfinite_oe() {
        // act/assert
        Assertions.assertEquals(Double.NaN, PolarCoordinates.normalizeAzimuth(Double.NaN), EPS);
        Assertions.assertEquals(Double.NEGATIVE_INFINITY, PolarCoordinates.normalizeAzimuth(Double.NEGATIVE_INFINITY), EPS);
        Assertions.assertEquals(Double.POSITIVE_INFINITY, PolarCoordinates.normalizeAzimuth(Double.POSITIVE_INFINITY), EPS);
    }",PolarCoordinatesTest::testNormalizeAzimuth_NaNAndInfinite_oe
commons-geometry_993,"@Test
    void testToList_oe() {
        // act
        final BoundarySource2D src = BoundarySource2D.of(
            Lines.segmentFromPoints(Vector2D.ZERO, Vector2D.of(1, 0), TEST_PRECISION),
            Lines.segmentFromPoints(Vector2D.of(1, 0), Vector2D.of(1, 1), TEST_PRECISION)
        );

        // act
        final BoundaryList2D list = src.toList();

        // assert
        Assertions.assertEquals(2, list.count());
    }",BoundarySource2DTest::testToList_oe
commons-geometry_994,"@Test
    void testToList_noBoundaries_oe() {
        // act
        final BoundarySource2D src = BoundarySource2D.of();

        // act
        final BoundaryList2D list = src.toList();

        // assert
        Assertions.assertEquals(0, list.count());
    }",BoundarySource2DTest::testToList_noBoundaries_oe
commons-geometry_995,"@Test
    void testToTree_oe() {
        // act
        final BoundarySource2D src = BoundarySource2D.of(
            Lines.segmentFromPoints(Vector2D.ZERO, Vector2D.of(1, 0), TEST_PRECISION),
            Lines.segmentFromPoints(Vector2D.of(1, 0), Vector2D.of(1, 1), TEST_PRECISION)
        );

        // act
        final RegionBSPTree2D tree = src.toTree();

        // assert
        Assertions.assertEquals(5, tree.count());
        Assertions.assertFalse(tree.isFull());
        Assertions.assertFalse(tree.isEmpty());
    }",BoundarySource2DTest::testToTree_oe
commons-geometry_996,"@Test
    void testToTree_noBoundaries_oe() {
        // act
        final BoundarySource2D src = BoundarySource2D.of();

        // act
        final RegionBSPTree2D tree = src.toTree();

        // assert
        Assertions.assertEquals(1, tree.count());
        Assertions.assertFalse(tree.isFull());
        Assertions.assertTrue(tree.isEmpty());
    }",BoundarySource2DTest::testToTree_noBoundaries_oe
commons-geometry_997,"@Test
    void testOf_varargs_empty_oe() {
        // act
        final BoundarySource2D src = BoundarySource2D.of();

        // assert
        final List<LineConvexSubset> segments = src.boundaryStream().collect(Collectors.toList());
        Assertions.assertEquals(0, segments.size());
    }",BoundarySource2DTest::testOf_varargs_empty_oe
commons-geometry_998,"@Test
    void testOf_varargs_oe() {
        // act
        final Segment a = Lines.segmentFromPoints(Vector2D.ZERO, Vector2D.Unit.PLUS_X, TEST_PRECISION);
        final Segment b = Lines.segmentFromPoints(Vector2D.Unit.PLUS_X, Vector2D.of(1, 1), TEST_PRECISION);

        final BoundarySource2D src = BoundarySource2D.of(a, b);

        // assert
        final List<LineConvexSubset> segments = src.boundaryStream().collect(Collectors.toList());
        Assertions.assertEquals(2, segments.size());

        Assertions.assertSame(a, segments.get(0));
        Assertions.assertSame(b, segments.get(1));
    }",BoundarySource2DTest::testOf_varargs_oe
commons-geometry_999,"@Test
    void testOf_list_empty_oe() {
        // arrange
        final List<LineConvexSubset> input = new ArrayList<>();

        // act
        final BoundarySource2D src = BoundarySource2D.of(input);

        // assert
        final List<LineConvexSubset> segments = src.boundaryStream().collect(Collectors.toList());
        Assertions.assertEquals(0, segments.size());
    }",BoundarySource2DTest::testOf_list_empty_oe
commons-geometry_1000,"@Test
    void testOf_list_oe() {
        // act
        final Segment a = Lines.segmentFromPoints(Vector2D.ZERO, Vector2D.Unit.PLUS_X, TEST_PRECISION);
        final Segment b = Lines.segmentFromPoints(Vector2D.Unit.PLUS_X, Vector2D.of(1, 1), TEST_PRECISION);

        final List<LineConvexSubset> input = new ArrayList<>();
        input.add(a);
        input.add(b);

        final BoundarySource2D src = BoundarySource2D.of(input);

        // assert
        final List<LineConvexSubset> segments = src.boundaryStream().collect(Collectors.toList());
        Assertions.assertEquals(2, segments.size());

        Assertions.assertSame(a, segments.get(0));
        Assertions.assertSame(b, segments.get(1));
    }",BoundarySource2DTest::testOf_list_oe
commons-geometry_1001,"@Test
    void testFrom_varargs_singlePoint_oe() {
        // arrange
        final Vector2D p1 = Vector2D.of(-1, 2);

        // act
        final Bounds2D b = Bounds2D.from(p1);

        // assert
        EuclideanTestUtils.assertCoordinatesEqual(p1, b.getMin(), TEST_EPS);
        EuclideanTestUtils.assertCoordinatesEqual(p1, b.getMax(), TEST_EPS);
        EuclideanTestUtils.assertCoordinatesEqual(Vector2D.ZERO, b.getDiagonal(), TEST_EPS);
        EuclideanTestUtils.assertCoordinatesEqual(p1, b.getCentroid(), TEST_EPS);
    }",Bounds2DTest::testFrom_varargs_singlePoint_oe
commons-geometry_1002,"@Test
    void testFrom_varargs_multiplePoints_oe() {
        // arrange
        final Vector2D p1 = Vector2D.of(1, 6);
        final Vector2D p2 = Vector2D.of(0, 5);
        final Vector2D p3 = Vector2D.of(3, 6);

        // act
        final Bounds2D b = Bounds2D.from(p1, p2, p3);

        // assert
        EuclideanTestUtils.assertCoordinatesEqual(Vector2D.of(0, 5), b.getMin(), TEST_EPS);
        EuclideanTestUtils.assertCoordinatesEqual(Vector2D.of(3, 6), b.getMax(), TEST_EPS);
        EuclideanTestUtils.assertCoordinatesEqual(Vector2D.of(3, 1), b.getDiagonal(), TEST_EPS);
        EuclideanTestUtils.assertCoordinatesEqual(Vector2D.of(1.5, 5.5), b.getCentroid(), TEST_EPS);
    }",Bounds2DTest::testFrom_varargs_multiplePoints_oe
commons-geometry_1003,"@Test
    void testFrom_iterable_singlePoint_oe() {
        // arrange
        final Vector2D p1 = Vector2D.of(-1, 2);

        // act
        final Bounds2D b = Bounds2D.from(Collections.singletonList(p1));

        // assert
        EuclideanTestUtils.assertCoordinatesEqual(p1, b.getMin(), TEST_EPS);
        EuclideanTestUtils.assertCoordinatesEqual(p1, b.getMax(), TEST_EPS);
        EuclideanTestUtils.assertCoordinatesEqual(Vector2D.ZERO, b.getDiagonal(), TEST_EPS);
        EuclideanTestUtils.assertCoordinatesEqual(p1, b.getCentroid(), TEST_EPS);
    }",Bounds2DTest::testFrom_iterable_singlePoint_oe
commons-geometry_1004,"@Test
    void testFrom_iterable_multiplePoints_oe() {
        // arrange
        final Vector2D p1 = Vector2D.of(1, 6);
        final Vector2D p2 = Vector2D.of(2, 5);
        final Vector2D p3 = Vector2D.of(3, 4);

        // act
        final Bounds2D b = Bounds2D.from(Arrays.asList(p1, p2, p3));

        // assert
        EuclideanTestUtils.assertCoordinatesEqual(Vector2D.of(1, 4), b.getMin(), TEST_EPS);
        EuclideanTestUtils.assertCoordinatesEqual(Vector2D.of(3, 6), b.getMax(), TEST_EPS);
        EuclideanTestUtils.assertCoordinatesEqual(Vector2D.of(2, 2), b.getDiagonal(), TEST_EPS);
        EuclideanTestUtils.assertCoordinatesEqual(Vector2D.of(2, 5), b.getCentroid(), TEST_EPS);
    }",Bounds2DTest::testFrom_iterable_multiplePoints_oe
commons-geometry_1005,"@Test
    void testFrom_iterable_noPoints_oe() {
        // act/assert
        GeometryTestUtils.assertThrowsWithMessage(() -> {
            Bounds2D.from(new ArrayList<>());
        }, IllegalStateException.class, NO_POINTS_MESSAGE);
    }",Bounds2DTest::testFrom_iterable_noPoints_oe
commons-geometry_1006,"@Test
    void testFrom_invalidBounds_oe() {
        // arrange
        final Vector2D good = Vector2D.of(1, 1);

        final Vector2D nan = Vector2D.of(Double.NaN, 1);
        final Vector2D posInf = Vector2D.of(1, Double.POSITIVE_INFINITY);
        final Vector2D negInf = Vector2D.of(1, Double.NEGATIVE_INFINITY);

        // act/assert
        GeometryTestUtils.assertThrowsWithMessage(() -> {
            Bounds2D.from(Vector2D.NaN);
        }, IllegalStateException.class, INVALID_BOUNDS_PATTERN);

        GeometryTestUtils.assertThrowsWithMessage(() -> {
            Bounds2D.from(Vector2D.POSITIVE_INFINITY);
        }, IllegalStateException.class, INVALID_BOUNDS_PATTERN);

        GeometryTestUtils.assertThrowsWithMessage(() -> {
            Bounds2D.from(Vector2D.NEGATIVE_INFINITY);
        }, IllegalStateException.class, INVALID_BOUNDS_PATTERN);

        GeometryTestUtils.assertThrowsWithMessage(() -> {
            Bounds2D.from(good, nan);
        }, IllegalStateException.class, INVALID_BOUNDS_PATTERN);

        GeometryTestUtils.assertThrowsWithMessage(() -> {
            Bounds2D.from(posInf, good);
        }, IllegalStateException.class, INVALID_BOUNDS_PATTERN);

        GeometryTestUtils.assertThrowsWithMessage(() -> {
            Bounds2D.from(good, negInf, good);
        }, IllegalStateException.class, INVALID_BOUNDS_PATTERN);
    }",Bounds2DTest::testFrom_invalidBounds_oe
commons-geometry_1007,"@Test
    void testHasSize_oe() {
        // arrange
        final Precision.DoubleEquivalence low = Precision.doubleEquivalenceOfEpsilon(1e-2);
        final Precision.DoubleEquivalence high = Precision.doubleEquivalenceOfEpsilon(1e-10);

        final Vector2D p1 = Vector2D.ZERO;

        final Vector2D p2 = Vector2D.of(1e-5, 1);
        final Vector2D p3 = Vector2D.of(1, 1e-5);

        final Vector2D p4 = Vector2D.of(1, 1);

        // act/assert
        Assertions.assertFalse(Bounds2D.from(p1).hasSize(high));
        Assertions.assertFalse(Bounds2D.from(p1).hasSize(low));

        Assertions.assertTrue(Bounds2D.from(p1, p2).hasSize(high));
        Assertions.assertFalse(Bounds2D.from(p1, p2).hasSize(low));

        Assertions.assertTrue(Bounds2D.from(p1, p3).hasSize(high));
        Assertions.assertFalse(Bounds2D.from(p1, p3).hasSize(low));

        Assertions.assertTrue(Bounds2D.from(p1, p4).hasSize(high));
        Assertions.assertTrue(Bounds2D.from(p1, p4).hasSize(low));
    }",Bounds2DTest::testHasSize_oe
commons-geometry_1008,"@Test
    void testContains_strict_oe() {
        // arrange
        final Bounds2D b = Bounds2D.from(
                Vector2D.of(0, 4),
                Vector2D.of(2, 6));

        // act/assert
        assertContainsStrict(b, true,
                b.getCentroid(),
                Vector2D.of(0, 4), Vector2D.of(2, 6),
                Vector2D.of(1, 5),
                Vector2D.of(0, 5), Vector2D.of(2, 5),
                Vector2D.of(1, 4), Vector2D.of(1, 6));

        assertContainsStrict(b, false,
                Vector2D.ZERO,
                Vector2D.of(-1, 5), Vector2D.of(3, 5),
                Vector2D.of(1, 3), Vector2D.of(1, 7),
                Vector2D.of(-1e-15, 4), Vector2D.of(2, 6 + 1e-15));
    }",Bounds2DTest::testContains_strict_oe
commons-geometry_1009,"@Test
    void testContains_precision_oe() {
        // arrange
        final Bounds2D b = Bounds2D.from(
                Vector2D.of(0, 4),
                Vector2D.of(2, 6));

        // act/assert
        assertContainsWithPrecision(b, true,
                b.getCentroid(),
                Vector2D.of(1, 5), Vector2D.of(0, 4), Vector2D.of(2, 6),
                Vector2D.of(0, 5), Vector2D.of(2, 5),
                Vector2D.of(1, 4), Vector2D.of(1, 6),
                Vector2D.of(-1e-15, 4), Vector2D.of(2, 6 + 1e-15));

        assertContainsWithPrecision(b, false,
                Vector2D.ZERO,
                Vector2D.of(-1, 5), Vector2D.of(3, 5),
                Vector2D.of(1, 3), Vector2D.of(1, 7));
    }",Bounds2DTest::testContains_precision_oe
commons-geometry_1010,"@Test
    void testIntersection_oe() {
        // -- arrange
        final Bounds2D b = Bounds2D.from(Vector2D.ZERO, Vector2D.of(1, 1));

        // -- act/assert

        // move along x-axis
        Assertions.assertNull(b.intersection(Bounds2D.from(Vector2D.of(-2, 0), Vector2D.of(-1, 1))));
        checkIntersection(b, Vector2D.of(-1, 0), Vector2D.of(0, 1),
                Vector2D.of(0, 0), Vector2D.of(0, 1));
        checkIntersection(b, Vector2D.of(-1, 0), Vector2D.of(0.5, 1),
                Vector2D.of(0, 0), Vector2D.of(0.5, 1));
        checkIntersection(b, Vector2D.of(-1, 0), Vector2D.of(1, 1),
                Vector2D.of(0, 0), Vector2D.of(1, 1));
        checkIntersection(b, Vector2D.of(-1, 0), Vector2D.of(2, 1),
                Vector2D.of(0, 0), Vector2D.of(1, 1));
        checkIntersection(b, Vector2D.of(0, 0), Vector2D.of(2, 1),
                Vector2D.of(0, 0), Vector2D.of(1, 1));
        checkIntersection(b, Vector2D.of(0.5, 0), Vector2D.of(2, 1),
                Vector2D.of(0.5, 0), Vector2D.of(1, 1));
        checkIntersection(b, Vector2D.of(1, 0), Vector2D.of(2, 1),
                Vector2D.of(1, 0), Vector2D.of(1, 1));
        Assertions.assertNull(b.intersection(Bounds2D.from(Vector2D.of(2, 0), Vector2D.of(3, 1))));

        // move along y-axis
        Assertions.assertNull(b.intersection(Bounds2D.from(Vector2D.of(0, -2), Vector2D.of(1, -1))));
        checkIntersection(b, Vector2D.of(0, -1), Vector2D.of(1, 0),
                Vector2D.of(0, 0), Vector2D.of(1, 0));
        checkIntersection(b, Vector2D.of(0, -1), Vector2D.of(1, 0.5),
                Vector2D.of(0, 0), Vector2D.of(1, 0.5));
        checkIntersection(b, Vector2D.of(0, -1), Vector2D.of(1, 1),
                Vector2D.of(0, 0), Vector2D.of(1, 1));
        checkIntersection(b, Vector2D.of(0, -1), Vector2D.of(1, 2),
                Vector2D.of(0, 0), Vector2D.of(1, 1));
        checkIntersection(b, Vector2D.of(0, 0), Vector2D.of(1, 2),
                Vector2D.of(0, 0), Vector2D.of(1, 1));
        checkIntersection(b, Vector2D.of(0, 0.5), Vector2D.of(1, 2),
                Vector2D.of(0, 0.5), Vector2D.of(1, 1));
        checkIntersection(b, Vector2D.of(0, 1), Vector2D.of(1, 2),
                Vector2D.of(0, 1), Vector2D.of(1, 1));
        Assertions.assertNull(b.intersection(Bounds2D.from(Vector2D.of(0, 2), Vector2D.of(1, 3))));
    }",Bounds2DTest::testIntersection_oe
commons-geometry_1011,"@Test
    void toRegion_oe() {
        // arrange
        final Bounds2D b = Bounds2D.from(
                Vector2D.of(0, 4),
                Vector2D.of(2, 6));

        // act
        final Parallelogram p = b.toRegion(TEST_PRECISION);

        // assert
        Assertions.assertEquals(4, p.getSize(), TEST_EPS);
        EuclideanTestUtils.assertCoordinatesEqual(Vector2D.of(1, 5), p.getCentroid(), TEST_EPS);
    }",Bounds2DTest::toRegion_oe
commons-geometry_1012,"@Test
    void toRegion_boundingBoxTooSmall_oe() {
        // act/assert
        Assertions.assertThrows(IllegalArgumentException.class, () -> Bounds2D.from(Vector2D.ZERO, Vector2D.of(1e-12, 1e-12)).toRegion(TEST_PRECISION));
    }",Bounds2DTest::toRegion_boundingBoxTooSmall_oe
commons-geometry_1013,"@Test
    void testEq_oe() {
        // arrange
        final Precision.DoubleEquivalence low = Precision.doubleEquivalenceOfEpsilon(1e-2);
        final Precision.DoubleEquivalence high = Precision.doubleEquivalenceOfEpsilon(1e-10);

        final Bounds2D b1 = Bounds2D.from(Vector2D.of(1, 1), Vector2D.of(2, 2));

        final Bounds2D b2 = Bounds2D.from(Vector2D.of(1.1, 1), Vector2D.of(2, 2));
        final Bounds2D b3 = Bounds2D.from(Vector2D.of(1, 1), Vector2D.of(1.9, 2));

        final Bounds2D b4 = Bounds2D.from(Vector2D.of(1.001, 1.001), Vector2D.of(2.001, 2.001));

        // act/assert
        Assertions.assertTrue(b1.eq(b1, low));

        Assertions.assertFalse(b1.eq(b2, low));
        Assertions.assertFalse(b1.eq(b3, low));

        Assertions.assertTrue(b1.eq(b4, low));
        Assertions.assertTrue(b4.eq(b1, low));

        Assertions.assertFalse(b1.eq(b4, high));
        Assertions.assertFalse(b4.eq(b1, high));
    }",Bounds2DTest::testEq_oe
commons-geometry_1014,"@Test
    void testHashCode_oe() {
        // arrange
        final Bounds2D b1 = Bounds2D.from(Vector2D.of(1, 1), Vector2D.of(2, 2));

        final Bounds2D b2 = Bounds2D.from(Vector2D.of(-2, 1), Vector2D.of(2, 2));
        final Bounds2D b3 = Bounds2D.from(Vector2D.of(1, 1), Vector2D.of(3, 2));
        final Bounds2D b4 = Bounds2D.from(Vector2D.of(1 + 1e-15, 1), Vector2D.of(2, 2));
        final Bounds2D b5 = Bounds2D.from(Vector2D.of(1, 1), Vector2D.of(2 + 1e-15, 2));

        final Bounds2D b6 = Bounds2D.from(Vector2D.of(1, 1), Vector2D.of(2, 2));

        // act
        final int hash = b1.hashCode();

        // assert
        Assertions.assertEquals(hash, b1.hashCode());

        Assertions.assertNotEquals(hash, b2.hashCode());
        Assertions.assertNotEquals(hash, b3.hashCode());
        Assertions.assertNotEquals(hash, b4.hashCode());
        Assertions.assertNotEquals(hash, b5.hashCode());

        Assertions.assertEquals(hash, b6.hashCode());
    }",Bounds2DTest::testHashCode_oe
commons-geometry_1015,"@Test
    void testEquals_oe() {
        // arrange
        final Bounds2D b1 = Bounds2D.from(Vector2D.of(1, 1), Vector2D.of(2, 2));

        final Bounds2D b2 = Bounds2D.from(Vector2D.of(-1, 1), Vector2D.of(2, 2));
        final Bounds2D b3 = Bounds2D.from(Vector2D.of(1, 1), Vector2D.of(3, 2));
        final Bounds2D b4 = Bounds2D.from(Vector2D.of(1 + 1e-15, 1), Vector2D.of(2, 2));
        final Bounds2D b5 = Bounds2D.from(Vector2D.of(1, 1), Vector2D.of(2 + 1e-15, 2));

        final Bounds2D b6 = Bounds2D.from(Vector2D.of(1, 1), Vector2D.of(2, 2));

        // act/assert
        GeometryTestUtils.assertSimpleEqualsCases(b1);

        Assertions.assertNotEquals(b1, b2);
        Assertions.assertNotEquals(b1, b3);
        Assertions.assertNotEquals(b1, b4);
        Assertions.assertNotEquals(b1, b5);

        Assertions.assertEquals(b1, b6);
    }",Bounds2DTest::testEquals_oe
commons-geometry_1016,"@Test
    void testToString_oe() {
        // arrange
        final Bounds2D b = Bounds2D.from(Vector2D.of(1, 1), Vector2D.of(2, 2));

        // act
        final String str = b.toString();

        // assert
        GeometryTestUtils.assertContains(""Bounds2D[min= (1"", str);
        GeometryTestUtils.assertContains("", max= (2"", str);
    }",Bounds2DTest::testToString_oe
commons-geometry_1017,"@Test
    void testBuilder_addMethods_oe() {
        // arrange
        final Vector2D p1 = Vector2D.of(1, 10);
        final Vector2D p2 = Vector2D.of(2, 9);
        final Vector2D p3 = Vector2D.of(3, 8);
        final Vector2D p4 = Vector2D.of(4, 7);
        final Vector2D p5 = Vector2D.of(5, 6);

        // act
        final Bounds2D b = Bounds2D.builder()
                .add(p1)
                .addAll(Arrays.asList(p2, p3))
                .add(Bounds2D.from(p4, p5))
                .build();

        // assert
        EuclideanTestUtils.assertCoordinatesEqual(Vector2D.of(1, 6), b.getMin(), TEST_EPS);
        EuclideanTestUtils.assertCoordinatesEqual(Vector2D.of(5, 10), b.getMax(), TEST_EPS);
        EuclideanTestUtils.assertCoordinatesEqual(Vector2D.of(3, 8), b.getCentroid(), TEST_EPS);
    }",Bounds2DTest::testBuilder_addMethods_oe
commons-geometry_1018,"@Test
    void testBuilder_hasBounds_oe() {
        // act/assert
        Assertions.assertFalse(Bounds2D.builder().hasBounds());

        Assertions.assertFalse(Bounds2D.builder().add(Vector2D.of(Double.NaN, 1)).hasBounds());
        Assertions.assertFalse(Bounds2D.builder().add(Vector2D.of(1, Double.NaN)).hasBounds());

        Assertions.assertFalse(Bounds2D.builder().add(Vector2D.of(Double.POSITIVE_INFINITY, 1)).hasBounds());
        Assertions.assertFalse(Bounds2D.builder().add(Vector2D.of(1, Double.POSITIVE_INFINITY)).hasBounds());

        Assertions.assertFalse(Bounds2D.builder().add(Vector2D.of(Double.NEGATIVE_INFINITY, 1)).hasBounds());
        Assertions.assertFalse(Bounds2D.builder().add(Vector2D.of(1, Double.NEGATIVE_INFINITY)).hasBounds());

        Assertions.assertTrue(Bounds2D.builder().add(Vector2D.ZERO).hasBounds());
    }",Bounds2DTest::testBuilder_hasBounds_oe
commons-geometry_1019,"@Test
    void testFromInterval_intervalArg_finite_oe() {
        // arrange
        final Precision.DoubleEquivalence intervalPrecision = Precision.doubleEquivalenceOfEpsilon(1e-2);
        final Interval interval = Interval.of(-1, 2, intervalPrecision);

        final Line line = Lines.fromPointAndDirection(Vector2D.ZERO, Vector2D.of(1, 1), TEST_PRECISION);

        // act
        final Segment segment = (Segment) Lines.subsetFromInterval(line, interval);

        // assert
        final double side = 1.0 / Math.sqrt(2);
        checkFinite(segment, Vector2D.of(-side, -side), Vector2D.of(2 * side, 2 * side));

        Assertions.assertSame(TEST_PRECISION, segment.getPrecision());
    }",LineConvexSubsetTest::testFromInterval_intervalArg_finite_oe
commons-geometry_1020,"@Test
    void testFromInterval_intervalArg_full_oe() {
        // arrange
        final Line line = Lines.fromPointAndDirection(Vector2D.ZERO, Vector2D.of(1, 1), TEST_PRECISION);

        // act
        final LineConvexSubset span = Lines.subsetFromInterval(line, Interval.full());

        // assert
        GeometryTestUtils.assertNegativeInfinity(span.getSubspaceStart());
        GeometryTestUtils.assertPositiveInfinity(span.getSubspaceEnd());

        Assertions.assertNull(span.getStartPoint());
        Assertions.assertNull(span.getEndPoint());

        Assertions.assertSame(Interval.full(), span.getInterval());
        Assertions.assertSame(TEST_PRECISION, span.getPrecision());
    }",LineConvexSubsetTest::testFromInterval_intervalArg_full_oe
commons-geometry_1021,"@Test
    void testFromInterval_intervalArg_positiveHalfSpace_oe() {
        // arrange
        final Precision.DoubleEquivalence intervalPrecision = Precision.doubleEquivalenceOfEpsilon(1e-2);
        final Interval interval = Interval.min(-1, intervalPrecision);

        final Line line = Lines.fromPointAndDirection(Vector2D.ZERO, Vector2D.of(1, 1), TEST_PRECISION);

        // act
        final Ray ray = (Ray) Lines.subsetFromInterval(line, interval);

        // assert
        Assertions.assertEquals(-1.0, ray.getSubspaceStart(), TEST_EPS);
        GeometryTestUtils.assertPositiveInfinity(ray.getSubspaceEnd());

        final double side = 1.0 / Math.sqrt(2);

        EuclideanTestUtils.assertCoordinatesEqual(Vector2D.of(-side, -side), ray.getStartPoint(), TEST_EPS);
        Assertions.assertNull(ray.getEndPoint());

        checkInterval(interval, ray.getInterval());
        Assertions.assertSame(TEST_PRECISION, ray.getPrecision());
    }",LineConvexSubsetTest::testFromInterval_intervalArg_positiveHalfSpace_oe
commons-geometry_1022,"@Test
    void testFromInterval_intervalArg_negativeHalfSpace_oe() {
        // arrange
        final Precision.DoubleEquivalence intervalPrecision = Precision.doubleEquivalenceOfEpsilon(1e-2);
        final Interval interval = Interval.max(2, intervalPrecision);

        final Line line = Lines.fromPointAndDirection(Vector2D.ZERO, Vector2D.of(1, 1), TEST_PRECISION);

        // act
        final ReverseRay halfLine = (ReverseRay) Lines.subsetFromInterval(line, interval);

        // assert
        GeometryTestUtils.assertNegativeInfinity(halfLine.getSubspaceStart());
        Assertions.assertEquals(2, halfLine.getSubspaceEnd(), TEST_EPS);

        final double side = 1.0 / Math.sqrt(2);

        Assertions.assertNull(halfLine.getStartPoint());
        EuclideanTestUtils.assertCoordinatesEqual(Vector2D.of(2 * side, 2 * side), halfLine.getEndPoint(), TEST_EPS);

        checkInterval(interval, halfLine.getInterval());
        Assertions.assertSame(TEST_PRECISION, halfLine.getPrecision());
    }",LineConvexSubsetTest::testFromInterval_intervalArg_negativeHalfSpace_oe
commons-geometry_1023,"@Test
    void testFromInterval_doubleArgs_finite_oe() {
        // arrange
        final Line line = Lines.fromPointAndDirection(Vector2D.ZERO, Vector2D.of(1, 1), TEST_PRECISION);

        // act
        final Segment segment = (Segment) Lines.subsetFromInterval(line, -1, 2);

        // assert
        final double side = 1.0 / Math.sqrt(2);
        checkFinite(segment, Vector2D.of(-side, -side), Vector2D.of(2 * side, 2 * side));

        Assertions.assertSame(TEST_PRECISION, segment.getPrecision());
    }",LineConvexSubsetTest::testFromInterval_doubleArgs_finite_oe
commons-geometry_1024,"@Test
    void testFromInterval_doubleArgs_full_oe() {
        // arrange
        final Line line = Lines.fromPointAndDirection(Vector2D.ZERO, Vector2D.of(1, 1), TEST_PRECISION);

        // act
        final LineConvexSubset span = Lines.subsetFromInterval(line, Double.NEGATIVE_INFINITY, Double.POSITIVE_INFINITY);

        // assert
        GeometryTestUtils.assertNegativeInfinity(span.getSubspaceStart());
        GeometryTestUtils.assertPositiveInfinity(span.getSubspaceEnd());

        Assertions.assertNull(span.getStartPoint());
        Assertions.assertNull(span.getEndPoint());

        Assertions.assertSame(TEST_PRECISION, span.getPrecision());
    }",LineConvexSubsetTest::testFromInterval_doubleArgs_full_oe
commons-geometry_1025,"@Test
    void testFromInterval_doubleArgs_positiveHalfSpace_oe() {
        // arrange
        final Line line = Lines.fromPointAndDirection(Vector2D.ZERO, Vector2D.of(1, 1), TEST_PRECISION);

        // act
        final Ray ray = (Ray) Lines.subsetFromInterval(line, -1, Double.POSITIVE_INFINITY);

        // assert
        Assertions.assertEquals(-1.0, ray.getSubspaceStart(), TEST_EPS);
        GeometryTestUtils.assertPositiveInfinity(ray.getSubspaceEnd());

        final double side = 1.0 / Math.sqrt(2);

        EuclideanTestUtils.assertCoordinatesEqual(Vector2D.of(-side, -side), ray.getStartPoint(), TEST_EPS);
        Assertions.assertNull(ray.getEndPoint());

        Assertions.assertSame(TEST_PRECISION, ray.getPrecision());
    }",LineConvexSubsetTest::testFromInterval_doubleArgs_positiveHalfSpace_oe
commons-geometry_1026,"@Test
    void testFromInterval_doubleArgs_negativeHalfSpace_oe() {
        // arrange
        final Line line = Lines.fromPointAndDirection(Vector2D.ZERO, Vector2D.of(1, 1), TEST_PRECISION);

        // act
        final ReverseRay halfLine = (ReverseRay) Lines.subsetFromInterval(line, 2, Double.NEGATIVE_INFINITY);

        // assert
        GeometryTestUtils.assertNegativeInfinity(halfLine.getSubspaceStart());
        Assertions.assertEquals(2, halfLine.getSubspaceEnd(), TEST_EPS);

        final double side = 1.0 / Math.sqrt(2);

        Assertions.assertNull(halfLine.getStartPoint());
        EuclideanTestUtils.assertCoordinatesEqual(Vector2D.of(2 * side, 2 * side), halfLine.getEndPoint(), TEST_EPS);

        Assertions.assertSame(TEST_PRECISION, halfLine.getPrecision());
    }",LineConvexSubsetTest::testFromInterval_doubleArgs_negativeHalfSpace_oe
commons-geometry_1027,"@Test
    void testFromInterval_doubleArgs_invalid_oe() {
        // arrange
        final Line line = Lines.fromPointAndAngle(Vector2D.ZERO, 0, TEST_PRECISION);

        // act/assert
        GeometryTestUtils.assertThrowsWithMessage(() -> {
            Lines.subsetFromInterval(line, 0, Double.NaN);
        }, IllegalArgumentException.class, ""Invalid line subset interval: 0.0, NaN"");

        GeometryTestUtils.assertThrowsWithMessage(() -> {
            Lines.subsetFromInterval(line, Double.NaN, 0.0);
        }, IllegalArgumentException.class, ""Invalid line subset interval: NaN, 0.0"");

        GeometryTestUtils.assertThrowsWithMessage(() -> {
            Lines.subsetFromInterval(line, Double.POSITIVE_INFINITY, Double.POSITIVE_INFINITY);
        }, IllegalArgumentException.class, ""Invalid line subset interval: Infinity, Infinity"");

        GeometryTestUtils.assertThrowsWithMessage(() -> {
            Lines.subsetFromInterval(line, Double.NEGATIVE_INFINITY, Double.NEGATIVE_INFINITY);
        }, IllegalArgumentException.class, ""Invalid line subset interval: -Infinity, -Infinity"");

        GeometryTestUtils.assertThrowsWithMessage(() -> {
            Lines.subsetFromInterval(line, Double.POSITIVE_INFINITY, Double.NaN);
        }, IllegalArgumentException.class, ""Invalid line subset interval: Infinity, NaN"");

        GeometryTestUtils.assertThrowsWithMessage(() -> {
            Lines.subsetFromInterval(line, Double.NaN, Double.NEGATIVE_INFINITY);
        }, IllegalArgumentException.class, ""Invalid line subset interval: NaN, -Infinity"");
    }",LineConvexSubsetTest::testFromInterval_doubleArgs_invalid_oe
commons-geometry_1028,"@Test
    void testToConvex_oe() {
        // arrange
        final Line line = Lines.fromPoints(Vector2D.of(-1, 0), Vector2D.of(4, 5), TEST_PRECISION);
        final LineConvexSubset sub = Lines.subsetFromInterval(line, 1, 2);

        // act
        final List<LineConvexSubset> segments = sub.toConvex();

        // assert
        Assertions.assertEquals(1, segments.size());
        Assertions.assertSame(sub, segments.get(0));
    }",LineConvexSubsetTest::testToConvex_oe
commons-geometry_1029,"@Test
    void testIntersection_line_oe() {
        // arrange
        final Segment aSeg = Lines.segmentFromPoints(Vector2D.of(1, 0), Vector2D.of(2, 0), TEST_PRECISION);
        final Segment bSeg = Lines.segmentFromPoints(Vector2D.of(-1, -1), Vector2D.of(1, 1), TEST_PRECISION);

        final Line xAxis = Lines.fromPointAndAngle(Vector2D.ZERO, 0.0, TEST_PRECISION);
        final Line yAxis = Lines.fromPointAndAngle(Vector2D.ZERO, Angle.PI_OVER_TWO, TEST_PRECISION);
        final Line angledLine = Lines.fromPoints(Vector2D.of(1, 1), Vector2D.of(2, 0), TEST_PRECISION);

        // act/assert
        Assertions.assertNull(aSeg.intersection(xAxis));
        Assertions.assertNull(aSeg.intersection(yAxis));

        EuclideanTestUtils.assertCoordinatesEqual(Vector2D.ZERO, bSeg.intersection(xAxis), TEST_EPS);
        EuclideanTestUtils.assertCoordinatesEqual(Vector2D.ZERO, bSeg.intersection(yAxis), TEST_EPS);

        EuclideanTestUtils.assertCoordinatesEqual(Vector2D.of(1, 1), bSeg.intersection(angledLine), TEST_EPS);
    }",LineConvexSubsetTest::testIntersection_line_oe
commons-geometry_1030,"@Test
    void testIntersection_lineSegment_oe() {
        // arrange
        final Segment a = Lines.segmentFromPoints(Vector2D.of(1, 0), Vector2D.of(2, 0), TEST_PRECISION);
        final Segment b = Lines.segmentFromPoints(Vector2D.of(-1, -1), Vector2D.of(1, 1), TEST_PRECISION);
        final Segment c = Lines.segmentFromPoints(Vector2D.of(-1, 0), Vector2D.ZERO, TEST_PRECISION);
        final Segment d = Lines.segmentFromPoints(Vector2D.of(0, 3), Vector2D.of(3, 0), TEST_PRECISION);

        // act/assert
        Assertions.assertNull(a.intersection(a));
        Assertions.assertNull(a.intersection(c));
        Assertions.assertNull(a.intersection(b));

        EuclideanTestUtils.assertCoordinatesEqual(Vector2D.ZERO, b.intersection(c), TEST_EPS);

        Assertions.assertNull(b.intersection(d));
        Assertions.assertNull(d.intersection(b));
    }",LineConvexSubsetTest::testIntersection_lineSegment_oe
commons-geometry_1031,"@Test
    void testSplit_finite_oe() {
        // arrange
        final Vector2D start = Vector2D.of(1, 1);
        final Vector2D end = Vector2D.of(3, 2);
        final Vector2D middle = start.lerp(end, 0.5);

        final Segment sub = Lines.segmentFromPoints(start, end, TEST_PRECISION);

        // act/assert
        final Split<LineConvexSubset> both = sub.split(Lines.fromPointAndDirection(middle, Vector2D.of(1, -2), TEST_PRECISION));
        checkFinite(both.getMinus(), middle, end);
        checkFinite(both.getPlus(), start, middle);

        final Split<LineConvexSubset> bothReversed = sub.split(Lines.fromPointAndDirection(middle, Vector2D.of(-1, 2), TEST_PRECISION));
        checkFinite(bothReversed.getMinus(), start, middle);
        checkFinite(bothReversed.getPlus(), middle, end);

        final Split<LineConvexSubset> minusOnlyOrthogonal = sub.split(Lines.fromPointAndDirection(start, Vector2D.of(1, -2), TEST_PRECISION));
        Assertions.assertSame(sub, minusOnlyOrthogonal.getMinus());
        Assertions.assertNull(minusOnlyOrthogonal.getPlus());

        final Split<LineConvexSubset> minusOnlyParallel = sub.split(Lines.fromPointAndDirection(Vector2D.ZERO, Vector2D.of(2, 1), TEST_PRECISION));
        Assertions.assertSame(sub, minusOnlyParallel.getMinus());
        Assertions.assertNull(minusOnlyParallel.getPlus());

        final Split<LineConvexSubset> plusOnlyOrthogonal = sub.split(Lines.fromPointAndDirection(end, Vector2D.of(1, -2), TEST_PRECISION));
        Assertions.assertNull(plusOnlyOrthogonal.getMinus());
        Assertions.assertSame(sub, plusOnlyOrthogonal.getPlus());

        final Split<LineConvexSubset> plusOnlyParallel = sub.split(Lines.fromPointAndDirection(Vector2D.ZERO, Vector2D.of(-2, -1), TEST_PRECISION));
        Assertions.assertNull(plusOnlyParallel.getMinus());
        Assertions.assertSame(sub, plusOnlyParallel.getPlus());

        final Split<LineConvexSubset> hyper = sub.split(Lines.fromPointAndDirection(start, Vector2D.of(2, 1), TEST_PRECISION));
        Assertions.assertNull(hyper.getMinus());
        Assertions.assertNull(hyper.getPlus());
    }",LineConvexSubsetTest::testSplit_finite_oe
commons-geometry_1032,"@Test
    void testSplit_full_oe() {
        // arrange
        final Vector2D p1 = Vector2D.of(1, 1);
        final Vector2D p2 = Vector2D.of(3, 2);
        final Vector2D middle = p1.lerp(p2, 0.5);

        final Line line = Lines.fromPoints(p1, p2, TEST_PRECISION);

        final LineConvexSubset seg = Lines.subsetFromInterval(line, Interval.full());

        // act/assert
        final Split<LineConvexSubset> both = seg.split(Lines.fromPointAndDirection(middle, Vector2D.of(1, -2), TEST_PRECISION));
        checkInfinite(both.getMinus(), line,  middle, null);
        checkInfinite(both.getPlus(), line, null, middle);

        final Split<LineConvexSubset> bothReversed = seg.split(Lines.fromPointAndDirection(middle, Vector2D.of(-1, 2), TEST_PRECISION));
        checkInfinite(bothReversed.getMinus(), line,  null, middle);
        checkInfinite(bothReversed.getPlus(), line, middle, null);

        final Split<LineConvexSubset> minusOnlyParallel = seg.split(Lines.fromPointAndDirection(Vector2D.ZERO, Vector2D.of(2, 1), TEST_PRECISION));
        Assertions.assertSame(seg, minusOnlyParallel.getMinus());
        Assertions.assertNull(minusOnlyParallel.getPlus());

        final Split<LineConvexSubset> plusOnlyParallel = seg.split(Lines.fromPointAndDirection(Vector2D.ZERO, Vector2D.of(-2, -1), TEST_PRECISION));
        Assertions.assertNull(plusOnlyParallel.getMinus());
        Assertions.assertSame(seg, plusOnlyParallel.getPlus());

        final Split<LineConvexSubset> hyper = seg.split(Lines.fromPointAndDirection(p1, Vector2D.of(2, 1), TEST_PRECISION));
        Assertions.assertNull(hyper.getMinus());
        Assertions.assertNull(hyper.getPlus());
    }",LineConvexSubsetTest::testSplit_full_oe
commons-geometry_1033,"@Test
    void testSplit_positiveHalfSpace_oe() {
        // arrange
        final Vector2D p1 = Vector2D.of(1, 1);
        final Vector2D p2 = Vector2D.of(3, 2);
        final Vector2D middle = p1.lerp(p2, 0.5);

        final Line line = Lines.fromPoints(p1, p2, TEST_PRECISION);

        final LineConvexSubset sub = Lines.subsetFromInterval(line, Interval.min(line.toSubspace(p1).getX(), TEST_PRECISION));

        // act/assert
        final Split<LineConvexSubset> both = sub.split(Lines.fromPointAndDirection(middle, Vector2D.of(1, -2), TEST_PRECISION));
        checkInfinite(both.getMinus(), line,  middle, null);
        checkFinite(both.getPlus(), p1, middle);

        final Split<LineConvexSubset> bothReversed = sub.split(Lines.fromPointAndDirection(middle, Vector2D.of(-1, 2), TEST_PRECISION));
        checkFinite(bothReversed.getMinus(), p1, middle);
        checkInfinite(bothReversed.getPlus(), line, middle, null);

        final Split<LineConvexSubset> minusOnlyParallel = sub.split(Lines.fromPointAndDirection(Vector2D.ZERO, Vector2D.of(2, 1), TEST_PRECISION));
        Assertions.assertSame(sub, minusOnlyParallel.getMinus());
        Assertions.assertNull(minusOnlyParallel.getPlus());

        final Split<LineConvexSubset> minusOnlyOrthogonal = sub.split(Lines.fromPointAndDirection(p1, Vector2D.of(1, -2), TEST_PRECISION));
        Assertions.assertSame(sub, minusOnlyOrthogonal.getMinus());
        Assertions.assertNull(minusOnlyOrthogonal.getPlus());

        final Split<LineConvexSubset> plusOnlyParallel = sub.split(Lines.fromPointAndDirection(Vector2D.ZERO, Vector2D.of(-2, -1), TEST_PRECISION));
        Assertions.assertNull(plusOnlyParallel.getMinus());
        Assertions.assertSame(sub, plusOnlyParallel.getPlus());

        final Split<LineConvexSubset> hyper = sub.split(Lines.fromPointAndDirection(p1, Vector2D.of(2, 1), TEST_PRECISION));
        Assertions.assertNull(hyper.getMinus());
        Assertions.assertNull(hyper.getPlus());
    }",LineConvexSubsetTest::testSplit_positiveHalfSpace_oe
commons-geometry_1034,"@Test
    void testSplit_negativeHalfSpace_oe() {
        // arrange
        final Vector2D p1 = Vector2D.of(1, 1);
        final Vector2D p2 = Vector2D.of(3, 2);
        final Vector2D middle = p1.lerp(p2, 0.5);

        final Line line = Lines.fromPoints(p1, p2, TEST_PRECISION);

        final LineConvexSubset seg = Lines.subsetFromInterval(line, Interval.max(line.toSubspace(p2).getX(), TEST_PRECISION));

        // act/assert
        final Split<LineConvexSubset> both = seg.split(Lines.fromPointAndDirection(middle, Vector2D.of(1, -2), TEST_PRECISION));
        checkFinite(both.getMinus(), middle, p2);
        checkInfinite(both.getPlus(), line, null, middle);

        final Split<LineConvexSubset> bothReversed = seg.split(Lines.fromPointAndDirection(middle, Vector2D.of(-1, 2), TEST_PRECISION));
        checkInfinite(bothReversed.getMinus(), line, null, middle);
        checkFinite(bothReversed.getPlus(), middle, p2);

        final Split<LineConvexSubset> minusOnlyParallel = seg.split(Lines.fromPointAndDirection(Vector2D.ZERO, Vector2D.of(2, 1), TEST_PRECISION));
        Assertions.assertSame(seg, minusOnlyParallel.getMinus());
        Assertions.assertNull(minusOnlyParallel.getPlus());

        final Split<LineConvexSubset> plusOnlyParallel = seg.split(Lines.fromPointAndDirection(Vector2D.ZERO, Vector2D.of(-2, -1), TEST_PRECISION));
        Assertions.assertNull(plusOnlyParallel.getMinus());
        Assertions.assertSame(seg, plusOnlyParallel.getPlus());

        final Split<LineConvexSubset> plusOnlyOrthogonal = seg.split(Lines.fromPointAndDirection(p2, Vector2D.of(1, -2), TEST_PRECISION));
        Assertions.assertNull(plusOnlyOrthogonal.getMinus());
        Assertions.assertSame(seg, plusOnlyOrthogonal.getPlus());

        final Split<LineConvexSubset> hyper = seg.split(Lines.fromPointAndDirection(p1, Vector2D.of(2, 1), TEST_PRECISION));
        Assertions.assertNull(hyper.getMinus());
        Assertions.assertNull(hyper.getPlus());
    }",LineConvexSubsetTest::testSplit_negativeHalfSpace_oe
commons-geometry_1035,"@Test
    void testGetBounds_noBoundaries_oe() {
        // arrange
        final BoundarySource2D src = BoundarySource2D.of(new ArrayList<>());
        final BoundarySourceBoundsBuilder2D builder = new BoundarySourceBoundsBuilder2D();

        // act
        final Bounds2D b = builder.getBounds(src);

        // assert
        Assertions.assertNull(b);
    }",BoundarySourceBoundsBuilder2DTest::testGetBounds_noBoundaries_oe
commons-geometry_1036,"@Test
    void testGetBounds_singleFiniteBoundary_oe() {
        // arrange
        final Segment seg = Lines.segmentFromPoints(Vector2D.of(1, -2), Vector2D.of(-3, 4), TEST_PRECISION);

        final BoundarySource2D src = BoundarySource2D.of(seg);
        final BoundarySourceBoundsBuilder2D builder = new BoundarySourceBoundsBuilder2D();

        // act
        final Bounds2D b = builder.getBounds(src);

        // assert
        checkBounds(b, Vector2D.of(-3, -2), Vector2D.of(1, 4));
        Assertions.assertTrue(b.contains(seg.getStartPoint()));
        Assertions.assertTrue(b.contains(seg.getEndPoint()));
    }",BoundarySourceBoundsBuilder2DTest::testGetBounds_singleFiniteBoundary_oe
commons-geometry_1037,"@Test
    void testGetBounds_multipleFiniteBoundaries_oe() {
        // arrange
        final Segment seg1 = Lines.segmentFromPoints(Vector2D.of(1, -2), Vector2D.of(-3, 4), TEST_PRECISION);
        final Segment seg2 = Lines.segmentFromPoints(Vector2D.of(0, 1), Vector2D.of(7, 0), TEST_PRECISION);
        final Segment seg3 = Lines.segmentFromPoints(Vector2D.of(4, 6), Vector2D.of(-3, 9), TEST_PRECISION);

        final BoundarySource2D src = BoundarySource2D.of(seg1, seg2, seg3);
        final BoundarySourceBoundsBuilder2D builder = new BoundarySourceBoundsBuilder2D();

        // act
        final Bounds2D b = builder.getBounds(src);

        // assert
        checkBounds(b, Vector2D.of(-3, -2), Vector2D.of(7, 9));

        src.boundaryStream().forEach(boundary -> {
            Assertions.assertTrue(b.contains(boundary.getStartPoint()));
            Assertions.assertTrue(b.contains(boundary.getEndPoint()));
        });
    }",BoundarySourceBoundsBuilder2DTest::testGetBounds_multipleFiniteBoundaries_oe
commons-geometry_1038,"@Test
    void testGetBounds_singleInfiniteBoundary_oe() {
        // arrange
        final LineConvexSubset boundary = Lines.fromPointAndDirection(Vector2D.ZERO, Vector2D.Unit.PLUS_X, TEST_PRECISION)
                .span();
        final BoundarySource2D src = BoundarySource2D.of(boundary);
        final BoundarySourceBoundsBuilder2D builder = new BoundarySourceBoundsBuilder2D();

        // act
        final Bounds2D b = builder.getBounds(src);

        // assert
        Assertions.assertNull(b);
    }",BoundarySourceBoundsBuilder2DTest::testGetBounds_singleInfiniteBoundary_oe
commons-geometry_1039,"@Test
    void testGetBounds_mixedFiniteAndInfiniteBoundaries_oe() {
        // arrange
        final LineConvexSubset inf = Lines.fromPointAndDirection(Vector2D.ZERO, Vector2D.Unit.PLUS_X, TEST_PRECISION)
                .span()
                .split(Lines.fromPointAndDirection(Vector2D.ZERO, Vector2D.Unit.PLUS_Y, TEST_PRECISION))
                .getMinus();

        final Segment seg1 = Lines.segmentFromPoints(Vector2D.of(1, -2), Vector2D.of(-3, 4), TEST_PRECISION);
        final Segment seg2 = Lines.segmentFromPoints(Vector2D.of(0, 1), Vector2D.of(7, 0), TEST_PRECISION);
        final Segment seg3 = Lines.segmentFromPoints(Vector2D.of(4, 6), Vector2D.of(-3, 9), TEST_PRECISION);

        final BoundarySource2D src = BoundarySource2D.of(seg1, seg2, inf, seg3);
        final BoundarySourceBoundsBuilder2D builder = new BoundarySourceBoundsBuilder2D();

        // act
        final Bounds2D b = builder.getBounds(src);

        // assert
        Assertions.assertNull(b);
    }",BoundarySourceBoundsBuilder2DTest::testGetBounds_mixedFiniteAndInfiniteBoundaries_oe
commons-geometry_1040,"@Test
    void testProperties_oe() {
        // arrange
        final Vector2D pt = Vector2D.of(1, 1);
        final Vector2D normal = Vector2D.Unit.PLUS_X;

        final LinecastPoint2D it = new LinecastPoint2D(pt, normal, X_AXIS);

        // act
        Assertions.assertSame(pt, it.getPoint());
        Assertions.assertSame(normal, it.getNormal());
        Assertions.assertSame(X_AXIS, it.getLine());
        Assertions.assertEquals(1.0, it.getAbscissa(), TEST_EPS);
    }",LinecastPoint2DTest::testProperties_oe
commons-geometry_1041,"@Test
    void testAbscissaOrder_oe() {
        // arrange
        final LinecastPoint2D a = new LinecastPoint2D(Vector2D.of(1, 1), Vector2D.Unit.PLUS_X, X_AXIS);

        final LinecastPoint2D b = new LinecastPoint2D(Vector2D.of(2, 2), Vector2D.Unit.PLUS_X, X_AXIS);
        final LinecastPoint2D c = new LinecastPoint2D(Vector2D.of(-3, 3), Vector2D.Unit.PLUS_Y, X_AXIS);
        final LinecastPoint2D d = new LinecastPoint2D(Vector2D.of(1, 4), Vector2D.Unit.PLUS_Y, X_AXIS);
        final LinecastPoint2D e = new LinecastPoint2D(Vector2D.of(1, 4), Vector2D.Unit.PLUS_X, X_AXIS);

        // act/assert
        Assertions.assertEquals(-1, LinecastPoint2D.ABSCISSA_ORDER.compare(a, b));
        Assertions.assertEquals(1, LinecastPoint2D.ABSCISSA_ORDER.compare(a, c));
        Assertions.assertEquals(1, LinecastPoint2D.ABSCISSA_ORDER.compare(a, d));
        Assertions.assertEquals(0, LinecastPoint2D.ABSCISSA_ORDER.compare(a, e));
    }",LinecastPoint2DTest::testAbscissaOrder_oe
commons-geometry_1042,"@Test
    void testHashCode_oe() {
        // arrange
        final LinecastPoint2D a = new LinecastPoint2D(Vector2D.of(1, 1), Vector2D.Unit.PLUS_X, X_AXIS);
        final LinecastPoint2D b = new LinecastPoint2D(Vector2D.of(2, 2), Vector2D.Unit.PLUS_X, X_AXIS);
        final LinecastPoint2D c = new LinecastPoint2D(Vector2D.of(1, 1), Vector2D.Unit.PLUS_Y, X_AXIS);
        final LinecastPoint2D d = new LinecastPoint2D(Vector2D.of(1, 1), Vector2D.Unit.PLUS_X, Y_AXIS);
        final LinecastPoint2D e = new LinecastPoint2D(Vector2D.of(1, 1), Vector2D.Unit.PLUS_X, X_AXIS);

        // act
        final int hash = a.hashCode();

        // assert
        Assertions.assertEquals(hash, a.hashCode());

        Assertions.assertNotEquals(hash, b.hashCode());
        Assertions.assertNotEquals(hash, c.hashCode());
        Assertions.assertNotEquals(hash, d.hashCode());

        Assertions.assertEquals(hash, e.hashCode());
    }",LinecastPoint2DTest::testHashCode_oe
commons-geometry_1043,"@Test
    void testEquals_oe() {
        // arrange
        final LinecastPoint2D a = new LinecastPoint2D(Vector2D.of(1, 1), Vector2D.Unit.PLUS_X, X_AXIS);
        final LinecastPoint2D b = new LinecastPoint2D(Vector2D.of(2, 2), Vector2D.Unit.PLUS_X, X_AXIS);
        final LinecastPoint2D c = new LinecastPoint2D(Vector2D.of(1, 1), Vector2D.Unit.PLUS_Y, X_AXIS);
        final LinecastPoint2D d = new LinecastPoint2D(Vector2D.of(1, 1), Vector2D.Unit.PLUS_X, Y_AXIS);
        final LinecastPoint2D e = new LinecastPoint2D(Vector2D.of(1, 1), Vector2D.Unit.PLUS_X, X_AXIS);

        // act/assert
        GeometryTestUtils.assertSimpleEqualsCases(a);

        Assertions.assertNotEquals(a, b);
        Assertions.assertNotEquals(a, c);
        Assertions.assertNotEquals(a, d);

        Assertions.assertEquals(a, e);
        Assertions.assertEquals(e, a);
    }",LinecastPoint2DTest::testEquals_oe
commons-geometry_1044,"@Test
    void testEq_oe() {
        // arrange
        final Precision.DoubleEquivalence precision = Precision.doubleEquivalenceOfEpsilon(1e-2);

        final Line line = Lines.fromPointAndDirection(Vector2D.ZERO, Vector2D.Unit.PLUS_X, precision);
        final Line otherLine = Lines.fromPointAndDirection(Vector2D.of(1e-4, 1e-4), Vector2D.Unit.PLUS_X, precision);

        final LinecastPoint2D a = new LinecastPoint2D(Vector2D.of(1, 1), Vector2D.Unit.PLUS_X, line);

        final LinecastPoint2D b = new LinecastPoint2D(Vector2D.of(2, 2), Vector2D.Unit.PLUS_X, line);
        final LinecastPoint2D c = new LinecastPoint2D(Vector2D.of(1, 1), Vector2D.Unit.PLUS_Y, line);

        final LinecastPoint2D d = new LinecastPoint2D(Vector2D.of(1, 1), Vector2D.Unit.PLUS_X, line);
        final LinecastPoint2D e = new LinecastPoint2D(
                Vector2D.of(1 + 1e-3, 1 + 1e-3), Vector2D.Unit.from(1 + 1e-3, 1e-3), otherLine);

        // act/assert
        Assertions.assertTrue(a.eq(a, precision));

        Assertions.assertFalse(a.eq(b, precision));
        Assertions.assertFalse(a.eq(c, precision));

        Assertions.assertTrue(a.eq(d, precision));
        Assertions.assertTrue(a.eq(e, precision));
    }",LinecastPoint2DTest::testEq_oe
commons-geometry_1045,"@Test
    void testToString_oe() {
        // arrange
        final LinecastPoint2D it = new LinecastPoint2D(Vector2D.of(1, 1), Vector2D.Unit.PLUS_X, X_AXIS);

        // act
        final String str = it.toString();

        // assert
        GeometryTestUtils.assertContains(""LinecastPoint2D[point= (1.0, 1.0), normal= (1.0, 0.0)"", str);
    }",LinecastPoint2DTest::testToString_oe
commons-geometry_1046,"@Test
    void testSortAndFilter_empty_oe() {
        // arrange
        final List<LinecastPoint2D> pts = new ArrayList<>();

        // act
        LinecastPoint2D.sortAndFilter(pts);

        // assert
        Assertions.assertEquals(0, pts.size());
    }",LinecastPoint2DTest::testSortAndFilter_empty_oe
commons-geometry_1047,"@Test
    void testSortAndFilter_oe() {
        // arrange
        final Precision.DoubleEquivalence precision = Precision.doubleEquivalenceOfEpsilon(1e-2);

        final Line line = Lines.fromPointAndDirection(Vector2D.ZERO, Vector2D.Unit.PLUS_X, precision);
        final Line eqLine = Lines.fromPointAndDirection(Vector2D.of(1e-3, 1e-3), Vector2D.Unit.PLUS_X, precision);
        final Line diffLine = Lines.fromPointAndDirection(Vector2D.ZERO, Vector2D.Unit.PLUS_Y, precision);

        final LinecastPoint2D a = new LinecastPoint2D(Vector2D.ZERO, Vector2D.Unit.MINUS_Y, line);
        final LinecastPoint2D aDup1 = new LinecastPoint2D(Vector2D.of(1e-3, 0), Vector2D.Unit.MINUS_Y, line);
        final LinecastPoint2D aDup2 = new LinecastPoint2D(Vector2D.of(1e-3, 1e-3), Vector2D.of(1e-3, -1), eqLine);

        final LinecastPoint2D b = new LinecastPoint2D(Vector2D.ZERO, Vector2D.Unit.MINUS_X, diffLine);
        final LinecastPoint2D bDup = new LinecastPoint2D(Vector2D.of(-1e-3, 1e-4), Vector2D.Unit.MINUS_X, diffLine);

        final LinecastPoint2D c = new LinecastPoint2D(Vector2D.of(0.5, 0), Vector2D.Unit.MINUS_Y, line);

        final LinecastPoint2D d = new LinecastPoint2D(Vector2D.of(1, 0), Vector2D.Unit.MINUS_Y, line);

        final List<LinecastPoint2D> list = new ArrayList<>(Arrays.asList(d, aDup1, bDup, b, c, a, aDup2));

        // act
        LinecastPoint2D.sortAndFilter(list);

        // assert
        Assertions.assertEquals(4, list.size());

        Assertions.assertSame(b, list.get(0));
        Assertions.assertSame(a, list.get(1));
        Assertions.assertSame(c, list.get(2));
        Assertions.assertSame(d, list.get(3));
    }",LinecastPoint2DTest::testSortAndFilter_oe
commons-geometry_1048,"@Test
    void testProperties_oe() {
        // arrange
        final Line line = Lines.fromPoints(Vector2D.ZERO, Vector2D.Unit.PLUS_X, TEST_PRECISION);

        // act
        final LineSpanningSubset result = new LineSpanningSubset(line);

        // assert
        Assertions.assertSame(line, result.getHyperplane());
        Assertions.assertSame(line, result.getLine());

        Assertions.assertTrue(result.isFull());
        Assertions.assertFalse(result.isEmpty());
        Assertions.assertTrue(result.isInfinite());
        Assertions.assertFalse(result.isFinite());

        GeometryTestUtils.assertPositiveInfinity(result.getSize());
        Assertions.assertNull(result.getCentroid());
        Assertions.assertNull(result.getBounds());

        Assertions.assertNull(result.getStartPoint());
        GeometryTestUtils.assertNegativeInfinity(result.getSubspaceStart());
        Assertions.assertNull(result.getEndPoint());
        GeometryTestUtils.assertPositiveInfinity(result.getSubspaceEnd());
    }",LineSpanningSubsetTest::testProperties_oe
commons-geometry_1049,"@Test
    void testTransform_oe() {
        // arrange
        final AffineTransformMatrix2D t = AffineTransformMatrix2D.createRotation(-0.5 * Math.PI)
                .translate(Vector2D.Unit.PLUS_X)
                .scale(1, -1);

        final LineConvexSubset span =
                Lines.fromPointAndDirection(Vector2D.of(1, 0), Vector2D.Unit.PLUS_X, TEST_PRECISION).span();

        // act
        final LineConvexSubset result = span.transform(t);

        // assert
        EuclideanTestUtils.assertCoordinatesEqual(Vector2D.Unit.PLUS_Y, result.getLine().getDirection(), TEST_EPS);
    }",LineSpanningSubsetTest::testTransform_oe
commons-geometry_1050,"@Test
    void testReverse_oe() {
        // arrange
        final LineConvexSubset span =
                Lines.fromPointAndDirection(Vector2D.of(1, 2), Vector2D.Unit.PLUS_X, TEST_PRECISION).span();

        // act
        final LineConvexSubset rev = span.reverse();

        // assert
        EuclideanTestUtils.assertCoordinatesEqual(Vector2D.of(0, 2), rev.getLine().getOrigin(), TEST_EPS);
        EuclideanTestUtils.assertCoordinatesEqual(Vector2D.Unit.MINUS_X, rev.getLine().getDirection(), TEST_EPS);
    }",LineSpanningSubsetTest::testReverse_oe
commons-geometry_1051,"@Test
    void testClosest_oe() {
        // arrange
        final Vector2D p1 = Vector2D.of(0, -1);
        final Vector2D p2 = Vector2D.of(0, 1);
        final LineConvexSubset span =
                Lines.fromPointAndDirection(p1, p1.directionTo(p2), TEST_PRECISION).span();

        // act/assert
        EuclideanTestUtils.assertCoordinatesEqual(p1, span.closest(p1), TEST_EPS);
        EuclideanTestUtils.assertCoordinatesEqual(Vector2D.of(0, -2), span.closest(Vector2D.of(0, -2)), TEST_EPS);
        EuclideanTestUtils.assertCoordinatesEqual(Vector2D.of(0, -2), span.closest(Vector2D.of(2, -2)), TEST_EPS);
        EuclideanTestUtils.assertCoordinatesEqual(Vector2D.of(0, -1), span.closest(Vector2D.of(-1, -1)), TEST_EPS);

        EuclideanTestUtils.assertCoordinatesEqual(p2, span.closest(p2), TEST_EPS);
        EuclideanTestUtils.assertCoordinatesEqual(Vector2D.of(0, 2), span.closest(Vector2D.of(0, 2)), TEST_EPS);
        EuclideanTestUtils.assertCoordinatesEqual(Vector2D.of(0, 2), span.closest(Vector2D.of(-2, 2)), TEST_EPS);
        EuclideanTestUtils.assertCoordinatesEqual(Vector2D.of(0, 1), span.closest(Vector2D.of(-1, 1)), TEST_EPS);

        EuclideanTestUtils.assertCoordinatesEqual(Vector2D.ZERO, span.closest(Vector2D.ZERO), TEST_EPS);
        EuclideanTestUtils.assertCoordinatesEqual(Vector2D.of(0, 0.5), span.closest(Vector2D.of(1, 0.5)), TEST_EPS);
        EuclideanTestUtils.assertCoordinatesEqual(Vector2D.of(0, -0.5), span.closest(Vector2D.of(-2, -0.5)), TEST_EPS);
    }",LineSpanningSubsetTest::testClosest_oe
commons-geometry_1052,"@Test
    void testClassify_oe() {
        // arrange
        final LineConvexSubset span =
                Lines.fromPointAndDirection(Vector2D.of(1, 1), Vector2D.Unit.PLUS_X, TEST_PRECISION).span();

        // act/assert
        for (double x = -10; x <= 10; x += 1) {
            EuclideanTestUtils.assertRegionLocation(span, RegionLocation.INSIDE, Vector2D.of(x, 1 + 1e-11));

            EuclideanTestUtils.assertRegionLocation(span, RegionLocation.OUTSIDE,
                    Vector2D.of(x, 0), Vector2D.of(x, 2));
        }
    }",LineSpanningSubsetTest::testClassify_oe
commons-geometry_1053,"@Test
    void testSplit_oe() {
        // --- arrange
        final Vector2D pt = Vector2D.of(1, 1);

        final LineConvexSubset span = Lines.fromPointAndDirection(pt, Vector2D.Unit.PLUS_X, TEST_PRECISION).span();

        // --- act
        Split<LineConvexSubset> split;

        // parallel
        split = span.split(Lines.fromPointAndAngle(Vector2D.of(2, 2), 0, TEST_PRECISION));
        Assertions.assertNull(split.getMinus());
        Assertions.assertSame(span, split.getPlus());

        split = span.split(Lines.fromPointAndAngle(Vector2D.of(2, 2), Math.PI, TEST_PRECISION));
        Assertions.assertSame(span, split.getMinus());
        Assertions.assertNull(split.getPlus());

        // coincident
        split = span.split(Lines.fromPointAndDirection(pt, Vector2D.Unit.PLUS_X, TEST_PRECISION));
        Assertions.assertNull(split.getMinus());
        Assertions.assertNull(split.getPlus());

        // through point on line
        checkSplit(span.split(Lines.fromPointAndAngle(pt, 1, TEST_PRECISION)),
                null, pt,
                pt, null);
        checkSplit(span.split(Lines.fromPointAndAngle(pt, -1, TEST_PRECISION)),
                pt, null,
                null, pt);
    }",LineSpanningSubsetTest::testSplit_oe
commons-geometry_1054,"@Test
    void testGetInterval_oe() {
        // arrange
        final LineConvexSubset span =
                Lines.fromPointAndDirection(Vector2D.of(2, -1), Vector2D.Unit.PLUS_X, TEST_PRECISION).span();

        // act
        final Interval interval = span.getInterval();

        // assert
        GeometryTestUtils.assertNegativeInfinity(interval.getMin());
        GeometryTestUtils.assertPositiveInfinity(interval.getMax());
    }",LineSpanningSubsetTest::testGetInterval_oe
commons-geometry_1055,"@Test
    void testToString_oe() {
        // arrange
        final LineConvexSubset span =
                Lines.fromPointAndDirection(Vector2D.ZERO, Vector2D.Unit.PLUS_X, TEST_PRECISION).span();

        // act
        final String str = span.toString();

        // assert
        GeometryTestUtils.assertContains(""LineSpanningSubset[origin= (0"", str);
        GeometryTestUtils.assertContains("", direction= (1"", str);
    }",LineSpanningSubsetTest::testToString_oe
commons-geometry_1056,"@Test
    void testCtor_oe() {
        // arrange
        final List<LineConvexSubset> boundaries = Collections.singletonList(
                Lines.segmentFromPoints(Vector2D.ZERO, Vector2D.of(1, 1), TEST_PRECISION)
        );

        // act
        final BoundaryList2D list = new BoundaryList2D(boundaries);

        // assert
        Assertions.assertNotSame(boundaries, list.getBoundaries());
        Assertions.assertEquals(boundaries, list.getBoundaries());
        Assertions.assertEquals(1, list.count());
    }",BoundaryList2DTest::testCtor_oe
commons-geometry_1057,"@Test
    void testToList_oe() {
        // arrange
        final BoundaryList2D list = new BoundaryList2D(Collections.emptyList());

        // act/assert
        Assertions.assertSame(list, list.toList());
    }",BoundaryList2DTest::testToList_oe
commons-geometry_1058,"@Test
    void testToString_oe() {
        // arrange
        final BoundaryList2D list = new BoundaryList2D(Collections.emptyList());

        // act
        Assertions.assertEquals(""BoundaryList2D[count= 0]"", list.toString());
    }",BoundaryList2DTest::testToString_oe
commons-geometry_1059,"@Test
    void testOf_oe() {
        // arrange
        final double[] arr = {
            1, 2, 3,
            4, 5, 6
        };

        // act
        final AffineTransformMatrix2D transform = AffineTransformMatrix2D.of(arr);

        // assert
        final double[] result = transform.toArray();
        Assertions.assertNotSame(arr, result);
        Assertions.assertArrayEquals(arr, result, 0.0);
    }",AffineTransformMatrix2DTest::testOf_oe
commons-geometry_1060,"@Test
    void testOf_invalidDimensions_oe() {
        // act/assert
        GeometryTestUtils.assertThrowsWithMessage(() -> AffineTransformMatrix2D.of(1, 2),
                IllegalArgumentException.class, ""Dimension mismatch: 2 != 6"");
    }",AffineTransformMatrix2DTest::testOf_invalidDimensions_oe
commons-geometry_1061,"@Test
    void testFromColumnVectors_twoVector_oe() {
        // arrange
        final Vector2D u = Vector2D.of(1, 2);
        final Vector2D v = Vector2D.of(3, 4);

        // act
        final AffineTransformMatrix2D transform = AffineTransformMatrix2D.fromColumnVectors(u, v);

        // assert
        Assertions.assertArrayEquals(new double[] {
            1, 3, 0,
            2, 4, 0
        }, transform.toArray(), 0.0);
    }",AffineTransformMatrix2DTest::testFromColumnVectors_twoVector_oe
commons-geometry_1062,"@Test
    void testFromColumnVectors_threeVectors_oe() {
        // arrange
        final Vector2D u = Vector2D.of(1, 2);
        final Vector2D v = Vector2D.of(3, 4);
        final Vector2D t = Vector2D.of(5, 6);

        // act
        final AffineTransformMatrix2D transform = AffineTransformMatrix2D.fromColumnVectors(u, v, t);

        // assert
        Assertions.assertArrayEquals(new double[] {
            1, 3, 5,
            2, 4, 6
        }, transform.toArray(), 0.0);
    }",AffineTransformMatrix2DTest::testFromColumnVectors_threeVectors_oe
commons-geometry_1063,"@Test
    void testIdentity_oe() {
        // act
        final AffineTransformMatrix2D transform = AffineTransformMatrix2D.identity();

        // assert
        final double[] expected = {
            1, 0, 0,
            0, 1, 0
        };
        Assertions.assertArrayEquals(expected, transform.toArray(), 0.0);
    }",AffineTransformMatrix2DTest::testIdentity_oe
commons-geometry_1064,"@Test
    void testFrom_oe() {
        // act/assert
        Assertions.assertArrayEquals(new double[] {
            1, 0, 0,
            0, 1, 0
        }, AffineTransformMatrix2D.from(UnaryOperator.identity()).toArray(), EPS);
        Assertions.assertArrayEquals(new double[] {
            1, 0, 2,
            0, 1, 3
        }, AffineTransformMatrix2D.from(v -> v.add(Vector2D.of(2, 3))).toArray(), EPS);
        Assertions.assertArrayEquals(new double[] {
            3, 0, 0,
            0, 3, 0
        }, AffineTransformMatrix2D.from(v -> v.multiply(3)).toArray(), EPS);
        Assertions.assertArrayEquals(new double[] {
            3, 0, 6,
            0, 3, 9
        }, AffineTransformMatrix2D.from(v -> v.add(Vector2D.of(2, 3)).multiply(3)).toArray(), EPS);
    }",AffineTransformMatrix2DTest::testFrom_oe
commons-geometry_1065,"@Test
    void testFrom_invalidFunction_oe() {
        // act/assert
        Assertions.assertThrows(IllegalArgumentException.class, () -> AffineTransformMatrix2D.from(v -> v.multiply(0)));
    }",AffineTransformMatrix2DTest::testFrom_invalidFunction_oe
commons-geometry_1066,"@Test
    void testCreateTranslation_xy_oe() {
        // act
        final AffineTransformMatrix2D transform = AffineTransformMatrix2D.createTranslation(2, 3);

        // assert
        final double[] expected = {
            1, 0, 2,
            0, 1, 3
        };
        Assertions.assertArrayEquals(expected, transform.toArray(), 0.0);
    }",AffineTransformMatrix2DTest::testCreateTranslation_xy_oe
commons-geometry_1067,"@Test
    void testCreateTranslation_vector_oe() {
        // act
        final AffineTransformMatrix2D transform = AffineTransformMatrix2D.createTranslation(Vector2D.of(5, 6));

        // assert
        final double[] expected = {
            1, 0, 5,
            0, 1, 6
        };
        Assertions.assertArrayEquals(expected, transform.toArray(), 0.0);
    }",AffineTransformMatrix2DTest::testCreateTranslation_vector_oe
commons-geometry_1068,"@Test
    void testCreateScale_xy_oe() {
        // act
        final AffineTransformMatrix2D transform = AffineTransformMatrix2D.createScale(2, 3);

        // assert
        final double[] expected = {
            2, 0, 0,
            0, 3, 0
        };
        Assertions.assertArrayEquals(expected, transform.toArray(), 0.0);
    }",AffineTransformMatrix2DTest::testCreateScale_xy_oe
commons-geometry_1069,"@Test
    void testTranslate_xy_oe() {
        // arrange
        final AffineTransformMatrix2D a = AffineTransformMatrix2D.of(
                    2, 0, 10,
                    0, 3, 11
                );

        // act
        final AffineTransformMatrix2D result = a.translate(4, 5);

        // assert
        final double[] expected = {
            2, 0, 14,
            0, 3, 16
        };
        Assertions.assertArrayEquals(expected, result.toArray(), 0.0);
    }",AffineTransformMatrix2DTest::testTranslate_xy_oe
commons-geometry_1070,"@Test
    void testTranslate_vector_oe() {
        // arrange
        final AffineTransformMatrix2D a = AffineTransformMatrix2D.of(
                    2, 0, 10,
                    0, 3, 11
                );

        // act
        final AffineTransformMatrix2D result = a.translate(Vector2D.of(7, 8));

        // assert
        final double[] expected = {
            2, 0, 17,
            0, 3, 19
        };
        Assertions.assertArrayEquals(expected, result.toArray(), 0.0);
    }",AffineTransformMatrix2DTest::testTranslate_vector_oe
commons-geometry_1071,"@Test
    void testCreateScale_vector_oe() {
        // act
        final AffineTransformMatrix2D transform = AffineTransformMatrix2D.createScale(Vector2D.of(4, 5));

        // assert
        final double[] expected = {
            4, 0, 0,
            0, 5, 0
        };
        Assertions.assertArrayEquals(expected, transform.toArray(), 0.0);
    }",AffineTransformMatrix2DTest::testCreateScale_vector_oe
commons-geometry_1072,"@Test
    void testCreateScale_singleValue_oe() {
        // act
        final AffineTransformMatrix2D transform = AffineTransformMatrix2D.createScale(7);

        // assert
        final double[] expected = {
            7, 0, 0,
            0, 7, 0
        };
        Assertions.assertArrayEquals(expected, transform.toArray(), 0.0);
    }",AffineTransformMatrix2DTest::testCreateScale_singleValue_oe
commons-geometry_1073,"@Test
    void testScale_xy_oe() {
        // arrange
        final AffineTransformMatrix2D a = AffineTransformMatrix2D.of(
                    2, 0, 10,
                    0, 3, 11
                );

        // act
        final AffineTransformMatrix2D result = a.scale(4, 5);

        // assert
        final double[] expected = {
            8, 0, 40,
            0, 15, 55
        };
        Assertions.assertArrayEquals(expected, result.toArray(), 0.0);
    }",AffineTransformMatrix2DTest::testScale_xy_oe
commons-geometry_1074,"@Test
    void testScale_vector_oe() {
        // arrange
        final AffineTransformMatrix2D a = AffineTransformMatrix2D.of(
                    2, 0, 10,
                    0, 3, 11
                );

        // act
        final AffineTransformMatrix2D result = a.scale(Vector2D.of(7, 8));

        // assert
        final double[] expected = {
            14, 0, 70,
            0, 24, 88
        };
        Assertions.assertArrayEquals(expected, result.toArray(), 0.0);
    }",AffineTransformMatrix2DTest::testScale_vector_oe
commons-geometry_1075,"@Test
    void testScale_singleValue_oe() {
        // arrange
        final AffineTransformMatrix2D a = AffineTransformMatrix2D.of(
                    2, 0, 10,
                    0, 3, 11
                );

        // act
        final AffineTransformMatrix2D result = a.scale(10);

        // assert
        final double[] expected = {
            20, 0, 100,
            0, 30, 110
        };
        Assertions.assertArrayEquals(expected, result.toArray(), 0.0);
    }",AffineTransformMatrix2DTest::testScale_singleValue_oe
commons-geometry_1076,"@Test
    void testCreateRotation_oe() {
        // act
        final double angle = Math.PI * 2.0 / 3.0;
        final AffineTransformMatrix2D transform = AffineTransformMatrix2D.createRotation(angle);

        // assert
        final double sin = Math.sin(angle);
        final double cos = Math.cos(angle);

        final double[] expected = {
            cos, -sin, 0,
            sin, cos, 0
        };
        Assertions.assertArrayEquals(expected, transform.toArray(), EPS);
    }",AffineTransformMatrix2DTest::testCreateRotation_oe
commons-geometry_1077,"@Test
    void testCreateRotation_aroundCenter_rawAngle_oe() {
        // act
        final Vector2D center = Vector2D.of(1, 2);
        final double angle = Math.PI * 2.0 / 3.0;
        final AffineTransformMatrix2D transform = AffineTransformMatrix2D.createRotation(center, angle);

        // assert
        final double sin = Math.sin(angle);
        final double cos = Math.cos(angle);

        final double[] expected = {
            cos, -sin, -cos + (2 * sin) + 1,
            sin, cos, -sin - (2 * cos) + 2
        };
        Assertions.assertArrayEquals(expected, transform.toArray(), EPS);
    }",AffineTransformMatrix2DTest::testCreateRotation_aroundCenter_rawAngle_oe
commons-geometry_1078,"@Test
    void testCreateRotation_aroundCenter_rotationInstance_oe() {
        // act
        final Vector2D center = Vector2D.of(1, 2);
        final double angle = Math.PI * 4.0 / 3.0;
        final Rotation2D rotation = Rotation2D.of(angle);
        final AffineTransformMatrix2D transform = AffineTransformMatrix2D.createRotation(center, rotation);

        // assert
        final double sin = Math.sin(angle);
        final double cos = Math.cos(angle);

        final double[] expected = {
            cos, -sin, -cos + (2 * sin) + 1,
            sin, cos, -sin - (2 * cos) + 2
        };
        Assertions.assertArrayEquals(expected, transform.toArray(), EPS);
    }",AffineTransformMatrix2DTest::testCreateRotation_aroundCenter_rotationInstance_oe
commons-geometry_1079,"@Test
    void testRotate_rawAngle_oe() {
        // arrange
        final AffineTransformMatrix2D a = AffineTransformMatrix2D.of(
                    1, 2, 3,
                    4, 5, 6
                );

        // act
        final AffineTransformMatrix2D result = a.rotate(Angle.PI_OVER_TWO);

        // assert
        final double[] expected = {
            -4, -5, -6,
            1, 2, 3
        };
        Assertions.assertArrayEquals(expected, result.toArray(), EPS);
    }",AffineTransformMatrix2DTest::testRotate_rawAngle_oe
commons-geometry_1080,"@Test
    void testRotate_rotationInstance_oe() {
        // arrange
        final AffineTransformMatrix2D a = AffineTransformMatrix2D.of(
                    1, 2, 3,
                    4, 5, 6
                );

        // act
        final AffineTransformMatrix2D result = a.rotate(Rotation2D.of(Angle.PI_OVER_TWO));

        // assert
        final double[] expected = {
            -4, -5, -6,
            1, 2, 3
        };
        Assertions.assertArrayEquals(expected, result.toArray(), EPS);
    }",AffineTransformMatrix2DTest::testRotate_rotationInstance_oe
commons-geometry_1081,"@Test
    void testRotate_aroundCenter_rawAngle_oe() {
        // arrange
        final Vector2D center = Vector2D.of(1, 2);

        final AffineTransformMatrix2D a = AffineTransformMatrix2D.of(
                    1, 2, 3,
                    4, 5, 6
                );

        // act
        final AffineTransformMatrix2D result = a.rotate(center, Angle.PI_OVER_TWO);

        // assert
        final double[] expected = {
            -4, -5, -3,
            1, 2, 4
        };
        Assertions.assertArrayEquals(expected, result.toArray(), EPS);
    }",AffineTransformMatrix2DTest::testRotate_aroundCenter_rawAngle_oe
commons-geometry_1082,"@Test
    void testRotate_aroundCenter_rotationInstance_oe() {
        // arrange
        final Vector2D center = Vector2D.of(1, 2);

        final AffineTransformMatrix2D a = AffineTransformMatrix2D.of(
                    1, 2, 3,
                    4, 5, 6
                );

        // act
        final AffineTransformMatrix2D result = a.rotate(center, Rotation2D.of(Angle.PI_OVER_TWO));

        // assert
        final double[] expected = {
            -4, -5, -3,
            1, 2, 4
        };
        Assertions.assertArrayEquals(expected, result.toArray(), EPS);
    }",AffineTransformMatrix2DTest::testRotate_aroundCenter_rotationInstance_oe
commons-geometry_1083,"@Test
    void testCreateShear_oe() {
        // act
        final AffineTransformMatrix2D transform = AffineTransformMatrix2D.createShear(2, 3);

        // assert
        final double[] expected = {
            1, 2, 0,
            3, 1, 0
        };
        Assertions.assertArrayEquals(expected, transform.toArray(), 0.0);
    }",AffineTransformMatrix2DTest::testCreateShear_oe
commons-geometry_1084,"@Test
    void testShear_oe() {
        // arrange
        final AffineTransformMatrix2D a = AffineTransformMatrix2D.of(
                1, 2, 3,
                4, 5, 6
            );

        // act
        final AffineTransformMatrix2D result = a.shear(-2, 3);

        // assert
        final double[] expected = {
            -7, -8, -9,
            7, 11, 15
        };
        Assertions.assertArrayEquals(expected, result.toArray(), EPS);
    }",AffineTransformMatrix2DTest::testShear_oe
commons-geometry_1085,"@Test
    void testShear_noShear_oe() {
        // arrange
        final AffineTransformMatrix2D a = AffineTransformMatrix2D.of(
                1, 2, 3,
                4, 5, 6
            );

        // act
        final AffineTransformMatrix2D result = a.shear(0, 0);

        // assert
        final double[] expected = {
            1, 2, 3,
            4, 5, 6
        };
        Assertions.assertArrayEquals(expected, result.toArray(), EPS);
    }",AffineTransformMatrix2DTest::testShear_noShear_oe
commons-geometry_1086,"@Test
    void testApply_identity_oe() {
        // arrange
        final AffineTransformMatrix2D transform = AffineTransformMatrix2D.identity();

        // act/assert
        runWithCoordinates((x, y) -> {
            final Vector2D v = Vector2D.of(x, y);

            EuclideanTestUtils.assertCoordinatesEqual(v, transform.apply(v), EPS);
        });
    }",AffineTransformMatrix2DTest::testApply_identity_oe
commons-geometry_1087,"@Test
    void testApply_translate_oe() {
        // arrange
        final Vector2D translation = Vector2D.of(1.1, -Math.PI);

        final AffineTransformMatrix2D transform = AffineTransformMatrix2D.identity()
                .translate(translation);

        // act/assert
        runWithCoordinates((x, y) -> {
            final Vector2D vec = Vector2D.of(x, y);

            final Vector2D expectedVec = vec.add(translation);

            EuclideanTestUtils.assertCoordinatesEqual(expectedVec, transform.apply(vec), EPS);
        });
    }",AffineTransformMatrix2DTest::testApply_translate_oe
commons-geometry_1088,"@Test
    void testApply_scale_oe() {
        // arrange
        final Vector2D factors = Vector2D.of(2.0, -3.0);

        final AffineTransformMatrix2D transform = AffineTransformMatrix2D.identity()
                .scale(factors);

        // act/assert
        runWithCoordinates((x, y) -> {
            final Vector2D vec = Vector2D.of(x, y);

            final Vector2D expectedVec = Vector2D.of(factors.getX() * x, factors.getY() * y);

            EuclideanTestUtils.assertCoordinatesEqual(expectedVec, transform.apply(vec), EPS);
        });
    }",AffineTransformMatrix2DTest::testApply_scale_oe
commons-geometry_1089,"@Test
    void testApply_rotate_oe() {
        // arrange
        final AffineTransformMatrix2D transform = AffineTransformMatrix2D.identity()
                .rotate(-Angle.PI_OVER_TWO);

        // act/assert
        runWithCoordinates((x, y) -> {
            final Vector2D vec = Vector2D.of(x, y);

            final Vector2D expectedVec = Vector2D.of(y, -x);

            EuclideanTestUtils.assertCoordinatesEqual(expectedVec, transform.apply(vec), EPS);
        });
    }",AffineTransformMatrix2DTest::testApply_rotate_oe
commons-geometry_1090,"@Test
    void testApply_rotate_aroundCenter_minusHalfPi_oe() {
        // arrange
        final Vector2D center = Vector2D.of(1, 2);
        final AffineTransformMatrix2D transform = AffineTransformMatrix2D.identity()
                .rotate(center, -Angle.PI_OVER_TWO);

        // act/assert
        runWithCoordinates((x, y) -> {
            final Vector2D vec = Vector2D.of(x, y);

            final Vector2D centered = vec.subtract(center);
            final Vector2D expectedVec = Vector2D.of(centered.getY(), -centered.getX()).add(center);

            EuclideanTestUtils.assertCoordinatesEqual(expectedVec, transform.apply(vec), EPS);
        });
    }",AffineTransformMatrix2DTest::testApply_rotate_aroundCenter_minusHalfPi_oe
commons-geometry_1091,"@Test
    void testApply_rotate_aroundCenter_pi_oe() {
        // arrange
        final Vector2D center = Vector2D.of(1, 2);
        final AffineTransformMatrix2D transform = AffineTransformMatrix2D.identity()
                .rotate(center, Math.PI);

        // act/assert
        runWithCoordinates((x, y) -> {
            final Vector2D vec = Vector2D.of(x, y);

            final Vector2D centered = vec.subtract(center);
            final Vector2D expectedVec = Vector2D.of(-centered.getX(), -centered.getY()).add(center);

            EuclideanTestUtils.assertCoordinatesEqual(expectedVec, transform.apply(vec), EPS);
        });
    }",AffineTransformMatrix2DTest::testApply_rotate_aroundCenter_pi_oe
commons-geometry_1092,"@Test
    void testApply_shearAlongX_oe() {
        // arrange
        final double shearFactor = -2;
        final AffineTransformMatrix2D transform = AffineTransformMatrix2D.identity()
                .shear(shearFactor, 0);

        // act/assert
        runWithCoordinates((x, y) -> {
            final Vector2D vec = Vector2D.of(x, y);

            final Vector2D expectedVec = Vector2D.of(x + (shearFactor * y), y);

            EuclideanTestUtils.assertCoordinatesEqual(expectedVec, transform.apply(vec), EPS);
        });
    }",AffineTransformMatrix2DTest::testApply_shearAlongX_oe
commons-geometry_1093,"@Test
    void testApply_shearAlongY_oe() {
        // arrange
        final double shearFactor = 2;
        final AffineTransformMatrix2D transform = AffineTransformMatrix2D.identity()
                .shear(0, shearFactor);

        // act/assert
        runWithCoordinates((x, y) -> {
            final Vector2D vec = Vector2D.of(x, y);

            final Vector2D expectedVec = Vector2D.of(x, y + (shearFactor * x));

            EuclideanTestUtils.assertCoordinatesEqual(expectedVec, transform.apply(vec), EPS);
        });
    }",AffineTransformMatrix2DTest::testApply_shearAlongY_oe
commons-geometry_1094,"@Test
    void testApply_shearAlongXAndY_oe() {
        // arrange
        final double shearX = 2;
        final double shearY = -3;
        final AffineTransformMatrix2D transform = AffineTransformMatrix2D.identity()
                .shear(shearX, shearY);

        // act/assert
        runWithCoordinates((x, y) -> {
            final Vector2D vec = Vector2D.of(x, y);

            final Vector2D expectedVec = Vector2D.of(x + (shearX * y), y + (shearY * x));

            EuclideanTestUtils.assertCoordinatesEqual(expectedVec, transform.apply(vec), EPS);
        });
    }",AffineTransformMatrix2DTest::testApply_shearAlongXAndY_oe
commons-geometry_1095,"@Test
    void testApply_translateShear_oe() {
        // arrange
        final Vector2D translation = Vector2D.of(7, 8);
        final double shearX = -4;
        final double shearY = 5;
        final AffineTransformMatrix2D transform = AffineTransformMatrix2D.identity()
                .translate(translation)
                .shear(shearX, shearY);

        // act/assert
        runWithCoordinates((x, y) -> {
            final Vector2D vec = Vector2D.of(x, y);

            final double tx = x + translation.getX();
            final double ty = y + translation.getY();

            final Vector2D expectedVec = Vector2D.of(tx + (shearX * ty), ty + (shearY * tx));

            EuclideanTestUtils.assertCoordinatesEqual(expectedVec, transform.apply(vec), EPS);
        });
    }",AffineTransformMatrix2DTest::testApply_translateShear_oe
commons-geometry_1096,"@Test
    void testApply_translateScaleRotate_oe() {
        // arrange
        final Vector2D translation = Vector2D.of(-2.0, -3.0);
        final Vector2D scale = Vector2D.of(5.0, 6.0);

        final AffineTransformMatrix2D transform = AffineTransformMatrix2D.identity()
                .translate(translation)
                .scale(scale)
                .rotate(Angle.PI_OVER_TWO);

        // act/assert
        EuclideanTestUtils.assertCoordinatesEqual(Vector2D.of(12, -5), transform.apply(Vector2D.of(1, 1)), EPS);

        runWithCoordinates((x, y) -> {
            final Vector2D vec = Vector2D.of(x, y);

            final Vector2D temp = Vector2D.of(
                        (x + translation.getX()) * scale.getX(),
                        (y + translation.getY()) * scale.getY()
                    );
            final Vector2D expectedVec = Vector2D.of(-temp.getY(), temp.getX());

            EuclideanTestUtils.assertCoordinatesEqual(expectedVec, transform.apply(vec), EPS);
        });
    }",AffineTransformMatrix2DTest::testApply_translateScaleRotate_oe
commons-geometry_1097,"@Test
    void testApply_scaleTranslateRotate_oe() {
        // arrange
        final Vector2D scale = Vector2D.of(5.0, 6.0);
        final Vector2D translation = Vector2D.of(-2.0, -3.0);

        final AffineTransformMatrix2D transform = AffineTransformMatrix2D.identity()
                .scale(scale)
                .translate(translation)
                .rotate(-Angle.PI_OVER_TWO);

        // act/assert
        runWithCoordinates((x, y) -> {
            final Vector2D vec = Vector2D.of(x, y);

            final Vector2D temp = Vector2D.of(
                        (x * scale.getX()) + translation.getX(),
                        (y * scale.getY()) + translation.getY()
                    );
            final Vector2D expectedVec = Vector2D.of(temp.getY(), -temp.getX());

            EuclideanTestUtils.assertCoordinatesEqual(expectedVec, transform.apply(vec), EPS);
        });
    }",AffineTransformMatrix2DTest::testApply_scaleTranslateRotate_oe
commons-geometry_1098,"@Test
    void testApplyXY_oe() {
        // arrange
        final Vector2D scale = Vector2D.of(5.0, 6.0);
        final Vector2D translation = Vector2D.of(-2.0, -3.0);
        final Vector2D shear = Vector2D.of(7, 8);

        final AffineTransformMatrix2D transform = AffineTransformMatrix2D.identity()
                .scale(scale)
                .translate(translation)
                .rotate(-Angle.PI_OVER_TWO)
                .shear(shear.getX(), shear.getY());

        // act/assert
        runWithCoordinates((x, y) -> {
            final Vector2D scaledAndTranslated = Vector2D.of(
                        (x * scale.getX()) + translation.getX(),
                        (y * scale.getY()) + translation.getY()
                    );
            final Vector2D rotated = Vector2D.of(scaledAndTranslated.getY(), -scaledAndTranslated.getX());
            final Vector2D expected = Vector2D.of(
                        rotated.getX() + (rotated.getY() * shear.getX()),
                        rotated.getY() + (rotated.getX() * shear.getY())
                    );

            Assertions.assertEquals(expected.getX(), transform.applyX(x, y), EPS);
            Assertions.assertEquals(expected.getY(), transform.applyY(x, y), EPS);
        });
    }",AffineTransformMatrix2DTest::testApplyXY_oe
commons-geometry_1099,"@Test
    void testApplyVector_identity_oe() {
        // arrange
        final AffineTransformMatrix2D transform = AffineTransformMatrix2D.identity();

        // act/assert
        runWithCoordinates((x, y) -> {
            final Vector2D v = Vector2D.of(x, y);

            EuclideanTestUtils.assertCoordinatesEqual(v, transform.applyVector(v), EPS);
        });
    }",AffineTransformMatrix2DTest::testApplyVector_identity_oe
commons-geometry_1100,"@Test
    void testApplyVector_translate_oe() {
        // arrange
        final Vector2D translation = Vector2D.of(1.1, -Math.PI);

        final AffineTransformMatrix2D transform = AffineTransformMatrix2D.identity()
                .translate(translation);

        // act/assert
        runWithCoordinates((x, y) -> {
            final Vector2D vec = Vector2D.of(x, y);

            EuclideanTestUtils.assertCoordinatesEqual(vec, transform.applyVector(vec), EPS);
        });
    }",AffineTransformMatrix2DTest::testApplyVector_translate_oe
commons-geometry_1101,"@Test
    void testApplyVector_scale_oe() {
        // arrange
        final Vector2D factors = Vector2D.of(2.0, -3.0);

        final AffineTransformMatrix2D transform = AffineTransformMatrix2D.identity()
                .scale(factors);

        // act/assert
        runWithCoordinates((x, y) -> {
            final Vector2D vec = Vector2D.of(x, y);

            final Vector2D expectedVec = Vector2D.of(factors.getX() * x, factors.getY() * y);

            EuclideanTestUtils.assertCoordinatesEqual(expectedVec, transform.applyVector(vec), EPS);
        });
    }",AffineTransformMatrix2DTest::testApplyVector_scale_oe
commons-geometry_1102,"@Test
    void testApplyVector_representsDisplacement_oe() {
        // arrange
        final Vector2D p1 = Vector2D.of(2, 3);

        final AffineTransformMatrix2D transform = AffineTransformMatrix2D.identity()
                .scale(1.5)
                .translate(4, 6)
                .rotate(Angle.PI_OVER_TWO);

        // act/assert
        runWithCoordinates((x, y) -> {
            final Vector2D p2 = Vector2D.of(x, y);
            final Vector2D input = p1.subtract(p2);

            final Vector2D expected = transform.apply(p1).subtract(transform.apply(p2));

            EuclideanTestUtils.assertCoordinatesEqual(expected, transform.applyVector(input), EPS);
        });
    }",AffineTransformMatrix2DTest::testApplyVector_representsDisplacement_oe
commons-geometry_1103,"@Test
    void testApplyVectorXY_oe() {
        // arrange
        final Vector2D p1 = Vector2D.of(2, 3);

        final AffineTransformMatrix2D transform = AffineTransformMatrix2D.identity()
                .scale(1.5)
                .translate(4, 6)
                .rotate(0.3 * Math.PI);

        // act/assert
        runWithCoordinates((x, y) -> {
            final Vector2D p2 = p1.add(Vector2D.of(x, y));

            final Vector2D expected = transform.apply(p1).vectorTo(transform.apply(p2));

            Assertions.assertEquals(expected.getX(), transform.applyVectorX(x, y), EPS);
            Assertions.assertEquals(expected.getY(), transform.applyVectorY(x, y), EPS);
        });
    }",AffineTransformMatrix2DTest::testApplyVectorXY_oe
commons-geometry_1104,"@Test
    void testApplyDirection_identity_oe() {
        // arrange
        final AffineTransformMatrix2D transform = AffineTransformMatrix2D.identity();

        // act/assert
        EuclideanTestUtils.permuteSkipZero(-5, 5, 0.5, (x, y) -> {
            final Vector2D v = Vector2D.of(x, y);

            EuclideanTestUtils.assertCoordinatesEqual(v.normalize(), transform.applyDirection(v), EPS);
        });
    }",AffineTransformMatrix2DTest::testApplyDirection_identity_oe
commons-geometry_1105,"@Test
    void testApplyDirection_translate_oe() {
        // arrange
        final Vector2D translation = Vector2D.of(1.1, -Math.PI);

        final AffineTransformMatrix2D transform = AffineTransformMatrix2D.identity()
                .translate(translation);

        // act/assert
        EuclideanTestUtils.permuteSkipZero(-5, 5, 0.5, (x, y) -> {
            final Vector2D vec = Vector2D.of(x, y);

            EuclideanTestUtils.assertCoordinatesEqual(vec.normalize(), transform.applyDirection(vec), EPS);
        });
    }",AffineTransformMatrix2DTest::testApplyDirection_translate_oe
commons-geometry_1106,"@Test
    void testApplyDirection_scale_oe() {
        // arrange
        final Vector2D factors = Vector2D.of(2.0, -3.0);

        final AffineTransformMatrix2D transform = AffineTransformMatrix2D.identity()
                .scale(factors);

        // act/assert
        EuclideanTestUtils.permuteSkipZero(-5, 5, 0.5, (x, y) -> {
            final Vector2D vec = Vector2D.of(x, y);

            final Vector2D expectedVec = Vector2D.of(factors.getX() * x, factors.getY() * y).normalize();

            EuclideanTestUtils.assertCoordinatesEqual(expectedVec, transform.applyDirection(vec), EPS);
        });
    }",AffineTransformMatrix2DTest::testApplyDirection_scale_oe
commons-geometry_1107,"@Test
    void testApplyDirection_representsNormalizedDisplacement_oe() {
        // arrange
        final Vector2D p1 = Vector2D.of(2.1, 3.2);

        final AffineTransformMatrix2D transform = AffineTransformMatrix2D.identity()
                .scale(1.5)
                .translate(4, 6)
                .rotate(Angle.PI_OVER_TWO);

        // act/assert
        EuclideanTestUtils.permute(-5, 5, 0.5, (x, y) -> {
            final Vector2D p2 = Vector2D.of(x, y);
            final Vector2D input = p1.subtract(p2);

            final Vector2D expected = transform.apply(p1).subtract(transform.apply(p2)).normalize();

            EuclideanTestUtils.assertCoordinatesEqual(expected, transform.applyDirection(input), EPS);
        });
    }",AffineTransformMatrix2DTest::testApplyDirection_representsNormalizedDisplacement_oe
commons-geometry_1108,"@Test
    void testApplyDirection_illegalNorm_oe() {
        // act/assert
        Assertions.assertThrows(IllegalArgumentException.class, () -> AffineTransformMatrix2D.createScale(1, 0).applyDirection(Vector2D.Unit.PLUS_Y));
        Assertions.assertThrows(IllegalArgumentException.class, () -> AffineTransformMatrix2D.createScale(2).applyDirection(Vector2D.ZERO));
    }",AffineTransformMatrix2DTest::testApplyDirection_illegalNorm_oe
commons-geometry_1109,"@Test
    void testDeterminant_oe() {
        // act/assert
        Assertions.assertEquals(1.0, AffineTransformMatrix2D.identity().determinant(), EPS);
        Assertions.assertEquals(6.0,AffineTransformMatrix2D.of(2,0,4,0,3,5).determinant(),EPS);
        Assertions.assertEquals(-6.0,AffineTransformMatrix2D.of(2,0,4,0,-3,5).determinant(),EPS);
        Assertions.assertEquals(-5.0,AffineTransformMatrix2D.of(1,3,0,2,1,0).determinant(),EPS);
        Assertions.assertEquals(-0.0,AffineTransformMatrix2D.of(0,0,1,0,0,2).determinant(),EPS);
    }",AffineTransformMatrix2DTest::testDeterminant_oe
commons-geometry_1110,"@Test
    void testPreservesOrientation_oe() {
        // act/assert
        Assertions.assertTrue(AffineTransformMatrix2D.identity().preservesOrientation());
        Assertions.assertTrue(AffineTransformMatrix2D.of(2,0,4,0,3,5).preservesOrientation());

        Assertions.assertFalse(AffineTransformMatrix2D.of(2,0,4,0,-3,5).preservesOrientation());
        Assertions.assertFalse(AffineTransformMatrix2D.of(1,3,0,2,1,0).preservesOrientation());
        Assertions.assertFalse(AffineTransformMatrix2D.of(0,0,1,0,0,2).preservesOrientation());
    }",AffineTransformMatrix2DTest::testPreservesOrientation_oe
commons-geometry_1111,"@Test
    void testMultiply_oe() {
        // arrange
        final AffineTransformMatrix2D a = AffineTransformMatrix2D.of(
                    1, 2, 3,
                    5, 6, 7
                );
        final AffineTransformMatrix2D b = AffineTransformMatrix2D.of(
                    13, 14, 15,
                    17, 18, 19
                );

        // act
        final AffineTransformMatrix2D result = a.multiply(b);

        // assert
        final double[] arr = result.toArray();
        Assertions.assertArrayEquals(new double[] {
            47, 50, 56,
            167, 178, 196
        }, arr, EPS);
    }",AffineTransformMatrix2DTest::testMultiply_oe
commons-geometry_1112,"@Test
    void testMultiply_combinesTransformOperations_oe() {
        // arrange
        final Vector2D translation1 = Vector2D.of(1, 2);
        final double scale = 2.0;
        final Vector2D translation2 = Vector2D.of(4, 5);

        final AffineTransformMatrix2D a = AffineTransformMatrix2D.createTranslation(translation1);
        final AffineTransformMatrix2D b = AffineTransformMatrix2D.createScale(scale);
        final AffineTransformMatrix2D c = AffineTransformMatrix2D.identity();
        final AffineTransformMatrix2D d = AffineTransformMatrix2D.createTranslation(translation2);

        // act
        final AffineTransformMatrix2D transform = d.multiply(c).multiply(b).multiply(a);

        // assert
        runWithCoordinates((x, y) -> {
            final Vector2D vec = Vector2D.of(x, y);

            final Vector2D expectedVec = vec
                    .add(translation1)
                    .multiply(scale)
                    .add(translation2);

            EuclideanTestUtils.assertCoordinatesEqual(expectedVec, transform.apply(vec), EPS);
        });
    }",AffineTransformMatrix2DTest::testMultiply_combinesTransformOperations_oe
commons-geometry_1113,"@Test
    void testPremultiply_oe() {
        // arrange
        final AffineTransformMatrix2D a = AffineTransformMatrix2D.of(
                    1, 2, 3,
                    5, 6, 7
                );
        final AffineTransformMatrix2D b = AffineTransformMatrix2D.of(
                    13, 14, 15,
                    17, 18, 19
                );

        // act
        final AffineTransformMatrix2D result = b.premultiply(a);

        // assert
        final double[] arr = result.toArray();
        Assertions.assertArrayEquals(new double[] {
            47, 50, 56,
            167, 178, 196
        }, arr, EPS);
    }",AffineTransformMatrix2DTest::testPremultiply_oe
commons-geometry_1114,"@Test
    void testPremultiply_combinesTransformOperations_oe() {
        // arrange
        final Vector2D translation1 = Vector2D.of(1, 2);
        final double scale = 2.0;
        final Vector2D translation2 = Vector2D.of(4, 5);

        final AffineTransformMatrix2D a = AffineTransformMatrix2D.createTranslation(translation1);
        final AffineTransformMatrix2D b = AffineTransformMatrix2D.createScale(scale);
        final AffineTransformMatrix2D c = AffineTransformMatrix2D.identity();
        final AffineTransformMatrix2D d = AffineTransformMatrix2D.createTranslation(translation2);

        // act
        final AffineTransformMatrix2D transform = a.premultiply(b).premultiply(c).premultiply(d);

        // assert
        runWithCoordinates((x, y) -> {
            final Vector2D vec = Vector2D.of(x, y);

            final Vector2D expectedVec = vec
                    .add(translation1)
                    .multiply(scale)
                    .add(translation2);

            EuclideanTestUtils.assertCoordinatesEqual(expectedVec, transform.apply(vec), EPS);
        });
    }",AffineTransformMatrix2DTest::testPremultiply_combinesTransformOperations_oe
commons-geometry_1115,"@Test
    void testInverse_identity_oe() {
        // act
        final AffineTransformMatrix2D inverse = AffineTransformMatrix2D.identity().inverse();

        // assert
        final double[] expected = {
            1, 0, 0,
            0, 1, 0
        };
        Assertions.assertArrayEquals(expected, inverse.toArray(), 0.0);
    }",AffineTransformMatrix2DTest::testInverse_identity_oe
commons-geometry_1116,"@Test
    void testInverse_multiplyByInverse_producesIdentity_oe() {
        // arrange
        final AffineTransformMatrix2D a = AffineTransformMatrix2D.of(
                    1, 3, 7,
                    2, 4, 9
                );

        final AffineTransformMatrix2D inv = a.inverse();

        // act
        final AffineTransformMatrix2D result = inv.multiply(a);

        // assert
        final double[] expected = {
            1, 0, 0,
            0, 1, 0
        };
        Assertions.assertArrayEquals(expected, result.toArray(), EPS);
    }",AffineTransformMatrix2DTest::testInverse_multiplyByInverse_producesIdentity_oe
commons-geometry_1117,"@Test
    void testInverse_translate_oe() {
        // arrange
        final AffineTransformMatrix2D transform = AffineTransformMatrix2D.createTranslation(1, -2);

        // act
        final AffineTransformMatrix2D inverse = transform.inverse();

        // assert
        final double[] expected = {
            1, 0, -1,
            0, 1, 2
        };
        Assertions.assertArrayEquals(expected, inverse.toArray(), 0.0);
    }",AffineTransformMatrix2DTest::testInverse_translate_oe
commons-geometry_1118,"@Test
    void testInverse_scale_oe() {
        // arrange
        final AffineTransformMatrix2D transform = AffineTransformMatrix2D.createScale(10, -2);

        // act
        final AffineTransformMatrix2D inverse = transform.inverse();

        // assert
        final double[] expected = {
            0.1, 0, 0,
            0, -0.5, 0
        };
        Assertions.assertArrayEquals(expected, inverse.toArray(), 0.0);
    }",AffineTransformMatrix2DTest::testInverse_scale_oe
commons-geometry_1119,"@Test
    void testInverse_rotate_oe() {
        // arrange
        final AffineTransformMatrix2D transform = AffineTransformMatrix2D.createRotation(Angle.PI_OVER_TWO);

        // act
        final AffineTransformMatrix2D inverse = transform.inverse();

        // assert
        final double[] expected = {
            0, 1, 0,
            -1, 0, 0
        };
        Assertions.assertArrayEquals(expected, inverse.toArray(), EPS);
    }",AffineTransformMatrix2DTest::testInverse_rotate_oe
commons-geometry_1120,"@Test
    void testInverse_rotate_aroundCenter_oe() {
        // arrange
        final Vector2D center = Vector2D.of(1, 2);
        final AffineTransformMatrix2D transform = AffineTransformMatrix2D.createRotation(center, Angle.PI_OVER_TWO);

        // act
        final AffineTransformMatrix2D inverse = transform.inverse();

        // assert
        final double[] expected = {
            0, 1, -1,
            -1, 0, 3
        };
        Assertions.assertArrayEquals(expected, inverse.toArray(), EPS);
    }",AffineTransformMatrix2DTest::testInverse_rotate_aroundCenter_oe
commons-geometry_1121,"@Test
    void testInverse_undoesOriginalTransform_oe() {
        // arrange
        final Vector2D v1 = Vector2D.ZERO;
        final Vector2D v2 = Vector2D.Unit.PLUS_X;
        final Vector2D v3 = Vector2D.of(1, 1);
        final Vector2D v4 = Vector2D.of(-2, 3);

        final Vector2D center = Vector2D.of(-0.5, 2);

        // act/assert
        runWithCoordinates((x, y) -> {
            final AffineTransformMatrix2D transform = AffineTransformMatrix2D
                        .createTranslation(x, y)
                        .scale(2, 3)
                        .translate(x / 3, y / 3)
                        .rotate(x / 4)
                        .rotate(center, y / 2);

            final AffineTransformMatrix2D inverse = transform.inverse();

            EuclideanTestUtils.assertCoordinatesEqual(v1, inverse.apply(transform.apply(v1)), EPS);
            EuclideanTestUtils.assertCoordinatesEqual(v2, inverse.apply(transform.apply(v2)), EPS);
            EuclideanTestUtils.assertCoordinatesEqual(v3, inverse.apply(transform.apply(v3)), EPS);
            EuclideanTestUtils.assertCoordinatesEqual(v4, inverse.apply(transform.apply(v4)), EPS);
        });
    }",AffineTransformMatrix2DTest::testInverse_undoesOriginalTransform_oe
commons-geometry_1122,"@Test
    void testInverse_nonInvertible_oe() {
        // act/assert
        GeometryTestUtils.assertThrowsWithMessage(() -> AffineTransformMatrix2D.of(
                0, 0, 0,
                0, 0, 0).inverse(), IllegalStateException.class, ""Matrix is not invertible; matrix determinant is 0.0"");

        GeometryTestUtils.assertThrowsWithMessage(() -> AffineTransformMatrix2D.of(
                1, 0, 0,
                0, Double.NaN, 0).inverse(), IllegalStateException.class, ""Matrix is not invertible; matrix determinant is NaN"");

        GeometryTestUtils.assertThrowsWithMessage(() -> AffineTransformMatrix2D.of(
                1, 0, 0,
                0, Double.NEGATIVE_INFINITY, 0).inverse(), IllegalStateException.class, ""Matrix is not invertible; matrix determinant is -Infinity"");

        GeometryTestUtils.assertThrowsWithMessage(() -> AffineTransformMatrix2D.of(
                Double.POSITIVE_INFINITY, 0, 0,
                0, 1, 0).inverse(), IllegalStateException.class, ""Matrix is not invertible; matrix determinant is Infinity"");

        GeometryTestUtils.assertThrowsWithMessage(() -> AffineTransformMatrix2D.of(
                1, 0, Double.NaN,
                0, 1, 0).inverse(), IllegalStateException.class, ""Matrix is not invertible; invalid matrix element: NaN"");

        GeometryTestUtils.assertThrowsWithMessage(() -> AffineTransformMatrix2D.of(
                1, 0, Double.POSITIVE_INFINITY,
                0, 1, 0).inverse(), IllegalStateException.class, ""Matrix is not invertible; invalid matrix element: Infinity"");

        GeometryTestUtils.assertThrowsWithMessage(() -> AffineTransformMatrix2D.of(
                1, 0, Double.NEGATIVE_INFINITY,
                0, 1, 0).inverse(), IllegalStateException.class, ""Matrix is not invertible; invalid matrix element: -Infinity"");
    }",AffineTransformMatrix2DTest::testInverse_nonInvertible_oe
commons-geometry_1123,"@Test
    void testLinear_oe() {
        // arrange
        final AffineTransformMatrix2D mat = AffineTransformMatrix2D.of(
                2, 3, 4,
                5, 6, 7);

        // act
        final AffineTransformMatrix2D result = mat.linear();

        // assert
        final double[] expected = {
            2, 3, 0,
            5, 6, 0
        };
        Assertions.assertArrayEquals(expected, result.toArray(), 0.0);
    }",AffineTransformMatrix2DTest::testLinear_oe
commons-geometry_1124,"@Test
    void testLinearTranspose_oe() {
        // arrange
        final AffineTransformMatrix2D mat = AffineTransformMatrix2D.of(
                2, 3, 4,
                5, 6, 7);

        // act
        final AffineTransformMatrix2D result = mat.linearTranspose();

        // assert
        final double[] expected = {
            2, 5, 0,
            3, 6, 0
        };
        Assertions.assertArrayEquals(expected, result.toArray(), 0.0);
    }",AffineTransformMatrix2DTest::testLinearTranspose_oe
commons-geometry_1125,"@Test
    void testNormalTransform_nonInvertible_oe() {
        // act/assert
        Assertions.assertThrows(IllegalStateException.class, () -> AffineTransformMatrix2D.createScale(0).normalTransform());
    }",AffineTransformMatrix2DTest::testNormalTransform_nonInvertible_oe
commons-geometry_1126,"@Test
    void testHashCode_oe() {
        // arrange
        final double[] values = {
            1, 2, 3,
            5, 6, 7
        };

        // act/assert
        final int orig = AffineTransformMatrix2D.of(values).hashCode();
        final int same = AffineTransformMatrix2D.of(values).hashCode();

        Assertions.assertEquals(orig, same);

        double[] temp;
        for (int i = 0; i < values.length; ++i) {
            temp = values.clone();
            temp[i] = 0;

            final int modified = AffineTransformMatrix2D.of(temp).hashCode();

            Assertions.assertNotEquals(orig, modified);
        }
    }",AffineTransformMatrix2DTest::testHashCode_oe
commons-geometry_1127,"@Test
    void testEquals_oe() {
        // arrange
        final double[] values = {
            1, 2, 3,
            5, 6, 7
        };

        final AffineTransformMatrix2D a = AffineTransformMatrix2D.of(values);

        // act/assert
        GeometryTestUtils.assertSimpleEqualsCases(a);

        double[] temp;
        for (int i = 0; i < values.length; ++i) {
            temp = values.clone();
            temp[i] = 0;

            final AffineTransformMatrix2D modified = AffineTransformMatrix2D.of(temp);

            Assertions.assertNotEquals(a, modified);
        }
    }",AffineTransformMatrix2DTest::testEquals_oe
commons-geometry_1128,"@Test
    void testEqualsAndHashCode_signedZeroConsistency_oe() {
        // arrange
        final double[] arrWithPosZero = {
            1.0, 0.0, 0.0,
            0.0, 1.0, 0.0
        };
        final double[] arrWithNegZero = {
            1.0, 0.0, 0.0,
            0.0, 1.0, -0.0
        };
        final AffineTransformMatrix2D a = AffineTransformMatrix2D.of(arrWithPosZero);
        final AffineTransformMatrix2D b = AffineTransformMatrix2D.of(arrWithNegZero);
        final AffineTransformMatrix2D c = AffineTransformMatrix2D.of(arrWithPosZero);
        final AffineTransformMatrix2D d = AffineTransformMatrix2D.of(arrWithNegZero);

        // act/assert
        Assertions.assertFalse(a.equals(b));
        Assertions.assertNotEquals(a.hashCode(), b.hashCode());

        Assertions.assertTrue(a.equals(c));
        Assertions.assertEquals(a.hashCode(), c.hashCode());

        Assertions.assertTrue(b.equals(d));
        Assertions.assertEquals(b.hashCode(), d.hashCode());
    }",AffineTransformMatrix2DTest::testEqualsAndHashCode_signedZeroConsistency_oe
commons-geometry_1130,"@Test
    void testConstants_normalize_oe() {
        // act/assert
        Assertions.assertThrows(IllegalArgumentException.class, Vector2D.ZERO::normalize);
        Assertions.assertThrows(IllegalArgumentException.class, Vector2D.NaN::normalize);
        Assertions.assertThrows(IllegalArgumentException.class, Vector2D.POSITIVE_INFINITY::normalize);
        Assertions.assertThrows(IllegalArgumentException.class, Vector2D.NEGATIVE_INFINITY::normalize);

        Assertions.assertSame(Vector2D.Unit.PLUS_X, Vector2D.Unit.PLUS_X.normalize());
        Assertions.assertSame(Vector2D.Unit.MINUS_X, Vector2D.Unit.MINUS_X.normalize());

        Assertions.assertSame(Vector2D.Unit.PLUS_Y, Vector2D.Unit.PLUS_Y.normalize());
        Assertions.assertSame(Vector2D.Unit.MINUS_Y, Vector2D.Unit.MINUS_Y.normalize());
    }",Vector2DTest::testConstants_normalize_oe
commons-geometry_1131,"@Test
    void testCoordinateAscendingOrder_oe() {
        // arrange
        final Comparator<Vector2D> cmp = Vector2D.COORDINATE_ASCENDING_ORDER;

        // act/assert
        Assertions.assertEquals(0, cmp.compare(Vector2D.of(1, 2), Vector2D.of(1, 2)));

        Assertions.assertEquals(-1, cmp.compare(Vector2D.of(0, 2), Vector2D.of(1, 2)));
        Assertions.assertEquals(-1, cmp.compare(Vector2D.of(1, 1), Vector2D.of(1, 2)));

        Assertions.assertEquals(1, cmp.compare(Vector2D.of(2, 2), Vector2D.of(1, 2)));
        Assertions.assertEquals(1, cmp.compare(Vector2D.of(1, 3), Vector2D.of(1, 2)));

        Assertions.assertEquals(-1, cmp.compare(Vector2D.of(1, 3), null));
        Assertions.assertEquals(1, cmp.compare(null, Vector2D.of(1, 2)));
        Assertions.assertEquals(0, cmp.compare(null, null));
    }",Vector2DTest::testCoordinateAscendingOrder_oe
commons-geometry_1132,"@Test
    void testCoordinates_oe() {
        // arrange
        final Vector2D v = Vector2D.of(1, 2);

        // act/assert
        Assertions.assertEquals(1.0, v.getX(), EPS);
        Assertions.assertEquals(2.0, v.getY(), EPS);
    }",Vector2DTest::testCoordinates_oe
commons-geometry_1133,"@Test
    void testToArray_oe() {
        // arrange
        final Vector2D oneTwo = Vector2D.of(1, 2);

        // act
        final double[] array = oneTwo.toArray();

        // assert
        Assertions.assertEquals(2, array.length);
        Assertions.assertEquals(1.0, array[0], EPS);
        Assertions.assertEquals(2.0, array[1], EPS);
    }",Vector2DTest::testToArray_oe
commons-geometry_1134,"@Test
    void testDimension_oe() {
        // arrange
        final Vector2D v = Vector2D.of(1, 2);

        // act/assert
        Assertions.assertEquals(2, v.getDimension());
    }",Vector2DTest::testDimension_oe
commons-geometry_1135,"@Test
    void testNaN_oe() {
        // act/assert
        Assertions.assertTrue(Vector2D.of(0, Double.NaN).isNaN());
        Assertions.assertTrue(Vector2D.of(Double.NaN, 0).isNaN());

        Assertions.assertFalse(Vector2D.of(1, 1).isNaN());
        Assertions.assertFalse(Vector2D.of(1, Double.NEGATIVE_INFINITY).isNaN());
        Assertions.assertFalse(Vector2D.of(Double.POSITIVE_INFINITY, 1).isNaN());
    }",Vector2DTest::testNaN_oe
commons-geometry_1136,"@Test
    void testInfinite_oe() {
        // act/assert
        Assertions.assertTrue(Vector2D.of(0, Double.NEGATIVE_INFINITY).isInfinite());
        Assertions.assertTrue(Vector2D.of(Double.NEGATIVE_INFINITY, 0).isInfinite());
        Assertions.assertTrue(Vector2D.of(0, Double.POSITIVE_INFINITY).isInfinite());
        Assertions.assertTrue(Vector2D.of(Double.POSITIVE_INFINITY, 0).isInfinite());

        Assertions.assertFalse(Vector2D.of(1, 1).isInfinite());
        Assertions.assertFalse(Vector2D.of(0, Double.NaN).isInfinite());
        Assertions.assertFalse(Vector2D.of(Double.NEGATIVE_INFINITY, Double.NaN).isInfinite());
        Assertions.assertFalse(Vector2D.of(Double.NaN, Double.NEGATIVE_INFINITY).isInfinite());
        Assertions.assertFalse(Vector2D.of(Double.POSITIVE_INFINITY, Double.NaN).isInfinite());
        Assertions.assertFalse(Vector2D.of(Double.NaN, Double.POSITIVE_INFINITY).isInfinite());
    }",Vector2DTest::testInfinite_oe
commons-geometry_1137,"@Test
    void testFinite_oe() {
        // act/assert
        Assertions.assertTrue(Vector2D.ZERO.isFinite());
        Assertions.assertTrue(Vector2D.of(1, 1).isFinite());

        Assertions.assertFalse(Vector2D.of(0, Double.NEGATIVE_INFINITY).isFinite());
        Assertions.assertFalse(Vector2D.of(Double.NEGATIVE_INFINITY, 0).isFinite());
        Assertions.assertFalse(Vector2D.of(0, Double.POSITIVE_INFINITY).isFinite());
        Assertions.assertFalse(Vector2D.of(Double.POSITIVE_INFINITY, 0).isFinite());

        Assertions.assertFalse(Vector2D.of(0, Double.NaN).isFinite());
        Assertions.assertFalse(Vector2D.of(Double.NEGATIVE_INFINITY, Double.NaN).isFinite());
        Assertions.assertFalse(Vector2D.of(Double.NaN, Double.NEGATIVE_INFINITY).isFinite());
        Assertions.assertFalse(Vector2D.of(Double.POSITIVE_INFINITY, Double.NaN).isFinite());
        Assertions.assertFalse(Vector2D.of(Double.NaN, Double.POSITIVE_INFINITY).isFinite());
    }",Vector2DTest::testFinite_oe
commons-geometry_1138,"@Test
    void testNorm_oe() {
        // act/assert
        Assertions.assertEquals(0.0, Vector2D.of(0, 0).norm(), EPS);

        Assertions.assertEquals(5.0, Vector2D.of(3, 4).norm(), EPS);
        Assertions.assertEquals(5.0, Vector2D.of(3, -4).norm(), EPS);
        Assertions.assertEquals(5.0, Vector2D.of(-3, 4).norm(), EPS);
        Assertions.assertEquals(5.0, Vector2D.of(-3, -4).norm(), EPS);

        Assertions.assertEquals(Math.sqrt(5.0), Vector2D.of(-1, -2).norm(), EPS);
    }",Vector2DTest::testNorm_oe
commons-geometry_1139,"@Test
    void testNorm_unitVectors_oe() {
        // arrange
        final Vector2D v = Vector2D.of(2.0, 3.0).normalize();

        // act/assert
        Assertions.assertEquals(1.0, v.norm(), 0.0);
    }",Vector2DTest::testNorm_unitVectors_oe
commons-geometry_1140,"@Test
    void testNormSq_oe() {
        // act/assert
        Assertions.assertEquals(0.0, Vector2D.of(0, 0).normSq(), EPS);

        Assertions.assertEquals(25.0, Vector2D.of(3, 4).normSq(), EPS);
        Assertions.assertEquals(25.0, Vector2D.of(3, -4).normSq(), EPS);
        Assertions.assertEquals(25.0, Vector2D.of(-3, 4).normSq(), EPS);
        Assertions.assertEquals(25.0, Vector2D.of(-3, -4).normSq(), EPS);

        Assertions.assertEquals(5.0, Vector2D.of(-1, -2).normSq(), EPS);
    }",Vector2DTest::testNormSq_oe
commons-geometry_1141,"@Test
    void testNormSq_unitVectors_oe() {
        // arrange
        final Vector2D v = Vector2D.of(2.0, 3.0).normalize();

        // act/assert
        Assertions.assertEquals(1.0, v.normSq(), 0.0);
    }",Vector2DTest::testNormSq_unitVectors_oe
commons-geometry_1142,"@Test
    void testWithNorm_illegalNorm_oe() {
        // act/assert
        Assertions.assertThrows(IllegalArgumentException.class, () -> Vector2D.ZERO.withNorm(2.0));
        Assertions.assertThrows(IllegalArgumentException.class, () -> Vector2D.NaN.withNorm(2.0));
        Assertions.assertThrows(IllegalArgumentException.class, () -> Vector2D.POSITIVE_INFINITY.withNorm(2.0));
        Assertions.assertThrows(IllegalArgumentException.class, () -> Vector2D.NEGATIVE_INFINITY.withNorm(2.0));
    }",Vector2DTest::testWithNorm_illegalNorm_oe
commons-geometry_1143,"@Test
    void testWithNorm_unitVectors_oe() {
        // arrange
        final double eps = 1e-14;
        final Vector2D v = Vector2D.of(2.0, -3.0).normalize();

        // act/assert
        checkVector(Vector2D.Unit.PLUS_X.withNorm(2.5), 2.5, 0.0);
        checkVector(Vector2D.Unit.MINUS_Y.withNorm(3.14), 0.0, -3.14);

        for (int i = -10; i <= 10; i++) {
            Assertions.assertEquals(Math.abs((double) i), v.withNorm(i).norm(), eps);
        }
    }",Vector2DTest::testWithNorm_unitVectors_oe
commons-geometry_1144,"@Test
    void testNormalize_illegalNorm_oe() {
        // arrange
        final Pattern illegalNorm = Pattern.compile(""^Illegal norm: (0\\.0|-?Infinity|NaN)"");

        // act/assert
        GeometryTestUtils.assertThrowsWithMessage(Vector2D.ZERO::normalize,
                IllegalArgumentException.class, illegalNorm);
        GeometryTestUtils.assertThrowsWithMessage(Vector2D.NaN::normalize,
                IllegalArgumentException.class, illegalNorm);
        GeometryTestUtils.assertThrowsWithMessage(Vector2D.POSITIVE_INFINITY::normalize,
                IllegalArgumentException.class, illegalNorm);
        GeometryTestUtils.assertThrowsWithMessage(Vector2D.NEGATIVE_INFINITY::normalize,
                IllegalArgumentException.class, illegalNorm);
    }",Vector2DTest::testNormalize_illegalNorm_oe
commons-geometry_1145,"@Test
    void testNormalize_isIdempotent_oe() {
        // arrange
        final double invSqrt2 = 1.0 / Math.sqrt(2);
        final Vector2D v = Vector2D.of(2, 2).normalize();

        // act/assert
        Assertions.assertSame(v, v.normalize());
        checkVector(v.normalize(), invSqrt2, invSqrt2);
    }",Vector2DTest::testNormalize_isIdempotent_oe
commons-geometry_1146,"@Test
    void testNormalizeOrNull_oe() {
        // arrange
        final double invSqrt2 = 1 / Math.sqrt(2);

        // act/assert
        checkVector(Vector2D.of(100, 0).normalizeOrNull(), 1, 0);
        checkVector(Vector2D.of(-100, 0).normalizeOrNull(), -1, 0);

        checkVector(Vector2D.of(2, 2).normalizeOrNull(), invSqrt2, invSqrt2);
        checkVector(Vector2D.of(-2, -2).normalizeOrNull(), -invSqrt2, -invSqrt2);

        checkVector(Vector2D.of(Double.MIN_VALUE, 0).normalizeOrNull(), 1, 0);
        checkVector(Vector2D.of(0, Double.MIN_VALUE).normalizeOrNull(), 0, 1);

        checkVector(Vector2D.of(-Double.MIN_VALUE, -Double.MIN_VALUE).normalizeOrNull(), -invSqrt2, -invSqrt2);

        checkVector(Vector2D.of(Double.MIN_NORMAL, -Double.MIN_NORMAL).normalizeOrNull(), invSqrt2, -invSqrt2);

        checkVector(Vector2D.of(Double.MAX_VALUE, -Double.MAX_VALUE).normalizeOrNull(), invSqrt2, -invSqrt2);

        Assertions.assertNull(Vector2D.ZERO.normalizeOrNull());
        Assertions.assertNull(Vector2D.NaN.normalizeOrNull());
        Assertions.assertNull(Vector2D.POSITIVE_INFINITY.normalizeOrNull());
        Assertions.assertNull(Vector2D.NEGATIVE_INFINITY.normalizeOrNull());
    }",Vector2DTest::testNormalizeOrNull_oe
commons-geometry_1147,"@Test
    void testNormalizeOrNull_isIdempotent_oe() {
        // arrange
        final double invSqrt2 = 1 / Math.sqrt(2);
        final Vector2D v = Vector2D.of(2, 2).normalizeOrNull();

        // act/assert
        Assertions.assertSame(v, v.normalizeOrNull());
        checkVector(v.normalizeOrNull(), invSqrt2, invSqrt2);
    }",Vector2DTest::testNormalizeOrNull_isIdempotent_oe
commons-geometry_1148,"@Test
    void testDistance_oe() {
        // arrange
        final Vector2D v1 = Vector2D.of(1, 1);
        final Vector2D v2 = Vector2D.of(4, 5);
        final Vector2D v3 = Vector2D.of(-1, 0);

        // act/assert
        Assertions.assertEquals(0, v1.distance(v1), EPS);

        Assertions.assertEquals(5, v1.distance(v2), EPS);
        Assertions.assertEquals(5, v2.distance(v1), EPS);

        Assertions.assertEquals(Math.sqrt(5), v1.distance(v3), EPS);
        Assertions.assertEquals(Math.sqrt(5), v3.distance(v1), EPS);
    }",Vector2DTest::testDistance_oe
commons-geometry_1149,"@Test
    void testDistanceSq_oe() {
        // arrange
        final Vector2D v1 = Vector2D.of(1, 1);
        final Vector2D v2 = Vector2D.of(4, 5);
        final Vector2D v3 = Vector2D.of(-1, 0);

        // act/assert
        Assertions.assertEquals(0, v1.distanceSq(v1), EPS);

        Assertions.assertEquals(25, v1.distanceSq(v2), EPS);
        Assertions.assertEquals(25, v2.distanceSq(v1), EPS);

        Assertions.assertEquals(5, v1.distanceSq(v3), EPS);
        Assertions.assertEquals(5, v3.distanceSq(v1), EPS);
    }",Vector2DTest::testDistanceSq_oe
commons-geometry_1150,"@Test
    void testDotProduct_oe() {
        // arrange
        final Vector2D v1 = Vector2D.of(1, 1);
        final Vector2D v2 = Vector2D.of(4, 5);
        final Vector2D v3 = Vector2D.of(-1, 0);

        // act/assert
        Assertions.assertEquals(2, v1.dot(v1), EPS);
        Assertions.assertEquals(41, v2.dot(v2), EPS);
        Assertions.assertEquals(1, v3.dot(v3), EPS);

        Assertions.assertEquals(9, v1.dot(v2), EPS);
        Assertions.assertEquals(9, v2.dot(v1), EPS);

        Assertions.assertEquals(-1, v1.dot(v3), EPS);
        Assertions.assertEquals(-1, v3.dot(v1), EPS);

        Assertions.assertEquals(1, Vector2D.Unit.PLUS_X.dot(Vector2D.Unit.PLUS_X), EPS);
        Assertions.assertEquals(0, Vector2D.Unit.PLUS_X.dot(Vector2D.Unit.PLUS_Y), EPS);
        Assertions.assertEquals(-1, Vector2D.Unit.PLUS_X.dot(Vector2D.Unit.MINUS_X), EPS);
        Assertions.assertEquals(0, Vector2D.Unit.PLUS_X.dot(Vector2D.Unit.MINUS_Y), EPS);
    }",Vector2DTest::testDotProduct_oe
commons-geometry_1151,"@Test
    void testOrthogonal_fullCircle_oe() {
        for (double az = 0.0; az <= Angle.TWO_PI; az += 0.25) {
            // arrange
            final Vector2D v = PolarCoordinates.toCartesian(Math.PI, az);

            //act
            final Vector2D ortho = v.orthogonal();

            // assert
            Assertions.assertEquals(1.0, ortho.norm(), EPS);
            Assertions.assertEquals(0.0, v.dot(ortho), EPS);
        }
    }",Vector2DTest::testOrthogonal_fullCircle_oe
commons-geometry_1152,"@Test
    void testOrthogonal_illegalNorm_oe() {
        // act/assert
        Assertions.assertThrows(IllegalArgumentException.class, Vector2D.ZERO::orthogonal);
        Assertions.assertThrows(IllegalArgumentException.class, Vector2D.NaN::orthogonal);
        Assertions.assertThrows(IllegalArgumentException.class, Vector2D.POSITIVE_INFINITY::orthogonal);
        Assertions.assertThrows(IllegalArgumentException.class, Vector2D.NEGATIVE_INFINITY::orthogonal);
    }",Vector2DTest::testOrthogonal_illegalNorm_oe
commons-geometry_1153,"@Test
    void testOrthogonal_givenDirection_illegalNorm_oe() {
        // act/assert
        Assertions.assertThrows(IllegalArgumentException.class, () -> Vector2D.ZERO.orthogonal(Vector2D.Unit.PLUS_X));
        Assertions.assertThrows(IllegalArgumentException.class, () -> Vector2D.NaN.orthogonal(Vector2D.Unit.PLUS_X));
        Assertions.assertThrows(IllegalArgumentException.class, () -> Vector2D.POSITIVE_INFINITY.orthogonal(Vector2D.Unit.PLUS_X));
        Assertions.assertThrows(IllegalArgumentException.class, () -> Vector2D.NEGATIVE_INFINITY.orthogonal(Vector2D.Unit.PLUS_X));
        Assertions.assertThrows(IllegalArgumentException.class, () -> Vector2D.Unit.PLUS_X.orthogonal(Vector2D.ZERO));
        Assertions.assertThrows(IllegalArgumentException.class, () -> Vector2D.Unit.PLUS_X.orthogonal(Vector2D.NaN));
        Assertions.assertThrows(IllegalArgumentException.class, () -> Vector2D.Unit.PLUS_X.orthogonal(Vector2D.POSITIVE_INFINITY));
        Assertions.assertThrows(IllegalArgumentException.class, () -> Vector2D.Unit.PLUS_X.orthogonal(Vector2D.NEGATIVE_INFINITY));
    }",Vector2DTest::testOrthogonal_givenDirection_illegalNorm_oe
commons-geometry_1154,"@Test
    void testOrthogonal_givenDirection_directionIsCollinear_oe() {
        // act/assert
        Assertions.assertThrows(IllegalArgumentException.class, () -> Vector2D.Unit.PLUS_X.orthogonal(Vector2D.Unit.PLUS_X));
        Assertions.assertThrows(IllegalArgumentException.class, () -> Vector2D.Unit.PLUS_X.orthogonal(Vector2D.Unit.MINUS_X));
        Assertions.assertThrows(IllegalArgumentException.class, () -> Vector2D.of(1.0, 1.0).orthogonal(Vector2D.of(2.0, 2.0)));
        Assertions.assertThrows(IllegalArgumentException.class, () -> Vector2D.of(-1.01, -1.01).orthogonal(Vector2D.of(20.1, 20.1)));
    }",Vector2DTest::testOrthogonal_givenDirection_directionIsCollinear_oe
commons-geometry_1155,"@Test
    void testAngle_oe() {
        // act/assert
        Assertions.assertEquals(0, Vector2D.Unit.PLUS_X.angle(Vector2D.Unit.PLUS_X), EPS);

        Assertions.assertEquals(Math.PI, Vector2D.Unit.PLUS_X.angle(Vector2D.Unit.MINUS_X), EPS);
        Assertions.assertEquals(Angle.PI_OVER_TWO, Vector2D.Unit.PLUS_X.angle(Vector2D.Unit.PLUS_Y), EPS);
        Assertions.assertEquals(Angle.PI_OVER_TWO, Vector2D.Unit.PLUS_X.angle(Vector2D.Unit.MINUS_Y), EPS);

        Assertions.assertEquals(Math.PI / 4, Vector2D.of(1, 1).angle(Vector2D.of(1, 0)), EPS);
        Assertions.assertEquals(Math.PI / 4, Vector2D.of(1, 0).angle(Vector2D.of(1, 1)), EPS);

        Assertions.assertEquals(0.004999958333958323, Vector2D.of(20.0, 0.0).angle(Vector2D.of(20.0, 0.1)), EPS);
    }",Vector2DTest::testAngle_oe
commons-geometry_1156,"@Test
    void testAngle_illegalNorm_oe() {
        // arrange
        final Vector2D v = Vector2D.of(1.0, 1.0);

        // act/assert
        Assertions.assertThrows(IllegalArgumentException.class, () -> Vector2D.ZERO.angle(v));
        Assertions.assertThrows(IllegalArgumentException.class, () -> Vector2D.NaN.angle(v));
        Assertions.assertThrows(IllegalArgumentException.class, () -> Vector2D.POSITIVE_INFINITY.angle(v));
        Assertions.assertThrows(IllegalArgumentException.class, () -> Vector2D.NEGATIVE_INFINITY.angle(v));
        Assertions.assertThrows(IllegalArgumentException.class, () -> v.angle(Vector2D.ZERO));
        Assertions.assertThrows(IllegalArgumentException.class, () -> v.angle(Vector2D.NaN));
        Assertions.assertThrows(IllegalArgumentException.class, () -> v.angle(Vector2D.POSITIVE_INFINITY));
        Assertions.assertThrows(IllegalArgumentException.class, () -> v.angle(Vector2D.NEGATIVE_INFINITY));
    }",Vector2DTest::testAngle_illegalNorm_oe
commons-geometry_1157,"@Test
    void testSignedArea_oe() {
        // arrange
        final double eps = 1e-10;

        final Vector2D a = Vector2D.Unit.PLUS_X;
        final Vector2D b = Vector2D.Unit.PLUS_Y;
        final Vector2D c = Vector2D.of(1, 1).withNorm(2.0);
        final Vector2D d = Vector2D.of(-1, 1).withNorm(3.0);

        // act/assert
        Assertions.assertEquals(1.0, a.signedArea(b), eps);
        Assertions.assertEquals(-1.0, b.signedArea(a), eps);

        final double xAxisAndCArea = 2 * Math.cos(0.25 * Math.PI);
        Assertions.assertEquals(xAxisAndCArea, a.signedArea(c), eps);
        Assertions.assertEquals(-xAxisAndCArea, c.signedArea(a), eps);

        final double xAxisAndDArea = 3 * Math.cos(0.25 * Math.PI);
        Assertions.assertEquals(xAxisAndDArea, a.signedArea(d), eps);
        Assertions.assertEquals(-xAxisAndDArea, d.signedArea(a), eps);

        Assertions.assertEquals(6.0, c.signedArea(d), eps);
        Assertions.assertEquals(-6.0, d.signedArea(c), eps);
    }",Vector2DTest::testSignedArea_oe
commons-geometry_1158,"@Test
    void testSignedArea_collinear_oe() {
        // arrange
        final Vector2D a = Vector2D.Unit.PLUS_X;
        final Vector2D b = Vector2D.Unit.PLUS_Y;
        final Vector2D c = Vector2D.of(-3, 8);

        // act/assert
        Assertions.assertEquals(0.0, a.signedArea(a), EPS);
        Assertions.assertEquals(0.0, b.signedArea(b), EPS);
        Assertions.assertEquals(0.0, c.signedArea(c), EPS);

        Assertions.assertEquals(0.0, a.signedArea(a.multiply(100.0)), EPS);
        Assertions.assertEquals(0.0, b.signedArea(b.negate()), EPS);
        Assertions.assertEquals(0.0, c.signedArea(c.multiply(-0.03)), EPS);
    }",Vector2DTest::testSignedArea_collinear_oe
commons-geometry_1159,"@Test
    void testProject_baseHasIllegalNorm_oe() {
        // arrange
        final Vector2D v = Vector2D.of(1.0, 1.0);

        // act/assert
        Assertions.assertThrows(IllegalArgumentException.class, () -> v.project(Vector2D.ZERO));
        Assertions.assertThrows(IllegalArgumentException.class, () -> v.project(Vector2D.NaN));
        Assertions.assertThrows(IllegalArgumentException.class, () -> v.project(Vector2D.POSITIVE_INFINITY));
        Assertions.assertThrows(IllegalArgumentException.class, () -> v.project(Vector2D.NEGATIVE_INFINITY));
    }",Vector2DTest::testProject_baseHasIllegalNorm_oe
commons-geometry_1160,"@Test
    void testReject_baseHasIllegalNorm_oe() {
        // arrange
        final Vector2D v = Vector2D.of(1.0, 1.0);

        // act/assert
        Assertions.assertThrows(IllegalArgumentException.class, () -> v.reject(Vector2D.ZERO));
        Assertions.assertThrows(IllegalArgumentException.class, () -> v.reject(Vector2D.NaN));
        Assertions.assertThrows(IllegalArgumentException.class, () -> v.reject(Vector2D.POSITIVE_INFINITY));
        Assertions.assertThrows(IllegalArgumentException.class, () -> v.reject(Vector2D.NEGATIVE_INFINITY));
    }",Vector2DTest::testReject_baseHasIllegalNorm_oe
commons-geometry_1161,"@Test
    void testDirectionTo_illegalNorm_oe() {
        // arrange
        final Vector2D p = Vector2D.of(1, 2);

        // act/assert
        Assertions.assertThrows(IllegalArgumentException.class, () -> Vector2D.ZERO.directionTo(Vector2D.ZERO));
        Assertions.assertThrows(IllegalArgumentException.class, () -> p.directionTo(p));
        Assertions.assertThrows(IllegalArgumentException.class, () -> p.directionTo(Vector2D.NaN));
        Assertions.assertThrows(IllegalArgumentException.class, () -> Vector2D.NEGATIVE_INFINITY.directionTo(p));
        Assertions.assertThrows(IllegalArgumentException.class, () -> p.directionTo(Vector2D.POSITIVE_INFINITY));
    }",Vector2DTest::testDirectionTo_illegalNorm_oe
commons-geometry_1162,"@Test
    void testPrecisionEquals_oe() {
        // arrange
        final Precision.DoubleEquivalence smallEps = Precision.doubleEquivalenceOfEpsilon(1e-6);
        final Precision.DoubleEquivalence largeEps = Precision.doubleEquivalenceOfEpsilon(1e-1);

        final Vector2D vec = Vector2D.of(1, -2);

        // act/assert
        Assertions.assertTrue(vec.eq(vec, smallEps));
        Assertions.assertTrue(vec.eq(vec, largeEps));

        Assertions.assertTrue(vec.eq(Vector2D.of(1.0000007, -2.0000009), smallEps));
        Assertions.assertTrue(vec.eq(Vector2D.of(1.0000007, -2.0000009), largeEps));

        Assertions.assertFalse(vec.eq(Vector2D.of(1.004, -2), smallEps));
        Assertions.assertFalse(vec.eq(Vector2D.of(1, -2.004), smallEps));
        Assertions.assertTrue(vec.eq(Vector2D.of(1.004, -2.004), largeEps));

        Assertions.assertFalse(vec.eq(Vector2D.of(1, -3), smallEps));
        Assertions.assertFalse(vec.eq(Vector2D.of(2, -2), smallEps));
        Assertions.assertFalse(vec.eq(Vector2D.of(1, -3), largeEps));
        Assertions.assertFalse(vec.eq(Vector2D.of(2, -2), largeEps));
    }",Vector2DTest::testPrecisionEquals_oe
commons-geometry_1163,"@Test
    void testIsZero_oe() {
        // arrange
        final Precision.DoubleEquivalence smallEps = Precision.doubleEquivalenceOfEpsilon(1e-6);
        final Precision.DoubleEquivalence largeEps = Precision.doubleEquivalenceOfEpsilon(1e-1);

        // act/assert
        Assertions.assertTrue(Vector2D.of(0.0, -0.0).isZero(smallEps));
        Assertions.assertTrue(Vector2D.of(-0.0, 0.0).isZero(largeEps));

        Assertions.assertTrue(Vector2D.of(-1e-7, 1e-7).isZero(smallEps));
        Assertions.assertTrue(Vector2D.of(1e-7, 1e-7).isZero(largeEps));

        Assertions.assertFalse(Vector2D.of(1e-2, 0.0).isZero(smallEps));
        Assertions.assertFalse(Vector2D.of(0.0, 1e-2).isZero(smallEps));
        Assertions.assertTrue(Vector2D.of(1e-2, -1e-2).isZero(largeEps));

        Assertions.assertFalse(Vector2D.of(0.2, 0.0).isZero(smallEps));
        Assertions.assertFalse(Vector2D.of(0.0, 0.2).isZero(smallEps));
        Assertions.assertFalse(Vector2D.of(0.2, 0.2).isZero(smallEps));
        Assertions.assertFalse(Vector2D.of(-0.2, 0.0).isZero(largeEps));
        Assertions.assertFalse(Vector2D.of(0.0, -0.2).isZero(largeEps));
        Assertions.assertFalse(Vector2D.of(-0.2, -0.2).isZero(largeEps));
    }",Vector2DTest::testIsZero_oe
commons-geometry_1164,"@Test
    void testHashCode_oe() {
        // arrange
        final Vector2D u = Vector2D.of(1, 1);
        final Vector2D v = Vector2D.of(1 + 10 * Precision.EPSILON, 1 + 10 * Precision.EPSILON);
        final Vector2D w = Vector2D.of(1, 1);

        // act/assert
        Assertions.assertTrue(u.hashCode() != v.hashCode());
        Assertions.assertEquals(u.hashCode(), w.hashCode());

        Assertions.assertEquals(Vector2D.of(0, Double.NaN).hashCode(), Vector2D.NaN.hashCode());
        Assertions.assertEquals(Vector2D.of(Double.NaN, 0).hashCode(), Vector2D.NaN.hashCode());
        Assertions.assertEquals(Vector2D.of(0, Double.NaN).hashCode(), Vector2D.of(Double.NaN, 0).hashCode());
    }",Vector2DTest::testHashCode_oe
commons-geometry_1165,"@Test
    void testEquals_oe() {
        // arrange
        final Vector2D u1 = Vector2D.of(1, 2);
        final Vector2D u2 = Vector2D.of(1, 2);

        // act/assert
        GeometryTestUtils.assertSimpleEqualsCases(u1);
        Assertions.assertEquals(u1, u2);

        Assertions.assertNotEquals(u1, Vector2D.of(-1, -2));
        Assertions.assertNotEquals(u1, Vector2D.of(1 + 10 * Precision.EPSILON, 2));
        Assertions.assertNotEquals(u1, Vector2D.of(1, 2 + 10 * Precision.EPSILON));

        Assertions.assertEquals(Vector2D.of(0, Double.NaN), Vector2D.of(Double.NaN, 0));

        Assertions.assertEquals(Vector2D.of(0, Double.POSITIVE_INFINITY), Vector2D.of(0, Double.POSITIVE_INFINITY));
        Assertions.assertNotEquals(Vector2D.of(Double.POSITIVE_INFINITY, 0), Vector2D.of(0, Double.POSITIVE_INFINITY));

        Assertions.assertEquals(Vector2D.of(Double.NEGATIVE_INFINITY, 0), Vector2D.of(Double.NEGATIVE_INFINITY, 0));
        Assertions.assertNotEquals(Vector2D.of(0, Double.NEGATIVE_INFINITY), Vector2D.of(Double.NEGATIVE_INFINITY, 0));
    }",Vector2DTest::testEquals_oe
commons-geometry_1166,"@Test
    void testEqualsAndHashCode_signedZeroConsistency_oe() {
        // arrange
        final Vector2D a = Vector2D.of(0.0, 0.0);
        final Vector2D b = Vector2D.of(-0.0, -0.0);
        final Vector2D c = Vector2D.of(0.0, 0.0);
        final Vector2D d = Vector2D.of(-0.0, -0.0);

        // act/assert
        Assertions.assertFalse(a.equals(b));

        Assertions.assertTrue(a.equals(c));
        Assertions.assertEquals(a.hashCode(), c.hashCode());

        Assertions.assertTrue(b.equals(d));
        Assertions.assertEquals(b.hashCode(), d.hashCode());
    }",Vector2DTest::testEqualsAndHashCode_signedZeroConsistency_oe
commons-geometry_1167,"@Test
    void testToString_oe() {
        // arrange
        final Vector2D v = Vector2D.of(1, 2);
        final Pattern pattern = Pattern.compile(""\\(1.{0,2}, 2.{0,2}\\)"");

        // act
        final String str = v.toString();

        // assert
        Assertions.assertTrue(pattern.matcher(str).matches(), ""Expected string "" + str + "" to match regex "" + pattern);
    }",Vector2DTest::testToString_oe
commons-geometry_1168,"@Test
    void testParse_failure_oe() {
        // act/assert
        Assertions.assertThrows(IllegalArgumentException.class, () -> Vector2D.parse(""abc""));
    }",Vector2DTest::testParse_failure_oe
commons-geometry_1169,"@Test
    void testOf_arrayArg_invalidDimensions_oe() {
        // act/assert
        Assertions.assertThrows(IllegalArgumentException.class,     () -> Vector2D.of(new double[] {0.0}));
    }",Vector2DTest::testOf_arrayArg_invalidDimensions_oe
commons-geometry_1170,"@Test
    void testUnitFrom_vector_oe() {
        // arrange
        final double invSqrt2 = 1.0 / Math.sqrt(2.0);
        final Vector2D vec = Vector2D.of(2.0, -2.0);
        final Vector2D.Unit unitVec = Vector2D.Unit.from(2.0, -2.0);

        // act/assert
        checkVector(Vector2D.Unit.from(vec), invSqrt2, -invSqrt2);
        Assertions.assertSame(unitVec, Vector2D.Unit.from(unitVec));
    }",Vector2DTest::testUnitFrom_vector_oe
commons-geometry_1171,"@Test
    void testUnitFrom_illegalNorm_oe() {

        Assertions.assertThrows(IllegalArgumentException.class, () -> Vector2D.Unit.from(0.0, 0.0));
        Assertions.assertThrows(IllegalArgumentException.class, () -> Vector2D.Unit.from(Double.NaN, 1.0));
        Assertions.assertThrows(IllegalArgumentException.class, () -> Vector2D.Unit.from(1.0, Double.NEGATIVE_INFINITY));
        Assertions.assertThrows(IllegalArgumentException.class, () -> Vector2D.Unit.from(1.0, Double.POSITIVE_INFINITY));
    }",Vector2DTest::testUnitFrom_illegalNorm_oe
commons-geometry_1172,"@Test
    void testMax_oe() {
        // act/assert
        EuclideanTestUtils.assertCoordinatesEqual(Vector2D.of(-100, 1),
                Vector2D.max(Collections.singletonList(Vector2D.of(-100, 1))), EPS);

        EuclideanTestUtils.assertCoordinatesEqual(Vector2D.of(0, 1),
                Vector2D.max(Arrays.asList(Vector2D.of(-100, 1), Vector2D.of(0, 1))), EPS);

        EuclideanTestUtils.assertCoordinatesEqual(Vector2D.of(-1, 0),
                Vector2D.max(Vector2D.of(-2, 0), Vector2D.of(-1, -5), Vector2D.of(-10, -10)), EPS);
    }",Vector2DTest::testMax_oe
commons-geometry_1173,"@Test
    void testMax_noPointsGiven_oe() {
        // arrange
        final String msg = ""Cannot compute vector max: no vectors given"";

        // act/assert
        GeometryTestUtils.assertThrowsWithMessage(() -> {
            Vector2D.max(new ArrayList<>());
        }, IllegalArgumentException.class, msg);
    }",Vector2DTest::testMax_noPointsGiven_oe
commons-geometry_1174,"@Test
    void testMin_oe() {
        // act/assert
        EuclideanTestUtils.assertCoordinatesEqual(Vector2D.of(-100, 1),
                Vector2D.min(Collections.singletonList(Vector2D.of(-100, 1))), EPS);

        EuclideanTestUtils.assertCoordinatesEqual(Vector2D.of(-100, 1),
                Vector2D.min(Arrays.asList(Vector2D.of(-100, 1), Vector2D.of(0, 1))), EPS);

        EuclideanTestUtils.assertCoordinatesEqual(Vector2D.of(-10, -10),
                Vector2D.min(Vector2D.of(-2, 0), Vector2D.of(-1, -5), Vector2D.of(-10, -10)), EPS);
    }",Vector2DTest::testMin_oe
commons-geometry_1175,"@Test
    void testMin_noPointsGiven_oe() {
        // arrange
        final String msg = ""Cannot compute vector min: no vectors given"";

        // act/assert
        GeometryTestUtils.assertThrowsWithMessage(() -> {
            Vector2D.min(new ArrayList<>());
        }, IllegalArgumentException.class, msg);
    }",Vector2DTest::testMin_noPointsGiven_oe
commons-geometry_1176,"@Test
    void testCentroid_oe() {
        // act/assert
        EuclideanTestUtils.assertCoordinatesEqual(Vector2D.of(1, 2),
                Vector2D.centroid(Vector2D.of(1, 2)), EPS);

        EuclideanTestUtils.assertCoordinatesEqual(Vector2D.of(2.5, 3.5),
                Vector2D.centroid(Vector2D.of(1, 2), Vector2D.of(2, 3),
                        Vector2D.of(3, 4), Vector2D.of(4, 5)), EPS);

        EuclideanTestUtils.assertCoordinatesEqual(Vector2D.of(1, 2),
                Vector2D.centroid(Collections.singletonList(Vector2D.of(1, 2))), EPS);

        EuclideanTestUtils.assertCoordinatesEqual(Vector2D.of(0.5, 1),
                Vector2D.centroid(Arrays.asList(Vector2D.of(1, 2), Vector2D.of(1, 2),
                        Vector2D.ZERO, Vector2D.ZERO)), EPS);
    }",Vector2DTest::testCentroid_oe
commons-geometry_1177,"@Test
    void testCentroid_noPointsGiven_oe() {
        // arrange
        final String msg = ""Cannot compute centroid: no points given"";

        // act/assert
        GeometryTestUtils.assertThrowsWithMessage(() -> {
            Vector2D.centroid(new ArrayList<>());
        }, IllegalArgumentException.class, msg);
    }",Vector2DTest::testCentroid_noPointsGiven_oe
commons-geometry_1178,"@Test
    void testUnitFactoryOptimization_oe() {
        // An already normalized vector will avoid unnecessary creation.
        final Vector2D v = Vector2D.of(4, 5).normalize();
        Assertions.assertSame(v, v.normalize());
    }",Vector2DTest::testUnitFactoryOptimization_oe
commons-geometry_1179,"@Test
    void testFromPoints_pointsTooClose_oe() {
        // act/assert
        GeometryTestUtils.assertThrowsWithMessage(() -> Lines.fromPoints(Vector2D.Unit.PLUS_X, Vector2D.Unit.PLUS_X, TEST_PRECISION),
                IllegalArgumentException.class, ""Line direction cannot be zero"");
        GeometryTestUtils.assertThrowsWithMessage(() -> Lines.fromPoints(Vector2D.Unit.PLUS_X, Vector2D.of(1 + 1e-11, 1e-11), TEST_PRECISION),
                IllegalArgumentException.class, ""Line direction cannot be zero"");
    }",LineTest::testFromPoints_pointsTooClose_oe
commons-geometry_1180,"@Test
    void testFromPointAndDirection_directionIsZero_oe() {
        // act/assert
        GeometryTestUtils.assertThrowsWithMessage(() -> Lines.fromPointAndDirection(Vector2D.Unit.PLUS_X, Vector2D.ZERO, TEST_PRECISION),
                IllegalArgumentException.class, ""Line direction cannot be zero"");
        GeometryTestUtils.assertThrowsWithMessage(() -> Lines.fromPointAndDirection(Vector2D.Unit.PLUS_X, Vector2D.of(1e-11, -1e-12), TEST_PRECISION),
                IllegalArgumentException.class, ""Line direction cannot be zero"");
    }",LineTest::testFromPointAndDirection_directionIsZero_oe
commons-geometry_1181,"@Test
    void testGetAngle_oe() {
        // arrange
        final Vector2D vec = Vector2D.of(1, 2);

        for (double theta = -4 * Math.PI; theta < 2 * Math.PI; theta += 0.1) {
            final Line line = Lines.fromPointAndAngle(vec, theta, TEST_PRECISION);

            // act/assert
            Assertions.assertEquals(Angle.Rad.WITHIN_0_AND_2PI.applyAsDouble(theta),line.getAngle(),TEST_EPS);
        }
    }",LineTest::testGetAngle_oe
commons-geometry_1182,"@Test
    void testGetAngle_multiplesOfPi_oe() {
        // arrange
        final Vector2D vec = Vector2D.of(-1, -2);

        // act/assert
        Assertions.assertEquals(0, Lines.fromPointAndAngle(vec, 0.0, TEST_PRECISION).getAngle(), TEST_EPS);
        Assertions.assertEquals(Math.PI, Lines.fromPointAndAngle(vec, Math.PI, TEST_PRECISION).getAngle(), TEST_EPS);
        Assertions.assertEquals(0, Lines.fromPointAndAngle(vec, Angle.TWO_PI, TEST_PRECISION).getAngle(), TEST_EPS);

        Assertions.assertEquals(0, Lines.fromPointAndAngle(vec, -2 * Math.PI, TEST_PRECISION).getAngle(), TEST_EPS);
        Assertions.assertEquals(Math.PI, Lines.fromPointAndAngle(vec, -3 * Math.PI, TEST_PRECISION).getAngle(), TEST_EPS);
        Assertions.assertEquals(0, Lines.fromPointAndAngle(vec, -4 * Angle.TWO_PI, TEST_PRECISION).getAngle(), TEST_EPS);
    }",LineTest::testGetAngle_multiplesOfPi_oe
commons-geometry_1183,"@Test
    void testGetDirection_oe() {
        // act/assert
        EuclideanTestUtils.assertCoordinatesEqual(Vector2D.Unit.PLUS_X,
                Lines.fromPoints(Vector2D.of(0, 0), Vector2D.of(1, 0), TEST_PRECISION).getDirection(), TEST_EPS);
        EuclideanTestUtils.assertCoordinatesEqual(Vector2D.Unit.MINUS_Y,
                Lines.fromPoints(Vector2D.of(0, 1), Vector2D.of(0, -1), TEST_PRECISION).getDirection(), TEST_EPS);

        EuclideanTestUtils.assertCoordinatesEqual(Vector2D.Unit.MINUS_X,
                Lines.fromPoints(Vector2D.of(2, 2), Vector2D.of(1, 2), TEST_PRECISION).getDirection(), TEST_EPS);
        EuclideanTestUtils.assertCoordinatesEqual(Vector2D.Unit.PLUS_X,
                Lines.fromPoints(Vector2D.of(10, -2), Vector2D.of(10.1, -2), TEST_PRECISION).getDirection(), TEST_EPS);

        EuclideanTestUtils.assertCoordinatesEqual(Vector2D.Unit.MINUS_Y,
                Lines.fromPoints(Vector2D.of(3, 2), Vector2D.of(3, 1), TEST_PRECISION).getDirection(), TEST_EPS);
        EuclideanTestUtils.assertCoordinatesEqual(Vector2D.Unit.PLUS_Y,
                Lines.fromPoints(Vector2D.of(-3, 10), Vector2D.of(-3, 10.1), TEST_PRECISION).getDirection(), TEST_EPS);

        EuclideanTestUtils.assertCoordinatesEqual(Vector2D.of(1, -1).normalize(),
                Lines.fromPoints(Vector2D.of(0, 2), Vector2D.of(2, 0), TEST_PRECISION).getDirection(), TEST_EPS);
        EuclideanTestUtils.assertCoordinatesEqual(Vector2D.of(-1, 1).normalize(),
                Lines.fromPoints(Vector2D.of(2, 0), Vector2D.of(0, 2), TEST_PRECISION).getDirection(), TEST_EPS);
    }",LineTest::testGetDirection_oe
commons-geometry_1184,"@Test
    void testGetOffsetDirection_oe() {
        // act/assert
        EuclideanTestUtils.assertCoordinatesEqual(Vector2D.Unit.MINUS_Y,
                Lines.fromPoints(Vector2D.of(0, 0), Vector2D.of(1, 0), TEST_PRECISION).getOffsetDirection(), TEST_EPS);
        EuclideanTestUtils.assertCoordinatesEqual(Vector2D.Unit.MINUS_X,
                Lines.fromPoints(Vector2D.of(0, 1), Vector2D.of(0, -1), TEST_PRECISION).getOffsetDirection(), TEST_EPS);

        EuclideanTestUtils.assertCoordinatesEqual(Vector2D.Unit.PLUS_Y,
                Lines.fromPoints(Vector2D.of(2, 2), Vector2D.of(1, 2), TEST_PRECISION).getOffsetDirection(), TEST_EPS);
        EuclideanTestUtils.assertCoordinatesEqual(Vector2D.Unit.MINUS_Y,
                Lines.fromPoints(Vector2D.of(10, -2), Vector2D.of(10.1, -2), TEST_PRECISION).getOffsetDirection(), TEST_EPS);

        EuclideanTestUtils.assertCoordinatesEqual(Vector2D.Unit.MINUS_X,
                Lines.fromPoints(Vector2D.of(3, 2), Vector2D.of(3, 1), TEST_PRECISION).getOffsetDirection(), TEST_EPS);
        EuclideanTestUtils.assertCoordinatesEqual(Vector2D.Unit.PLUS_X,
                Lines.fromPoints(Vector2D.of(-3, 10), Vector2D.of(-3, 10.1), TEST_PRECISION).getOffsetDirection(), TEST_EPS);

        EuclideanTestUtils.assertCoordinatesEqual(Vector2D.of(-1, -1).normalize(),
                Lines.fromPoints(Vector2D.of(0, 2), Vector2D.of(2, 0), TEST_PRECISION).getOffsetDirection(), TEST_EPS);
        EuclideanTestUtils.assertCoordinatesEqual(Vector2D.of(1, 1).normalize(),
                Lines.fromPoints(Vector2D.of(2, 0), Vector2D.of(0, 2), TEST_PRECISION).getOffsetDirection(), TEST_EPS);
    }",LineTest::testGetOffsetDirection_oe
commons-geometry_1185,"@Test
    void testGetOrigin_oe() {
        // act/assert
        EuclideanTestUtils.assertCoordinatesEqual(Vector2D.ZERO,
                Lines.fromPoints(Vector2D.of(0, 0), Vector2D.of(1, 0), TEST_PRECISION).getOrigin(), TEST_EPS);
        EuclideanTestUtils.assertCoordinatesEqual(Vector2D.ZERO,
                Lines.fromPoints(Vector2D.of(0, 1), Vector2D.of(0, -1), TEST_PRECISION).getOrigin(), TEST_EPS);

        EuclideanTestUtils.assertCoordinatesEqual(Vector2D.of(0, 2),
                Lines.fromPoints(Vector2D.of(2, 2), Vector2D.of(3, 2), TEST_PRECISION).getOrigin(), TEST_EPS);
        EuclideanTestUtils.assertCoordinatesEqual(Vector2D.of(0, -2),
                Lines.fromPoints(Vector2D.of(10, -2), Vector2D.of(10.1, -2), TEST_PRECISION).getOrigin(), TEST_EPS);

        EuclideanTestUtils.assertCoordinatesEqual(Vector2D.of(3, 0),
                Lines.fromPoints(Vector2D.of(3, 2), Vector2D.of(3, 1), TEST_PRECISION).getOrigin(), TEST_EPS);
        EuclideanTestUtils.assertCoordinatesEqual(Vector2D.of(-3, 0),
                Lines.fromPoints(Vector2D.of(-3, 10), Vector2D.of(-3, 10.1), TEST_PRECISION).getOrigin(), TEST_EPS);

        EuclideanTestUtils.assertCoordinatesEqual(Vector2D.of(1, 1),
                Lines.fromPoints(Vector2D.of(0, 2), Vector2D.of(2, 0), TEST_PRECISION).getOrigin(), TEST_EPS);
        EuclideanTestUtils.assertCoordinatesEqual(Vector2D.of(1, 1),
                Lines.fromPoints(Vector2D.of(2, 0), Vector2D.of(0, 2), TEST_PRECISION).getOrigin(), TEST_EPS);
    }",LineTest::testGetOrigin_oe
commons-geometry_1186,"@Test
    void testGetOriginOffset_oe() {
        // arrange
        final double sqrt2 = Math.sqrt(2);

        // act/assert
        Assertions.assertEquals(0.0,Lines.fromPoints(Vector2D.of(0,0),Vector2D.of(1,1),TEST_PRECISION).getOriginOffset(),TEST_EPS);
        Assertions.assertEquals(0.0,Lines.fromPoints(Vector2D.of(0,0),Vector2D.of(-1,-1),TEST_PRECISION).getOriginOffset(),TEST_EPS);

        Assertions.assertEquals(sqrt2,Lines.fromPoints(Vector2D.of(-1,1),Vector2D.of(0,2),TEST_PRECISION).getOriginOffset(),TEST_EPS);
        Assertions.assertEquals(-sqrt2,Lines.fromPoints(Vector2D.of(0,-2),Vector2D.of(1,-1),TEST_PRECISION).getOriginOffset(),TEST_EPS);

        Assertions.assertEquals(-sqrt2,Lines.fromPoints(Vector2D.of(0,2),Vector2D.of(-1,1),TEST_PRECISION).getOriginOffset(),TEST_EPS);
        Assertions.assertEquals(sqrt2,Lines.fromPoints(Vector2D.of(1,-1),Vector2D.of(0,-2),TEST_PRECISION).getOriginOffset(),TEST_EPS);
    }",LineTest::testGetOriginOffset_oe
commons-geometry_1187,"@Test
    void testGetPrecision_oe() {
        // act/assert
        Assertions.assertSame(TEST_PRECISION, Lines.fromPoints(Vector2D.ZERO, Vector2D.Unit.PLUS_X, TEST_PRECISION).getPrecision());
        Assertions.assertSame(TEST_PRECISION, Lines.fromPointAndDirection(Vector2D.ZERO, Vector2D.Unit.PLUS_X, TEST_PRECISION).getPrecision());
        Assertions.assertSame(TEST_PRECISION, Lines.fromPointAndAngle(Vector2D.ZERO, 0, TEST_PRECISION).getPrecision());
    }",LineTest::testGetPrecision_oe
commons-geometry_1188,"@Test
    void testReverse_oe() {
        // arrange
        final Vector2D pt = Vector2D.of(0, 1);
        final Vector2D dir = Vector2D.Unit.PLUS_X;
        final Line line = Lines.fromPointAndDirection(pt, dir, TEST_PRECISION);

        // act
        final Line reversed = line.reverse();
        final Line doubleReversed = reversed.reverse();

        // assert
        checkLine(reversed, pt, dir.negate());
        Assertions.assertEquals(-1, reversed.getOriginOffset(), TEST_EPS);

        checkLine(doubleReversed, pt, dir);
        Assertions.assertEquals(1, doubleReversed.getOriginOffset(), TEST_EPS);
    }",LineTest::testReverse_oe
commons-geometry_1189,"@Test
    void testAbscissa_oe() {
        // arrange
        final Line line = Lines.fromPoints(Vector2D.of(-2, -2), Vector2D.of(2, 1), TEST_PRECISION);

        // act/assert
        Assertions.assertEquals(0.0, line.abscissa(Vector2D.of(-3, 4)), TEST_EPS);
        Assertions.assertEquals(0.0, line.abscissa(Vector2D.of(3, -4)), TEST_EPS);
        Assertions.assertEquals(5.0, line.abscissa(Vector2D.of(7, -1)), TEST_EPS);
        Assertions.assertEquals(-5.0, line.abscissa(Vector2D.of(-1, -7)), TEST_EPS);
    }",LineTest::testAbscissa_oe
commons-geometry_1190,"@Test
    void testToSubspace_oe() {
        // arrange
        final Line line = Lines.fromPoints(Vector2D.of(2, 1), Vector2D.of(-2, -2), TEST_PRECISION);

        // act/assert
        Assertions.assertEquals(0.0, line.toSubspace(Vector2D.of(-3, 4)).getX(), TEST_EPS);
        Assertions.assertEquals(0.0, line.toSubspace(Vector2D.of(3, -4)).getX(), TEST_EPS);
        Assertions.assertEquals(-5.0, line.toSubspace(Vector2D.of(7, -1)).getX(), TEST_EPS);
        Assertions.assertEquals(5.0, line.toSubspace(Vector2D.of(-1, -7)).getX(), TEST_EPS);
    }",LineTest::testToSubspace_oe
commons-geometry_1191,"@Test
    void testToSpace_throughOrigin_oe() {
        // arrange
        final double invSqrt2 = 1 / Math.sqrt(2);
        final Vector2D dir = Vector2D.of(invSqrt2, invSqrt2);

        final Line line = Lines.fromPoints(Vector2D.ZERO, Vector2D.of(1, 1), TEST_PRECISION);

        // act/assert
        EuclideanTestUtils.assertCoordinatesEqual(Vector2D.ZERO, line.toSpace(Vector1D.of(0)), TEST_EPS);

        for (int i = 0; i < 100; ++i) {
            EuclideanTestUtils.assertCoordinatesEqual(dir.multiply(i), line.toSpace(Vector1D.of(i)), TEST_EPS);
            EuclideanTestUtils.assertCoordinatesEqual(dir.multiply(-i), line.toSpace(Vector1D.of(-i)), TEST_EPS);
        }
    }",LineTest::testToSpace_throughOrigin_oe
commons-geometry_1192,"@Test
    void testToSpace_offsetFromOrigin_oe() {
        // arrange
        final double angle = Math.PI / 6;
        final double cos = Math.cos(angle);
        final double sin = Math.sin(angle);
        final Vector2D pt = Vector2D.of(-5, 0);

        final double h = Math.abs(pt.getX()) * cos;
        final double d = h * cos;
        final Vector2D origin = Vector2D.of(
                    pt.getX() + d,
                    h * sin
                );
        final Vector2D dir = Vector2D.of(cos, sin);

        final Line line = Lines.fromPointAndAngle(pt, angle, TEST_PRECISION);

        // act/assert
        EuclideanTestUtils.assertCoordinatesEqual(origin, line.toSpace(Vector1D.of(0)), TEST_EPS);

        for (int i = 0; i < 100; ++i) {
            EuclideanTestUtils.assertCoordinatesEqual(origin.add(dir.multiply(i)), line.toSpace(Vector1D.of(i)), TEST_EPS);
            EuclideanTestUtils.assertCoordinatesEqual(origin.add(dir.multiply(-i)), line.toSpace(Vector1D.of(-i)), TEST_EPS);
        }
    }",LineTest::testToSpace_offsetFromOrigin_oe
commons-geometry_1193,"@Test
    void testIntersection_oe() {
        // arrange
        final Line a = Lines.fromPointAndDirection(Vector2D.ZERO, Vector2D.Unit.PLUS_X, TEST_PRECISION);
        final Line b = Lines.fromPointAndDirection(Vector2D.ZERO, Vector2D.Unit.PLUS_Y, TEST_PRECISION);
        final Line c = Lines.fromPointAndDirection(Vector2D.of(0, 2), Vector2D.of(2, 1), TEST_PRECISION);
        final Line d = Lines.fromPointAndDirection(Vector2D.of(0, -1), Vector2D.of(2, -1), TEST_PRECISION);

        // act/assert
        EuclideanTestUtils.assertCoordinatesEqual(Vector2D.ZERO, a.intersection(b), TEST_EPS);
        EuclideanTestUtils.assertCoordinatesEqual(Vector2D.ZERO, b.intersection(a), TEST_EPS);

        EuclideanTestUtils.assertCoordinatesEqual(Vector2D.of(-4, 0), a.intersection(c), TEST_EPS);
        EuclideanTestUtils.assertCoordinatesEqual(Vector2D.of(-4, 0), c.intersection(a), TEST_EPS);

        EuclideanTestUtils.assertCoordinatesEqual(Vector2D.of(-2, 0), a.intersection(d), TEST_EPS);
        EuclideanTestUtils.assertCoordinatesEqual(Vector2D.of(-2, 0), d.intersection(a), TEST_EPS);

        EuclideanTestUtils.assertCoordinatesEqual(Vector2D.of(0, 2), b.intersection(c), TEST_EPS);
        EuclideanTestUtils.assertCoordinatesEqual(Vector2D.of(0, 2), c.intersection(b), TEST_EPS);

        EuclideanTestUtils.assertCoordinatesEqual(Vector2D.of(0, -1), b.intersection(d), TEST_EPS);
        EuclideanTestUtils.assertCoordinatesEqual(Vector2D.of(0, -1), d.intersection(b), TEST_EPS);

        EuclideanTestUtils.assertCoordinatesEqual(Vector2D.of(-3, 0.5), c.intersection(d), TEST_EPS);
        EuclideanTestUtils.assertCoordinatesEqual(Vector2D.of(-3, 0.5), d.intersection(c), TEST_EPS);
    }",LineTest::testIntersection_oe
commons-geometry_1194,"@Test
    void testIntersection_parallel_oe() {
        // arrange
        final Line a = Lines.fromPointAndDirection(Vector2D.ZERO, Vector2D.Unit.PLUS_X, TEST_PRECISION);
        final Line b = Lines.fromPointAndDirection(Vector2D.of(0, 1), Vector2D.Unit.PLUS_X, TEST_PRECISION);

        final Line c = Lines.fromPointAndDirection(Vector2D.of(0, 2), Vector2D.of(2, 1), TEST_PRECISION);
        final Line d = Lines.fromPointAndDirection(Vector2D.of(0, -1), Vector2D.of(2, 1), TEST_PRECISION);

        // act/assert
        Assertions.assertNull(a.intersection(b));
        Assertions.assertNull(b.intersection(a));

        Assertions.assertNull(c.intersection(d));
        Assertions.assertNull(d.intersection(c));
    }",LineTest::testIntersection_parallel_oe
commons-geometry_1195,"@Test
    void testIntersection_coincident_oe() {
        // arrange
        final Line a = Lines.fromPointAndDirection(Vector2D.ZERO, Vector2D.Unit.PLUS_X, TEST_PRECISION);
        final Line b = Lines.fromPointAndDirection(Vector2D.ZERO, Vector2D.Unit.PLUS_X, TEST_PRECISION);

        final Line c = Lines.fromPointAndDirection(Vector2D.of(0, 2), Vector2D.of(2, 1), TEST_PRECISION);
        final Line d = Lines.fromPointAndDirection(Vector2D.of(0, 2), Vector2D.of(2, 1), TEST_PRECISION);

        // act/assert
        Assertions.assertNull(a.intersection(b));
        Assertions.assertNull(b.intersection(a));

        Assertions.assertNull(c.intersection(d));
        Assertions.assertNull(d.intersection(c));
    }",LineTest::testIntersection_coincident_oe
commons-geometry_1196,"@Test
    void testAngle_oe() {
        // arrange
        final Line a = Lines.fromPointAndAngle(Vector2D.ZERO, 0.0, TEST_PRECISION);
        final Line b = Lines.fromPointAndAngle(Vector2D.of(1, 4), Math.PI, TEST_PRECISION);
        final Line c = Lines.fromPointAndDirection(Vector2D.of(1, 1), Vector2D.of(2, 2), TEST_PRECISION);

        // act/assert
        Assertions.assertEquals(0.0, a.angle(a), TEST_EPS);
        Assertions.assertEquals(-Math.PI, a.angle(b), TEST_EPS);
        Assertions.assertEquals(0.25 * Math.PI, a.angle(c), TEST_EPS);

        Assertions.assertEquals(0.0, b.angle(b), TEST_EPS);
        Assertions.assertEquals(-Math.PI, b.angle(a), TEST_EPS);
        Assertions.assertEquals(-0.75 * Math.PI, b.angle(c), TEST_EPS);

        Assertions.assertEquals(0.0, c.angle(c), TEST_EPS);
        Assertions.assertEquals(-0.25 * Math.PI, c.angle(a), TEST_EPS);
        Assertions.assertEquals(0.75 * Math.PI, c.angle(b), TEST_EPS);
    }",LineTest::testAngle_oe
commons-geometry_1197,"@Test
    void testProject_oe() {
        // --- arrange
        final Line xAxis = Lines.fromPointAndDirection(Vector2D.ZERO, Vector2D.Unit.PLUS_X, TEST_PRECISION);
        final Line yAxis = Lines.fromPointAndDirection(Vector2D.ZERO, Vector2D.Unit.PLUS_Y, TEST_PRECISION);

        final double diagonalYIntercept = 1;
        final Vector2D diagonalDir = Vector2D.of(1, 2);
        final Line diagonal = Lines.fromPointAndDirection(Vector2D.of(0, diagonalYIntercept), diagonalDir, TEST_PRECISION);

        EuclideanTestUtils.permute(-5, 5, 0.5, (x, y) -> {
            final Vector2D pt = Vector2D.of(x, y);

            // --- act/assert
            EuclideanTestUtils.assertCoordinatesEqual(Vector2D.of(x, 0), xAxis.project(pt), TEST_EPS);
            EuclideanTestUtils.assertCoordinatesEqual(Vector2D.of(0, y), yAxis.project(pt), TEST_EPS);

            final Vector2D diagonalPt = diagonal.project(pt);
            Assertions.assertTrue(diagonal.contains(diagonalPt));
            Assertions.assertEquals(diagonal.distance(pt), pt.distance(diagonalPt), TEST_EPS);

            // check that y = mx + b is true
            Assertions.assertEquals(diagonalPt.getY(),(diagonalDir.getY()* diagonalPt.getX()/ diagonalDir.getX())+ diagonalYIntercept,TEST_EPS);
        });
    }",LineTest::testProject_oe
commons-geometry_1198,"@Test
    void testSpan_oe() {
        // arrange
        final Line line = Lines.fromPoints(Vector2D.ZERO, Vector2D.Unit.PLUS_X, TEST_PRECISION);

        // act
        final LineConvexSubset result = line.span();

        // assert
        Assertions.assertSame(line, result.getHyperplane());
        Assertions.assertSame(line, result.getLine());
    }",LineTest::testSpan_oe
commons-geometry_1199,"@Test
    void testSegment_doubles_oe() {
        // arrange
        final Line line = Lines.fromPointAndAngle(Vector2D.of(0, 1), 0.0, TEST_PRECISION);

        // act
        final Segment segment = line.segment(1, 2);

        // assert
        Assertions.assertSame(line, segment.getLine());
        EuclideanTestUtils.assertCoordinatesEqual(Vector2D.of(1, 1), segment.getStartPoint(), TEST_EPS);
        EuclideanTestUtils.assertCoordinatesEqual(Vector2D.of(2, 1), segment.getEndPoint(), TEST_EPS);
    }",LineTest::testSegment_doubles_oe
commons-geometry_1200,"@Test
    void testSegment_pointsOnLine_oe() {
        // arrange
        final Line line = Lines.fromPointAndAngle(Vector2D.of(0, 1), 0.0, TEST_PRECISION);

        // act
        final Segment segment = line.segment(Vector2D.of(3, 1), Vector2D.of(2, 1));

        // assert
        Assertions.assertSame(line, segment.getLine());
        EuclideanTestUtils.assertCoordinatesEqual(Vector2D.of(2, 1), segment.getStartPoint(), TEST_EPS);
        EuclideanTestUtils.assertCoordinatesEqual(Vector2D.of(3, 1), segment.getEndPoint(), TEST_EPS);
    }",LineTest::testSegment_pointsOnLine_oe
commons-geometry_1201,"@Test
    void testSegment_pointsProjectedOnLine_oe() {
        // arrange
        final Line line = Lines.fromPointAndAngle(Vector2D.of(0, 1), 0.0, TEST_PRECISION);

        // act
        final Segment segment = line.segment(Vector2D.of(-3, 2), Vector2D.of(2, -1));

        // assert
        Assertions.assertSame(line, segment.getLine());
        EuclideanTestUtils.assertCoordinatesEqual(Vector2D.of(-3, 1), segment.getStartPoint(), TEST_EPS);
        EuclideanTestUtils.assertCoordinatesEqual(Vector2D.of(2, 1), segment.getEndPoint(), TEST_EPS);
    }",LineTest::testSegment_pointsProjectedOnLine_oe
commons-geometry_1202,"@Test
    void testLineTo_pointOnLine_oe() {
        // arrange
        final Line line = Lines.fromPointAndAngle(Vector2D.of(0, 1), Math.PI, TEST_PRECISION);

        // act
        final ReverseRay halfLine = line.reverseRayTo(Vector2D.of(-3, 1));

        // assert
        Assertions.assertSame(line, halfLine.getLine());
        Assertions.assertTrue(halfLine.isInfinite());
        Assertions.assertNull(halfLine.getStartPoint());
        EuclideanTestUtils.assertCoordinatesEqual(Vector2D.of(-3, 1), halfLine.getEndPoint(), TEST_EPS);

        Assertions.assertTrue(halfLine.contains(Vector2D.of(1, 1)));
        Assertions.assertFalse(halfLine.contains(Vector2D.of(-4, 1)));
    }",LineTest::testLineTo_pointOnLine_oe
commons-geometry_1203,"@Test
    void testLineTo_pointProjectedOnLine_oe() {
        // arrange
        final Line line = Lines.fromPointAndAngle(Vector2D.of(0, 1), Math.PI, TEST_PRECISION);

        // act
        final ReverseRay halfLine = line.reverseRayTo(Vector2D.of(-3, 5));

        // assert
        Assertions.assertSame(line, halfLine.getLine());
        Assertions.assertTrue(halfLine.isInfinite());
        Assertions.assertNull(halfLine.getStartPoint());
        EuclideanTestUtils.assertCoordinatesEqual(Vector2D.of(-3, 1), halfLine.getEndPoint(), TEST_EPS);

        Assertions.assertTrue(halfLine.contains(Vector2D.of(1, 1)));
        Assertions.assertFalse(halfLine.contains(Vector2D.of(-4, 1)));
    }",LineTest::testLineTo_pointProjectedOnLine_oe
commons-geometry_1204,"@Test
    void testLineTo_double_oe() {
        // arrange
        final Line line = Lines.fromPointAndAngle(Vector2D.of(0, 1), Math.PI, TEST_PRECISION);

        // act
        final ReverseRay halfLine = line.reverseRayTo(-1);

        // assert
        Assertions.assertSame(line, halfLine.getLine());
        Assertions.assertTrue(halfLine.isInfinite());
        Assertions.assertNull(halfLine.getStartPoint());
        EuclideanTestUtils.assertCoordinatesEqual(Vector2D.of(1, 1), halfLine.getEndPoint(), TEST_EPS);

        Assertions.assertTrue(halfLine.contains(Vector2D.of(2, 1)));
        Assertions.assertFalse(halfLine.contains(Vector2D.of(-4, 1)));
    }",LineTest::testLineTo_double_oe
commons-geometry_1205,"@Test
    void testRayFrom_pointOnLine_oe() {
        // arrange
        final Line line = Lines.fromPointAndAngle(Vector2D.of(0, 1), Math.PI, TEST_PRECISION);

        // act
        final Ray ray = line.rayFrom(Vector2D.of(-3, 1));

        // assert
        Assertions.assertSame(line, ray.getLine());
        Assertions.assertTrue(ray.isInfinite());
        EuclideanTestUtils.assertCoordinatesEqual(Vector2D.of(-3, 1), ray.getStartPoint(), TEST_EPS);
        Assertions.assertNull(ray.getEndPoint());

        Assertions.assertFalse(ray.contains(Vector2D.of(1, 1)));
        Assertions.assertTrue(ray.contains(Vector2D.of(-4, 1)));
    }",LineTest::testRayFrom_pointOnLine_oe
commons-geometry_1206,"@Test
    void testRayFrom_pointProjectedOnLine_oe() {
        // arrange
        final Line line = Lines.fromPointAndAngle(Vector2D.of(0, 1), Math.PI, TEST_PRECISION);

        // act
        final Ray ray = line.rayFrom(Vector2D.of(-3, 5));

        // assert
        Assertions.assertSame(line, ray.getLine());
        Assertions.assertTrue(ray.isInfinite());
        EuclideanTestUtils.assertCoordinatesEqual(Vector2D.of(-3, 1), ray.getStartPoint(), TEST_EPS);
        Assertions.assertNull(ray.getEndPoint());

        Assertions.assertFalse(ray.contains(Vector2D.of(1, 1)));
        Assertions.assertTrue(ray.contains(Vector2D.of(-4, 1)));
    }",LineTest::testRayFrom_pointProjectedOnLine_oe
commons-geometry_1207,"@Test
    void testRayFrom_double_oe() {
        // arrange
        final Line line = Lines.fromPointAndAngle(Vector2D.of(0, 1), Math.PI, TEST_PRECISION);

        // act
        final Ray ray = line.rayFrom(-1);

        // assert
        Assertions.assertSame(line, ray.getLine());
        Assertions.assertTrue(ray.isInfinite());
        EuclideanTestUtils.assertCoordinatesEqual(Vector2D.of(1, 1), ray.getStartPoint(), TEST_EPS);
        Assertions.assertNull(ray.getEndPoint());

        Assertions.assertFalse(ray.contains(Vector2D.of(2, 1)));
        Assertions.assertTrue(ray.contains(Vector2D.of(-4, 1)));
    }",LineTest::testRayFrom_double_oe
commons-geometry_1208,"@Test
    void testOffset_parallelLines_oe() {
        // arrange
        final double dist = Math.sin(Math.atan2(2, 1));

        final Line a = Lines.fromPoints(Vector2D.of(-2, 0), Vector2D.of(0, 4), TEST_PRECISION);
        final Line b = Lines.fromPoints(Vector2D.of(-3, 0), Vector2D.of(0, 6), TEST_PRECISION);
        final Line c = Lines.fromPoints(Vector2D.of(-1, 0), Vector2D.of(0, 2), TEST_PRECISION);
        final Line d = Lines.fromPoints(Vector2D.of(1, 0), Vector2D.of(0, -2), TEST_PRECISION);

        // act/assert
        Assertions.assertEquals(-dist, a.offset(b), TEST_EPS);
        Assertions.assertEquals(dist, b.offset(a), TEST_EPS);

        Assertions.assertEquals(dist, a.offset(c), TEST_EPS);
        Assertions.assertEquals(-dist, c.offset(a), TEST_EPS);

        Assertions.assertEquals(3 * dist, a.offset(d), TEST_EPS);
        Assertions.assertEquals(3 * dist, d.offset(a), TEST_EPS);
    }",LineTest::testOffset_parallelLines_oe
commons-geometry_1209,"@Test
    void testOffset_coincidentLines_oe() {
        // arrange
        final Line a = Lines.fromPoints(Vector2D.of(-2, 0), Vector2D.of(0, 4), TEST_PRECISION);
        final Line b = Lines.fromPoints(Vector2D.of(-2, 0), Vector2D.of(0, 4), TEST_PRECISION);
        final Line c = b.reverse();

        // act/assert
        Assertions.assertEquals(0, a.offset(a), TEST_EPS);

        Assertions.assertEquals(0, a.offset(b), TEST_EPS);
        Assertions.assertEquals(0, b.offset(a), TEST_EPS);

        Assertions.assertEquals(0, a.offset(c), TEST_EPS);
        Assertions.assertEquals(0, c.offset(a), TEST_EPS);
    }",LineTest::testOffset_coincidentLines_oe
commons-geometry_1210,"@Test
    void testOffset_nonParallelLines_oe() {
        // arrange
        final Line a = Lines.fromPoints(Vector2D.ZERO, Vector2D.Unit.PLUS_X, TEST_PRECISION);
        final Line b = Lines.fromPoints(Vector2D.ZERO, Vector2D.Unit.PLUS_Y, TEST_PRECISION);
        final Line c = Lines.fromPoints(Vector2D.of(-1, 0), Vector2D.of(0, 2), TEST_PRECISION);
        final Line d = Lines.fromPoints(Vector2D.of(1, 0), Vector2D.of(0, 4), TEST_PRECISION);

        // act/assert
        Assertions.assertEquals(0, a.offset(b), TEST_EPS);
        Assertions.assertEquals(0, b.offset(a), TEST_EPS);

        Assertions.assertEquals(0, a.offset(c), TEST_EPS);
        Assertions.assertEquals(0, c.offset(a), TEST_EPS);

        Assertions.assertEquals(0, a.offset(d), TEST_EPS);
        Assertions.assertEquals(0, d.offset(a), TEST_EPS);
    }",LineTest::testOffset_nonParallelLines_oe
commons-geometry_1211,"@Test
    void testOffset_point_oe() {
        // arrange
        final Line line = Lines.fromPoints(Vector2D.of(-1, 0), Vector2D.of(0, 2), TEST_PRECISION);
        final Line reversed = line.reverse();

        // act/assert
        Assertions.assertEquals(0.0, line.offset(Vector2D.of(-0.5, 1)), TEST_EPS);
        Assertions.assertEquals(0.0, line.offset(Vector2D.of(-1.5, -1)), TEST_EPS);
        Assertions.assertEquals(0.0, line.offset(Vector2D.of(0.5, 3)), TEST_EPS);

        final double d = Math.sin(Math.atan2(2, 1));

        Assertions.assertEquals(d, line.offset(Vector2D.ZERO), TEST_EPS);
        Assertions.assertEquals(-d, line.offset(Vector2D.of(-1, 2)), TEST_EPS);

        Assertions.assertEquals(-d, reversed.offset(Vector2D.ZERO), TEST_EPS);
        Assertions.assertEquals(d, reversed.offset(Vector2D.of(-1, 2)), TEST_EPS);
    }",LineTest::testOffset_point_oe
commons-geometry_1212,"@Test
    void testOffset_point_permute_oe() {
        // arrange
        final Line line = Lines.fromPoints(Vector2D.of(-1, 0), Vector2D.of(0, 2), TEST_PRECISION);
        final Vector2D lineOrigin = line.getOrigin();

        EuclideanTestUtils.permute(-5, 5, 0.5, (x, y) -> {
            final Vector2D pt = Vector2D.of(x, y);

            // act
            final double offset = line.offset(pt);

            // arrange
            final Vector2D vec = lineOrigin.vectorTo(pt).reject(line.getDirection());
            final double dot = vec.dot(line.getOffsetDirection());
            final double expected = Math.signum(dot) * vec.norm();

            Assertions.assertEquals(expected, offset, TEST_EPS);
        });
    }",LineTest::testOffset_point_permute_oe
commons-geometry_1213,"@Test
    void testSimilarOrientation_oe() {
        // arrange
        final Line a = Lines.fromPointAndAngle(Vector2D.ZERO, 0.0, TEST_PRECISION);
        final Line b = Lines.fromPointAndAngle(Vector2D.of(4, 5), 0.0, TEST_PRECISION);
        final Line c = Lines.fromPointAndAngle(Vector2D.of(-1, -3), 0.4 * Math.PI, TEST_PRECISION);
        final Line d = Lines.fromPointAndAngle(Vector2D.of(1, 0), -0.4 * Math.PI, TEST_PRECISION);

        final Line e = Lines.fromPointAndAngle(Vector2D.of(6, -3), Math.PI, TEST_PRECISION);
        final Line f = Lines.fromPointAndAngle(Vector2D.of(8, 5), 0.8 * Math.PI, TEST_PRECISION);
        final Line g = Lines.fromPointAndAngle(Vector2D.of(6, -3), -0.8 * Math.PI, TEST_PRECISION);

        // act/assert
        Assertions.assertTrue(a.similarOrientation(a));
        Assertions.assertTrue(a.similarOrientation(b));
        Assertions.assertTrue(b.similarOrientation(a));
        Assertions.assertTrue(a.similarOrientation(c));
        Assertions.assertTrue(c.similarOrientation(a));
        Assertions.assertTrue(a.similarOrientation(d));
        Assertions.assertTrue(d.similarOrientation(a));

        Assertions.assertFalse(c.similarOrientation(d));
        Assertions.assertFalse(d.similarOrientation(c));

        Assertions.assertTrue(e.similarOrientation(f));
        Assertions.assertTrue(f.similarOrientation(e));
        Assertions.assertTrue(e.similarOrientation(g));
        Assertions.assertTrue(g.similarOrientation(e));

        Assertions.assertFalse(a.similarOrientation(e));
        Assertions.assertFalse(e.similarOrientation(a));
    }",LineTest::testSimilarOrientation_oe
commons-geometry_1214,"@Test
    void testSimilarOrientation_orthogonal_oe() {
        // arrange
        final Line a = Lines.fromPointAndDirection(Vector2D.ZERO, Vector2D.Unit.PLUS_X, TEST_PRECISION);
        final Line b = Lines.fromPointAndDirection(Vector2D.of(4, 5), Vector2D.Unit.PLUS_Y, TEST_PRECISION);
        final Line c = Lines.fromPointAndDirection(Vector2D.of(-4, -5), Vector2D.Unit.MINUS_Y, TEST_PRECISION);

        // act/assert
        Assertions.assertTrue(a.similarOrientation(b));
        Assertions.assertTrue(b.similarOrientation(a));
        Assertions.assertTrue(a.similarOrientation(c));
        Assertions.assertTrue(c.similarOrientation(a));
    }",LineTest::testSimilarOrientation_orthogonal_oe
commons-geometry_1215,"@Test
    void testDistance_parallelLines_oe() {
        // arrange
        final double dist = Math.sin(Math.atan2(2, 1));

        final Line a = Lines.fromPoints(Vector2D.of(-2, 0), Vector2D.of(0, 4), TEST_PRECISION);
        final Line b = Lines.fromPoints(Vector2D.of(-3, 0), Vector2D.of(0, 6), TEST_PRECISION);
        final Line c = Lines.fromPoints(Vector2D.of(-1, 0), Vector2D.of(0, 2), TEST_PRECISION);
        final Line d = Lines.fromPoints(Vector2D.of(1, 0), Vector2D.of(0, -2), TEST_PRECISION);

        // act/assert
        Assertions.assertEquals(dist, a.distance(b), TEST_EPS);
        Assertions.assertEquals(dist, b.distance(a), TEST_EPS);

        Assertions.assertEquals(dist, a.distance(c), TEST_EPS);
        Assertions.assertEquals(dist, c.distance(a), TEST_EPS);

        Assertions.assertEquals(3 * dist, a.distance(d), TEST_EPS);
        Assertions.assertEquals(3 * dist, d.distance(a), TEST_EPS);
    }",LineTest::testDistance_parallelLines_oe
commons-geometry_1216,"@Test
    void testDistance_coincidentLines_oe() {
        // arrange
        final Line a = Lines.fromPoints(Vector2D.of(-2, 0), Vector2D.of(0, 4), TEST_PRECISION);
        final Line b = Lines.fromPoints(Vector2D.of(-2, 0), Vector2D.of(0, 4), TEST_PRECISION);
        final Line c = b.reverse();

        // act/assert
        Assertions.assertEquals(0, a.distance(a), TEST_EPS);

        Assertions.assertEquals(0, a.distance(b), TEST_EPS);
        Assertions.assertEquals(0, b.distance(a), TEST_EPS);

        Assertions.assertEquals(0, a.distance(c), TEST_EPS);
        Assertions.assertEquals(0, c.distance(a), TEST_EPS);
    }",LineTest::testDistance_coincidentLines_oe
commons-geometry_1217,"@Test
    void testDistance_nonParallelLines_oe() {
        // arrange
        final Line a = Lines.fromPoints(Vector2D.ZERO, Vector2D.Unit.PLUS_X, TEST_PRECISION);
        final Line b = Lines.fromPoints(Vector2D.ZERO, Vector2D.Unit.PLUS_Y, TEST_PRECISION);
        final Line c = Lines.fromPoints(Vector2D.of(-1, 0), Vector2D.of(0, 2), TEST_PRECISION);
        final Line d = Lines.fromPoints(Vector2D.of(1, 0), Vector2D.of(0, 4), TEST_PRECISION);

        // act/assert
        Assertions.assertEquals(0, a.distance(b), TEST_EPS);
        Assertions.assertEquals(0, b.distance(a), TEST_EPS);

        Assertions.assertEquals(0, a.distance(c), TEST_EPS);
        Assertions.assertEquals(0, c.distance(a), TEST_EPS);

        Assertions.assertEquals(0, a.distance(d), TEST_EPS);
        Assertions.assertEquals(0, d.distance(a), TEST_EPS);
    }",LineTest::testDistance_nonParallelLines_oe
commons-geometry_1218,"@Test
    void testDistance_oe() {
        // arrange
        final Line line = Lines.fromPoints(Vector2D.of(2, 1), Vector2D.of(-2, -2), TEST_PRECISION);

        // act/assert
        Assertions.assertEquals(0, line.distance(line.getOrigin()), TEST_EPS);
        Assertions.assertEquals(+5.0, line.distance(Vector2D.of(5, -3)), TEST_EPS);
        Assertions.assertEquals(+5.0, line.distance(Vector2D.of(-5, 2)), TEST_EPS);
    }",LineTest::testDistance_oe
commons-geometry_1219,"@Test
    void testPointAt_oe() {
        // arrange
        final Vector2D origin = Vector2D.of(-1, 1);
        final double d = Math.sqrt(2);
        final Line line = Lines.fromPointAndDirection(origin, Vector2D.of(1, 1), TEST_PRECISION);

        // act/assert
        EuclideanTestUtils.assertCoordinatesEqual(origin, line.pointAt(0, 0), TEST_EPS);
        EuclideanTestUtils.assertCoordinatesEqual(Vector2D.ZERO, line.pointAt(0, d), TEST_EPS);
        EuclideanTestUtils.assertCoordinatesEqual(Vector2D.of(-2, 2), line.pointAt(0, -d), TEST_EPS);

        EuclideanTestUtils.assertCoordinatesEqual(Vector2D.of(-2, 0), line.pointAt(-d, 0), TEST_EPS);
        EuclideanTestUtils.assertCoordinatesEqual(Vector2D.of(0, 2), line.pointAt(d, 0), TEST_EPS);

        EuclideanTestUtils.assertCoordinatesEqual(Vector2D.of(1, 1), line.pointAt(d, d), TEST_EPS);
        EuclideanTestUtils.assertCoordinatesEqual(Vector2D.of(-3, 1), line.pointAt(-d, -d), TEST_EPS);
    }",LineTest::testPointAt_oe
commons-geometry_1220,"@Test
    void testPointAt_abscissaOffsetRoundtrip_oe() {
        // arrange
        final Line line = Lines.fromPoints(Vector2D.of(2, 1), Vector2D.of(-2, -2), TEST_PRECISION);

        for (double abscissa = -2.0; abscissa < 2.0; abscissa += 0.2) {
            for (double offset = -2.0; offset < 2.0; offset += 0.2) {

                // act
                final Vector2D point = line.pointAt(abscissa, offset);

                // assert
                Assertions.assertEquals(abscissa, line.toSubspace(point).getX(), TEST_EPS);
                Assertions.assertEquals(offset, line.offset(point), TEST_EPS);
            }
        }
    }",LineTest::testPointAt_abscissaOffsetRoundtrip_oe
commons-geometry_1221,"@Test
    void testContains_line_oe() {
        // arrange
        final Vector2D pt = Vector2D.of(1, 2);
        final Vector2D dir = Vector2D.of(3, 7);
        final Line a = Lines.fromPointAndDirection(pt, dir, TEST_PRECISION);
        final Line b = Lines.fromPointAndDirection(Vector2D.of(0, -4), dir, TEST_PRECISION);
        final Line c = Lines.fromPointAndDirection(Vector2D.of(-2, -2), dir.negate(), TEST_PRECISION);
        final Line d = Lines.fromPointAndDirection(Vector2D.ZERO, Vector2D.Unit.PLUS_X, TEST_PRECISION);

        final Line e = Lines.fromPointAndDirection(pt, dir, TEST_PRECISION);
        final Line f = Lines.fromPointAndDirection(pt, dir.negate(), TEST_PRECISION);

        // act/assert
        Assertions.assertTrue(a.contains(a));

        Assertions.assertTrue(a.contains(e));
        Assertions.assertTrue(e.contains(a));

        Assertions.assertTrue(a.contains(f));
        Assertions.assertTrue(f.contains(a));

        Assertions.assertFalse(a.contains(b));
        Assertions.assertFalse(a.contains(c));
        Assertions.assertFalse(a.contains(d));
    }",LineTest::testContains_line_oe
commons-geometry_1222,"@Test
    void testIsParallel_closeToEpsilon_oe() {
        // arrange
        final double eps = 1e-3;
        final Precision.DoubleEquivalence precision = Precision.doubleEquivalenceOfEpsilon(eps);

        final Vector2D p = Vector2D.of(1, 2);

        final Line line = Lines.fromPointAndAngle(p, 0.0, precision);

        // act/assert
        final Vector2D offset1 = Vector2D.of(0, 1e-4);
        final Vector2D offset2 = Vector2D.of(0, 2e-3);

        Assertions.assertTrue(line.contains(Lines.fromPointAndAngle(p.add(offset1), 0.0, precision)));
        Assertions.assertTrue(line.contains(Lines.fromPointAndAngle(p.subtract(offset1), 0.0, precision)));

        Assertions.assertFalse(line.contains(Lines.fromPointAndAngle(p.add(offset2), 0.0, precision)));
        Assertions.assertFalse(line.contains(Lines.fromPointAndAngle(p.subtract(offset2), 0.0, precision)));

        Assertions.assertTrue(line.contains(Lines.fromPointAndAngle(p, 1e-4, precision)));
        Assertions.assertFalse(line.contains(Lines.fromPointAndAngle(p, 1e-2, precision)));
    }",LineTest::testIsParallel_closeToEpsilon_oe
commons-geometry_1223,"@Test
    void testContains_point_oe() {
        // arrange
        final Vector2D p1 = Vector2D.of(-1, 0);
        final Vector2D p2 = Vector2D.of(0, 2);
        final Line line = Lines.fromPoints(p1, p2, TEST_PRECISION);

        // act/assert
        Assertions.assertTrue(line.contains(p1));
        Assertions.assertTrue(line.contains(p2));

        Assertions.assertFalse(line.contains(Vector2D.ZERO));
        Assertions.assertFalse(line.contains(Vector2D.of(100, 79)));

        final Vector2D offset1 = Vector2D.of(0.1, 0);
        final Vector2D offset2 = Vector2D.of(0, -0.1);
        Vector2D v;
        for (double t = -2; t <= 2; t += 0.1) {
            v = p1.lerp(p2, t);

            Assertions.assertTrue(line.contains(v));

            Assertions.assertFalse(line.contains(v.add(offset1)));
            Assertions.assertFalse(line.contains(v.add(offset2)));
        }
    }",LineTest::testContains_point_oe
commons-geometry_1224,"@Test
    void testContains_point_closeToEpsilon_oe() {
        // arrange
        final double eps = 1e-3;
        final Precision.DoubleEquivalence precision = Precision.doubleEquivalenceOfEpsilon(eps);

        final Vector2D p1 = Vector2D.of(-1, 0);
        final Vector2D p2 = Vector2D.of(0, 2);
        final Vector2D mid = p1.lerp(p2, 0.5);

        final Line line = Lines.fromPoints(p1, p2, precision);
        final Vector2D dir = line.getOffsetDirection();

        // act/assert
        Assertions.assertTrue(line.contains(mid.add(dir.multiply(1e-4))));
        Assertions.assertTrue(line.contains(mid.add(dir.multiply(-1e-4))));

        Assertions.assertFalse(line.contains(mid.add(dir.multiply(2e-3))));
        Assertions.assertFalse(line.contains(mid.add(dir.multiply(-2e-3))));
    }",LineTest::testContains_point_closeToEpsilon_oe
commons-geometry_1225,"@Test
    void testDistance_point_oe() {
        // arrange
        final Line line = Lines.fromPoints(Vector2D.of(-1, 0), Vector2D.of(0, 2), TEST_PRECISION);
        final Line reversed = line.reverse();

        // act/assert
        Assertions.assertEquals(0.0, line.distance(Vector2D.of(-0.5, 1)), TEST_EPS);
        Assertions.assertEquals(0.0, line.distance(Vector2D.of(-1.5, -1)), TEST_EPS);
        Assertions.assertEquals(0.0, line.distance(Vector2D.of(0.5, 3)), TEST_EPS);

        final double d = Math.sin(Math.atan2(2, 1));

        Assertions.assertEquals(d, line.distance(Vector2D.ZERO), TEST_EPS);
        Assertions.assertEquals(d, line.distance(Vector2D.of(-1, 2)), TEST_EPS);

        Assertions.assertEquals(d, reversed.distance(Vector2D.ZERO), TEST_EPS);
        Assertions.assertEquals(d, reversed.distance(Vector2D.of(-1, 2)), TEST_EPS);
    }",LineTest::testDistance_point_oe
commons-geometry_1226,"@Test
    void testDistance_point_permute_oe() {
        // arrange
        final Line line = Lines.fromPoints(Vector2D.of(-1, 0), Vector2D.of(0, 2), TEST_PRECISION);
        final Vector2D lineOrigin = line.getOrigin();

        EuclideanTestUtils.permute(-5, 5, 0.5, (x, y) -> {
            final Vector2D pt = Vector2D.of(x, y);

            // act
            final double dist = line.distance(pt);

            // arrange
            final Vector2D vec = lineOrigin.vectorTo(pt).reject(line.getDirection());
            Assertions.assertEquals(vec.norm(), dist, TEST_EPS);
        });
    }",LineTest::testDistance_point_permute_oe
commons-geometry_1227,"@Test
    void testIsParallel_oe() {
        // arrange
        final Vector2D dir = Vector2D.of(3, 7);
        final Line a = Lines.fromPointAndDirection(Vector2D.of(1, 2), dir, TEST_PRECISION);
        final Line b = Lines.fromPointAndDirection(Vector2D.of(0, -4), dir, TEST_PRECISION);
        final Line c = Lines.fromPointAndDirection(Vector2D.of(-2, -2), dir.negate(), TEST_PRECISION);
        final Line d = Lines.fromPointAndDirection(Vector2D.ZERO, Vector2D.Unit.PLUS_X, TEST_PRECISION);

        // act/assert
        Assertions.assertTrue(a.isParallel(a));

        Assertions.assertTrue(a.isParallel(b));
        Assertions.assertTrue(b.isParallel(a));

        Assertions.assertTrue(a.isParallel(c));
        Assertions.assertTrue(c.isParallel(a));

        Assertions.assertFalse(a.isParallel(d));
        Assertions.assertFalse(d.isParallel(a));
    }",LineTest::testIsParallel_oe
commons-geometry_1228,"@Test
    void testIsParallel_closeToParallel_oe() {
        // arrange
        final double eps = 1e-3;
        final Precision.DoubleEquivalence precision = Precision.doubleEquivalenceOfEpsilon(eps);

        final Vector2D p1 = Vector2D.of(1, 2);
        final Vector2D p2 = Vector2D.of(1, -2);

        final Line line = Lines.fromPointAndAngle(p1, 0.0, precision);

        // act/assert
        Assertions.assertTrue(line.isParallel(Lines.fromPointAndAngle(p2, 1e-4, precision)));
        Assertions.assertFalse(line.isParallel(Lines.fromPointAndAngle(p2, 1e-2, precision)));
    }",LineTest::testIsParallel_closeToParallel_oe
commons-geometry_1229,"@Test
    void testTransform_oe() {
        // arrange
        final AffineTransformMatrix2D scale = AffineTransformMatrix2D.createScale(2, 3);
        final AffineTransformMatrix2D reflect = AffineTransformMatrix2D.createScale(-1, 1);
        final AffineTransformMatrix2D translate = AffineTransformMatrix2D.createTranslation(3, 4);
        final AffineTransformMatrix2D rotate = AffineTransformMatrix2D.createRotation(Angle.PI_OVER_TWO);
        final AffineTransformMatrix2D rotateAroundPt = AffineTransformMatrix2D.createRotation(Vector2D.of(0, 1), Angle.PI_OVER_TWO);

        final Vector2D p1 = Vector2D.of(0, 1);
        final Vector2D p2 = Vector2D.of(1, 0);

        final Line horizontal = Lines.fromPointAndDirection(p1, Vector2D.Unit.PLUS_X, TEST_PRECISION);
        final Line vertical = Lines.fromPointAndDirection(p2, Vector2D.Unit.PLUS_Y, TEST_PRECISION);
        final Line diagonal = Lines.fromPointAndDirection(Vector2D.ZERO, Vector2D.of(1, 1), TEST_PRECISION);

        // act/assert
        Assertions.assertSame(TEST_PRECISION, horizontal.transform(scale).getPrecision());

        checkLine(horizontal.transform(scale), Vector2D.of(0, 3), Vector2D.Unit.PLUS_X);
        checkLine(vertical.transform(scale), Vector2D.of(2, 0), Vector2D.Unit.PLUS_Y);
        checkLine(diagonal.transform(scale), Vector2D.ZERO, Vector2D.of(2, 3).normalize());

        checkLine(horizontal.transform(reflect), p1, Vector2D.Unit.MINUS_X);
        checkLine(vertical.transform(reflect), Vector2D.of(-1, 0), Vector2D.Unit.PLUS_Y);
        checkLine(diagonal.transform(reflect), Vector2D.ZERO, Vector2D.of(-1, 1).normalize());

        checkLine(horizontal.transform(translate), Vector2D.of(0, 5), Vector2D.Unit.PLUS_X);
        checkLine(vertical.transform(translate), Vector2D.of(4, 0), Vector2D.Unit.PLUS_Y);
        checkLine(diagonal.transform(translate), Vector2D.of(-0.5, 0.5), Vector2D.of(1, 1).normalize());

        checkLine(horizontal.transform(rotate), Vector2D.of(-1, 0), Vector2D.Unit.PLUS_Y);
        checkLine(vertical.transform(rotate), Vector2D.of(0, 1), Vector2D.Unit.MINUS_X);
        checkLine(diagonal.transform(rotate), Vector2D.ZERO, Vector2D.of(-1, 1).normalize());

        checkLine(horizontal.transform(rotateAroundPt), Vector2D.ZERO, Vector2D.Unit.PLUS_Y);
        checkLine(vertical.transform(rotateAroundPt), Vector2D.of(0, 2), Vector2D.Unit.MINUS_X);
        checkLine(diagonal.transform(rotateAroundPt), Vector2D.of(1, 1), Vector2D.of(-1, 1).normalize());
    }",LineTest::testTransform_oe
commons-geometry_1230,"@Test
    void testTransform_collapsedPoints_oe() {
        // arrange
        final AffineTransformMatrix2D scaleCollapse = AffineTransformMatrix2D.createScale(0, 1);
        final Line line = Lines.fromPointAndDirection(Vector2D.ZERO, Vector2D.Unit.PLUS_X, TEST_PRECISION);

        // act/assert
        GeometryTestUtils.assertThrowsWithMessage(() -> {
            line.transform(scaleCollapse);
        }, IllegalArgumentException.class, ""Line direction cannot be zero"");
    }",LineTest::testTransform_collapsedPoints_oe
commons-geometry_1231,"@Test
    void testSubspaceTransform_transformsPointsCorrectly_oe() {
        // arrange
        final Line line = Lines.fromPointAndDirection(Vector2D.of(1, 0), Vector2D.of(1, 1), TEST_PRECISION);

        EuclideanTestUtils.permuteSkipZero(-2, 2, 0.5, (a, b) -> {
            // create a somewhat complicate transform to try to hit all of the edge cases
            final AffineTransformMatrix2D transform = AffineTransformMatrix2D.createTranslation(Vector2D.of(a, b))
                    .rotate(a * b)
                    .scale(0.1, 4);

            // act
            final SubspaceTransform st = line.subspaceTransform(transform);

            // assert
            for (double x = -5.0; x <= 5.0; x += 1) {
                final Vector1D subPt = Vector1D.of(x);
                final Vector2D expected = transform.apply(line.toSpace(subPt));
                final Vector2D actual = st.getLine().toSpace(
                        st.getTransform().apply(subPt));

                EuclideanTestUtils.assertCoordinatesEqual(expected, actual, TEST_EPS);
            }
        });
    }",LineTest::testSubspaceTransform_transformsPointsCorrectly_oe
commons-geometry_1232,"@Test
    void testEq_oe() {
        // arrange
        final Precision.DoubleEquivalence precision = Precision.doubleEquivalenceOfEpsilon(1e-3);

        final Vector2D p = Vector2D.of(1, 2);
        final double angle = 1.0;

        final Line a = Lines.fromPointAndAngle(p, angle, precision);
        final Line b = Lines.fromPointAndAngle(Vector2D.ZERO, angle, precision);
        final Line c = Lines.fromPointAndAngle(p, angle + 1.0, precision);

        final Line d = Lines.fromPointAndAngle(p, angle, precision);
        final Line e = Lines.fromPointAndAngle(p.add(Vector2D.of(1e-4, 1e-4)), angle, precision);
        final Line f = Lines.fromPointAndAngle(p, angle + 1e-4, precision);

        // act/assert
        Assertions.assertTrue(a.eq(a, precision));

        Assertions.assertTrue(a.eq(d, precision));
        Assertions.assertTrue(d.eq(a, precision));

        Assertions.assertTrue(a.eq(e, precision));
        Assertions.assertTrue(e.eq(a, precision));

        Assertions.assertTrue(a.eq(f, precision));
        Assertions.assertTrue(f.eq(a, precision));

        Assertions.assertFalse(a.eq(b, precision));
        Assertions.assertFalse(a.eq(c, precision));
    }",LineTest::testEq_oe
commons-geometry_1233,"@Test
    void testHashCode_oe() {
        // arrange
        final Precision.DoubleEquivalence precision1 = Precision.doubleEquivalenceOfEpsilon(1e-4);
        final Precision.DoubleEquivalence precision2 = Precision.doubleEquivalenceOfEpsilon(1e-5);

        final Vector2D p = Vector2D.of(1, 2);
        final Vector2D v = Vector2D.of(1, 1);

        final Line a = Lines.fromPointAndDirection(p, v, precision1);
        final Line b = Lines.fromPointAndDirection(Vector2D.ZERO, v, precision1);
        final Line c = Lines.fromPointAndDirection(p, v.negate(), precision1);
        final Line d = Lines.fromPointAndDirection(p, v, precision2);
        final Line e = Lines.fromPointAndDirection(p, v, precision1);

        // act/assert
        final int aHash = a.hashCode();

        Assertions.assertEquals(aHash, a.hashCode());
        Assertions.assertEquals(aHash, e.hashCode());

        Assertions.assertNotEquals(aHash, b.hashCode());
        Assertions.assertNotEquals(aHash, c.hashCode());
        Assertions.assertNotEquals(aHash, d.hashCode());
    }",LineTest::testHashCode_oe
commons-geometry_1234,"@Test
    void testEquals_oe() {
     // arrange
        final Precision.DoubleEquivalence precision1 = Precision.doubleEquivalenceOfEpsilon(1e-4);
        final Precision.DoubleEquivalence precision2 = Precision.doubleEquivalenceOfEpsilon(1e-5);

        final Vector2D p = Vector2D.of(1, 2);
        final Vector2D v = Vector2D.of(1, 1);

        final Line a = Lines.fromPointAndDirection(p, v, precision1);
        final Line b = Lines.fromPointAndDirection(Vector2D.ZERO, v, precision1);
        final Line c = Lines.fromPointAndDirection(p, v.negate(), precision1);
        final Line d = Lines.fromPointAndDirection(p, v, precision2);
        final Line e = Lines.fromPointAndDirection(p, v, precision1);

        // act/assert
        GeometryTestUtils.assertSimpleEqualsCases(a);
        Assertions.assertEquals(a, e);
        Assertions.assertEquals(e, a);

        Assertions.assertNotEquals(a, b);
        Assertions.assertNotEquals(a, c);
        Assertions.assertNotEquals(a, d);
    }",LineTest::testEquals_oe
commons-geometry_1235,"@Test
    void testToString_oe() {
        // arrange
        final Line line = Lines.fromPointAndDirection(Vector2D.ZERO, Vector2D.Unit.PLUS_X, TEST_PRECISION);

        // act
        final String str = line.toString();

        // assert
        Assertions.assertTrue(str.contains(""Line""));
        Assertions.assertTrue(str.contains(""origin= (0.0, 0.0)""));
        Assertions.assertTrue(str.contains(""direction= (1.0, 0.0)""));
    }",LineTest::testToString_oe
commons-geometry_1236,"@Test
    void testCtor_booleanArg_true_oe() {
        // act
        final RegionBSPTree2D tree = new RegionBSPTree2D(true);

        // assert
        Assertions.assertTrue(tree.isFull());
        Assertions.assertFalse(tree.isEmpty());
        Assertions.assertEquals(1, tree.count());
    }",RegionBSPTree2DTest::testCtor_booleanArg_true_oe
commons-geometry_1237,"@Test
    void testCtor_booleanArg_false_oe() {
        // act
        final RegionBSPTree2D tree = new RegionBSPTree2D(false);

        // assert
        Assertions.assertFalse(tree.isFull());
        Assertions.assertTrue(tree.isEmpty());
        Assertions.assertEquals(1, tree.count());
    }",RegionBSPTree2DTest::testCtor_booleanArg_false_oe
commons-geometry_1238,"@Test
    void testCtor_default_oe() {
        // act
        final RegionBSPTree2D tree = new RegionBSPTree2D();

        // assert
        Assertions.assertFalse(tree.isFull());
        Assertions.assertTrue(tree.isEmpty());
        Assertions.assertEquals(1, tree.count());
    }",RegionBSPTree2DTest::testCtor_default_oe
commons-geometry_1239,"@Test
    void testFull_factoryMethod_oe() {
        // act
        final RegionBSPTree2D tree = RegionBSPTree2D.full();

        // assert
        Assertions.assertTrue(tree.isFull());
        Assertions.assertFalse(tree.isEmpty());
        Assertions.assertEquals(1, tree.count());
    }",RegionBSPTree2DTest::testFull_factoryMethod_oe
commons-geometry_1240,"@Test
    void testEmpty_factoryMethod_oe() {
        // act
        final RegionBSPTree2D tree = RegionBSPTree2D.empty();

        // assert
        Assertions.assertFalse(tree.isFull());
        Assertions.assertTrue(tree.isEmpty());
        Assertions.assertEquals(1, tree.count());
    }",RegionBSPTree2DTest::testEmpty_factoryMethod_oe
commons-geometry_1241,"@Test
    void testPartitionedRegionBuilder_halfSpace_oe() {
        // act
        final RegionBSPTree2D tree = RegionBSPTree2D.partitionedRegionBuilder()
                .insertPartition(
                    Lines.fromPointAndDirection(Vector2D.ZERO, Vector2D.Unit.PLUS_X, TEST_PRECISION))
                .insertBoundary(
                    Lines.fromPointAndDirection(Vector2D.ZERO, Vector2D.Unit.MINUS_X, TEST_PRECISION).span())
                .build();

        // assert
        Assertions.assertFalse(tree.isFull());
        Assertions.assertTrue(tree.isInfinite());

        EuclideanTestUtils.assertRegionLocation(tree, RegionLocation.INSIDE, Vector2D.of(0, -1));
        EuclideanTestUtils.assertRegionLocation(tree, RegionLocation.BOUNDARY, Vector2D.ZERO);
        EuclideanTestUtils.assertRegionLocation(tree, RegionLocation.OUTSIDE, Vector2D.of(0, 1));
    }",RegionBSPTree2DTest::testPartitionedRegionBuilder_halfSpace_oe
commons-geometry_1242,"@Test
    void testPartitionedRegionBuilder_insertPartitionAfterBoundary_oe() {
        // arrange
        final PartitionedRegionBuilder2D builder = RegionBSPTree2D.partitionedRegionBuilder();
        builder.insertBoundary(Lines.segmentFromPoints(Vector2D.ZERO, Vector2D.of(1, 0), TEST_PRECISION));

        final Line partition = Lines.fromPointAndAngle(Vector2D.ZERO, 0, TEST_PRECISION);

        final String msg = ""Cannot insert partitions after boundaries have been inserted"";

        // act/assert
        GeometryTestUtils.assertThrowsWithMessage(() -> {
            builder.insertPartition(partition);
        }, IllegalStateException.class, msg);

        GeometryTestUtils.assertThrowsWithMessage(() -> {
            builder.insertPartition(partition.span());
        }, IllegalStateException.class, msg);

        GeometryTestUtils.assertThrowsWithMessage(() -> {
            builder.insertAxisAlignedPartitions(Vector2D.ZERO, TEST_PRECISION);
        }, IllegalStateException.class, msg);

        GeometryTestUtils.assertThrowsWithMessage(() -> {
            builder.insertAxisAlignedGrid(Bounds2D.from(Vector2D.ZERO, Vector2D.of(1, 1)), 1, TEST_PRECISION);
        }, IllegalStateException.class, msg);
    }",RegionBSPTree2DTest::testPartitionedRegionBuilder_insertPartitionAfterBoundary_oe
commons-geometry_1243,"@Test
    void testCopy_oe() {
        // arrange
        final RegionBSPTree2D tree = new RegionBSPTree2D(true);
        tree.getRoot().cut(Lines.fromPointAndAngle(Vector2D.ZERO, 0.0, TEST_PRECISION));

        // act
        final RegionBSPTree2D copy = tree.copy();

        // assert
        Assertions.assertNotSame(tree, copy);
        Assertions.assertEquals(3, copy.count());
    }",RegionBSPTree2DTest::testCopy_oe
commons-geometry_1244,"@Test
    void testBoundaries_oe() {
        // arrange
        final RegionBSPTree2D tree = Parallelogram.axisAligned(Vector2D.ZERO, Vector2D.of(1, 1), TEST_PRECISION)
                .toTree();

        // act
        final List<LineConvexSubset> segments = new ArrayList<>();
        tree.boundaries().forEach(segments::add);

        // assert
        Assertions.assertEquals(4, segments.size());
    }",RegionBSPTree2DTest::testBoundaries_oe
commons-geometry_1245,"@Test
    void testGetBoundaries_oe() {
        // arrange
        final RegionBSPTree2D tree = Parallelogram.axisAligned(Vector2D.ZERO, Vector2D.of(1, 1), TEST_PRECISION)
                .toTree();

        // act
        final List<LineConvexSubset> segments = tree.getBoundaries();

        // assert
        Assertions.assertEquals(4, segments.size());
    }",RegionBSPTree2DTest::testGetBoundaries_oe
commons-geometry_1246,"@Test
    void testBoundaryStream_oe() {
        // arrange
        final RegionBSPTree2D tree = Parallelogram.axisAligned(Vector2D.ZERO, Vector2D.of(1, 1), TEST_PRECISION)
                .toTree();

        // act
        final List<LineConvexSubset> segments = tree.boundaryStream().collect(Collectors.toList());

        // assert
        Assertions.assertEquals(4, segments.size());
    }",RegionBSPTree2DTest::testBoundaryStream_oe
commons-geometry_1247,"@Test
    void testBoundaryStream_noBoundaries_oe() {
        // arrange
        final RegionBSPTree2D tree = RegionBSPTree2D.full();

        // act
        final List<LineConvexSubset> segments = tree.boundaryStream().collect(Collectors.toList());

        // assert
        Assertions.assertEquals(0, segments.size());
    }",RegionBSPTree2DTest::testBoundaryStream_noBoundaries_oe
commons-geometry_1248,"@Test
    void testGetBounds_hasBounds_oe() {
        // arrange
        final RegionBSPTree2D tree = Parallelogram.axisAligned(Vector2D.of(2, 3), Vector2D.of(5, 8), TEST_PRECISION)
                .toTree();

        // act
        final Bounds2D bounds = tree.getBounds();

        // assert
        EuclideanTestUtils.assertCoordinatesEqual(Vector2D.of(2, 3), bounds.getMin(), TEST_EPS);
        EuclideanTestUtils.assertCoordinatesEqual(Vector2D.of(5, 8), bounds.getMax(), TEST_EPS);
    }",RegionBSPTree2DTest::testGetBounds_hasBounds_oe
commons-geometry_1249,"@Test
    void testGetBounds_noBounds_oe() {
        // act/assert
        Assertions.assertNull(RegionBSPTree2D.empty().getBounds());
        Assertions.assertNull(RegionBSPTree2D.full().getBounds());

        final RegionBSPTree2D halfFull = RegionBSPTree2D.empty();
        halfFull.getRoot().insertCut(Lines.fromPointAndAngle(Vector2D.ZERO, 0, TEST_PRECISION));
        Assertions.assertNull(halfFull.getBounds());
    }",RegionBSPTree2DTest::testGetBounds_noBounds_oe
commons-geometry_1250,"@Test
    void testGetBoundaryPaths_cachesResult_oe() {
        // arrange
        final RegionBSPTree2D tree = RegionBSPTree2D.empty();
        tree.insert(Lines.segmentFromPoints(Vector2D.ZERO, Vector2D.Unit.PLUS_X, TEST_PRECISION));

        // act
        final List<LinePath> a = tree.getBoundaryPaths();
        final List<LinePath> b = tree.getBoundaryPaths();

        // assert
        Assertions.assertSame(a, b);
    }",RegionBSPTree2DTest::testGetBoundaryPaths_cachesResult_oe
commons-geometry_1251,"@Test
    void testGetBoundaryPaths_recomputesResultOnChange_oe() {
        // arrange
        final RegionBSPTree2D tree = RegionBSPTree2D.empty();
        tree.insert(Lines.segmentFromPoints(Vector2D.ZERO, Vector2D.Unit.PLUS_X, TEST_PRECISION));

        // act
        final List<LinePath> a = tree.getBoundaryPaths();
        tree.insert(Lines.segmentFromPoints(Vector2D.ZERO, Vector2D.Unit.PLUS_Y, TEST_PRECISION));
        final List<LinePath> b = tree.getBoundaryPaths();

        // assert
        Assertions.assertNotSame(a, b);
    }",RegionBSPTree2DTest::testGetBoundaryPaths_recomputesResultOnChange_oe
commons-geometry_1252,"@Test
    void testGetBoundaryPaths_isUnmodifiable_oe() {
        // arrange
        final RegionBSPTree2D tree = RegionBSPTree2D.empty();
        tree.insert(Lines.segmentFromPoints(Vector2D.ZERO, Vector2D.Unit.PLUS_X, TEST_PRECISION));

        // act/assert
        Assertions.assertThrows(UnsupportedOperationException.class, () -> tree.getBoundaryPaths().add(LinePath.builder(null).build()));
    }",RegionBSPTree2DTest::testGetBoundaryPaths_isUnmodifiable_oe
commons-geometry_1253,"@Test
    void testAdd_convexArea_oe() {
        // arrange
        final RegionBSPTree2D tree = RegionBSPTree2D.empty();

        // act
        tree.add(ConvexArea.convexPolygonFromVertices(Arrays.asList(
                    Vector2D.ZERO, Vector2D.of(2, 0),
                    Vector2D.of(2, 2), Vector2D.of(0, 2)
                ), TEST_PRECISION));
        tree.add(ConvexArea.convexPolygonFromVertices(Arrays.asList(
                Vector2D.of(1, 1), Vector2D.of(3, 1),
                Vector2D.of(3, 3), Vector2D.of(1, 3)
            ), TEST_PRECISION));

        // assert
        Assertions.assertFalse(tree.isFull());
        Assertions.assertFalse(tree.isEmpty());

        Assertions.assertEquals(7, tree.getSize(), TEST_EPS);
        Assertions.assertEquals(12, tree.getBoundarySize(), TEST_EPS);
        EuclideanTestUtils.assertCoordinatesEqual(Vector2D.of(1.5, 1.5), tree.getCentroid(), TEST_EPS);

        checkClassify(tree, RegionLocation.INSIDE,
                Vector2D.of(1, 1), Vector2D.of(1.5, 1.5), Vector2D.of(2, 2));
    }",RegionBSPTree2DTest::testAdd_convexArea_oe
commons-geometry_1254,"@Test
    void testToConvex_full_oe() {
        // arrange
        final RegionBSPTree2D tree = RegionBSPTree2D.full();

        // act
        final List<ConvexArea> result = tree.toConvex();

        // assert
        Assertions.assertEquals(1, result.size());
        Assertions.assertTrue(result.get(0).isFull());
    }",RegionBSPTree2DTest::testToConvex_full_oe
commons-geometry_1255,"@Test
    void testToConvex_empty_oe() {
        // arrange
        final RegionBSPTree2D tree = RegionBSPTree2D.empty();

        // act
        final List<ConvexArea> result = tree.toConvex();

        // assert
        Assertions.assertEquals(0, result.size());
    }",RegionBSPTree2DTest::testToConvex_empty_oe
commons-geometry_1256,"@Test
    void testToConvex_halfSpace_oe() {
        // arrange
        final RegionBSPTree2D tree = RegionBSPTree2D.full();
        tree.getRoot().insertCut(Lines.fromPointAndAngle(Vector2D.ZERO, 0.0, TEST_PRECISION));

        // act
        final List<ConvexArea> result = tree.toConvex();

        // assert
        Assertions.assertEquals(1, result.size());

        final ConvexArea area = result.get(0);
        Assertions.assertFalse(area.isFull());
        Assertions.assertFalse(area.isEmpty());

        checkClassify(area, RegionLocation.INSIDE, Vector2D.of(0, 1));
        checkClassify(area, RegionLocation.BOUNDARY, Vector2D.ZERO);
        checkClassify(area, RegionLocation.OUTSIDE, Vector2D.of(0, -1));
    }",RegionBSPTree2DTest::testToConvex_halfSpace_oe
commons-geometry_1257,"@Test
    void testToConvex_quadrantComplement_oe() {
        // arrange
        final RegionBSPTree2D tree = RegionBSPTree2D.full();
        tree.getRoot().cut(Lines.fromPointAndAngle(Vector2D.ZERO, Math.PI, TEST_PRECISION))
            .getPlus().cut(Lines.fromPointAndAngle(Vector2D.ZERO, Angle.PI_OVER_TWO, TEST_PRECISION));

        tree.complement();

        // act
        final List<ConvexArea> result = tree.toConvex();

        // assert
        Assertions.assertEquals(1, result.size());

        final ConvexArea area = result.get(0);
        Assertions.assertFalse(area.isFull());
        Assertions.assertFalse(area.isEmpty());

        checkClassify(area, RegionLocation.INSIDE, Vector2D.of(1, 1));
        checkClassify(area, RegionLocation.BOUNDARY, Vector2D.ZERO, Vector2D.of(1, 0), Vector2D.of(0, 1));
        checkClassify(area, RegionLocation.OUTSIDE, Vector2D.of(1, -1), Vector2D.of(-1, -1), Vector2D.of(-1, 1));
    }",RegionBSPTree2DTest::testToConvex_quadrantComplement_oe
commons-geometry_1258,"@Test
    void testToConvex_square_oe() {
        // arrange
        final RegionBSPTree2D tree = Parallelogram.axisAligned(Vector2D.ZERO, Vector2D.of(1, 1), TEST_PRECISION).toTree();

        // act
        final List<ConvexArea> result = tree.toConvex();

        // assert
        Assertions.assertEquals(1, result.size());

        final ConvexArea area = result.get(0);
        Assertions.assertFalse(area.isFull());
        Assertions.assertFalse(area.isEmpty());

        Assertions.assertEquals(1, area.getSize(), TEST_EPS);
        EuclideanTestUtils.assertCoordinatesEqual(Vector2D.of(0.5, 0.5), area.getCentroid(), TEST_EPS);

        checkClassify(area, RegionLocation.INSIDE, Vector2D.of(0.5, 0.5));
        checkClassify(area, RegionLocation.BOUNDARY, Vector2D.ZERO, Vector2D.of(1, 1));
        checkClassify(area, RegionLocation.OUTSIDE,
                Vector2D.of(0.5, -1), Vector2D.of(0.5, 2),
                Vector2D.of(-1, 0.5), Vector2D.of(2, 0.5));
    }",RegionBSPTree2DTest::testToConvex_square_oe
commons-geometry_1259,"@Test
    void testToConvex_multipleConvexAreas_oe() {
        // arrange
        final RegionBSPTree2D tree = RegionBSPTree2D.empty();
        tree.insert(Arrays.asList(
                    Lines.segmentFromPoints(Vector2D.ZERO, Vector2D.of(1, 1), TEST_PRECISION),

                    Lines.segmentFromPoints(Vector2D.of(1, 1), Vector2D.of(0, 1), TEST_PRECISION),
                    Lines.segmentFromPoints(Vector2D.of(0, 1), Vector2D.ZERO, TEST_PRECISION),

                    Lines.segmentFromPoints(Vector2D.ZERO, Vector2D.of(1, 0), TEST_PRECISION),
                    Lines.segmentFromPoints(Vector2D.of(1, 0), Vector2D.of(1, 1), TEST_PRECISION)
                ));

        // act
        final List<ConvexArea> result = tree.toConvex();

        // assert
        result.sort((a, b) ->
                Vector2D.COORDINATE_ASCENDING_ORDER.compare(a.getCentroid(), b.getCentroid()));

        Assertions.assertEquals(2, result.size());

        final ConvexArea firstArea = result.get(0);
        Assertions.assertFalse(firstArea.isFull());
        Assertions.assertFalse(firstArea.isEmpty());

        Assertions.assertEquals(0.5, firstArea.getSize(), TEST_EPS);
        EuclideanTestUtils.assertCoordinatesEqual(Vector2D.of(1.0 / 3.0, 2.0 / 3.0), firstArea.getCentroid(), TEST_EPS);

        checkClassify(firstArea, RegionLocation.INSIDE, Vector2D.of(1.0 / 3.0, 2.0 / 3.0));
        checkClassify(firstArea, RegionLocation.BOUNDARY, Vector2D.ZERO, Vector2D.of(1, 1), Vector2D.of(0.5, 0.5));
        checkClassify(firstArea, RegionLocation.OUTSIDE,
                Vector2D.of(0.25, -1), Vector2D.of(0.25, 2),
                Vector2D.of(-1, 0.5), Vector2D.of(0.75, 0.5));

        final ConvexArea secondArea = result.get(1);
        Assertions.assertFalse(secondArea.isFull());
        Assertions.assertFalse(secondArea.isEmpty());

        Assertions.assertEquals(0.5, secondArea.getSize(), TEST_EPS);
        EuclideanTestUtils.assertCoordinatesEqual(Vector2D.of(2.0 / 3.0, 1.0 / 3.0), secondArea.getCentroid(), TEST_EPS);

        checkClassify(secondArea, RegionLocation.INSIDE, Vector2D.of(2.0 / 3.0, 1.0 / 3.0));
        checkClassify(secondArea, RegionLocation.BOUNDARY, Vector2D.ZERO, Vector2D.of(1, 1), Vector2D.of(0.5, 0.5));
        checkClassify(secondArea, RegionLocation.OUTSIDE,
                Vector2D.of(0.75, -1), Vector2D.of(0.75, 2),
                Vector2D.of(2, 0.5), Vector2D.of(0.25, 0.5));
    }",RegionBSPTree2DTest::testToConvex_multipleConvexAreas_oe
commons-geometry_1260,"@Test
    void testSplit_full_oe() {
        // arrange
        final RegionBSPTree2D tree = RegionBSPTree2D.full();

        final Line splitter = Lines.fromPointAndAngle(Vector2D.of(1, 0), 0.25 * Math.PI, TEST_PRECISION);

        // act
        final Split<RegionBSPTree2D> split = tree.split(splitter);

        // assert
        Assertions.assertEquals(SplitLocation.BOTH, split.getLocation());

        checkClassify(split.getMinus(), RegionLocation.INSIDE, Vector2D.of(0, 1));
        checkClassify(split.getMinus(), RegionLocation.OUTSIDE, Vector2D.of(1, -1));

        final List<LinePath> minusBoundaryList = split.getMinus().getBoundaryPaths();
        Assertions.assertEquals(1, minusBoundaryList.size());

        final LinePath minusBoundary = minusBoundaryList.get(0);
        Assertions.assertEquals(1, minusBoundary.getElements().size());
        Assertions.assertTrue(minusBoundary.isInfinite());
        Assertions.assertSame(splitter, minusBoundary.getStart().getLine());

        checkClassify(split.getPlus(), RegionLocation.OUTSIDE, Vector2D.of(0, 1));
        checkClassify(split.getPlus(), RegionLocation.INSIDE, Vector2D.of(1, -1));

        final List<LinePath> plusBoundaryList = split.getPlus().getBoundaryPaths();
        Assertions.assertEquals(1, plusBoundaryList.size());

        final LinePath plusBoundary = minusBoundaryList.get(0);
        Assertions.assertEquals(1, plusBoundary.getElements().size());
        Assertions.assertTrue(plusBoundary.isInfinite());
        Assertions.assertSame(splitter, plusBoundary.getStart().getLine());
    }",RegionBSPTree2DTest::testSplit_full_oe
commons-geometry_1261,"@Test
    void testSplit_empty_oe() {
        // arrange
        final RegionBSPTree2D tree = RegionBSPTree2D.empty();

        final Line splitter = Lines.fromPointAndAngle(Vector2D.of(1, 0), 0.25 * Math.PI, TEST_PRECISION);

        // act
        final Split<RegionBSPTree2D> split = tree.split(splitter);

        // assert
        Assertions.assertEquals(SplitLocation.NEITHER, split.getLocation());

        Assertions.assertNull(split.getMinus());
        Assertions.assertNull(split.getPlus());
    }",RegionBSPTree2DTest::testSplit_empty_oe
commons-geometry_1262,"@Test
    void testSplit_bothSides_oe() {
        // arrange
        final RegionBSPTree2D tree = Parallelogram.axisAligned(Vector2D.ZERO, Vector2D.of(2, 1), TEST_PRECISION)
                .toTree();

        final Line splitter = Lines.fromPointAndAngle(Vector2D.ZERO, 0.25 * Math.PI, TEST_PRECISION);

        // act
        final Split<RegionBSPTree2D> split = tree.split(splitter);

        // assert
        Assertions.assertEquals(SplitLocation.BOTH, split.getLocation());

        final List<LinePath> minusPath = split.getMinus().getBoundaryPaths();
        Assertions.assertEquals(1, minusPath.size());
        checkVertices(minusPath.get(0), Vector2D.ZERO, Vector2D.of(1, 1),
                Vector2D.of(0, 1), Vector2D.ZERO);

        final List<LinePath> plusPath = split.getPlus().getBoundaryPaths();
        Assertions.assertEquals(1, plusPath.size());
        checkVertices(plusPath.get(0), Vector2D.ZERO, Vector2D.of(2, 0),
                Vector2D.of(2, 1), Vector2D.of(1, 1), Vector2D.ZERO);
    }",RegionBSPTree2DTest::testSplit_bothSides_oe
commons-geometry_1263,"@Test
    void testSplit_plusSideOnly_oe() {
        // arrange
        final RegionBSPTree2D tree = Parallelogram.axisAligned(Vector2D.ZERO, Vector2D.of(2, 1), TEST_PRECISION)
                .toTree();

        final Line splitter = Lines.fromPointAndAngle(Vector2D.of(0, 1), 0.25 * Math.PI, TEST_PRECISION);

        // act
        final Split<RegionBSPTree2D> split = tree.split(splitter);

        // assert
        Assertions.assertEquals(SplitLocation.PLUS, split.getLocation());

        Assertions.assertNull(split.getMinus());

        final List<LinePath> plusPath = split.getPlus().getBoundaryPaths();
        Assertions.assertEquals(1, plusPath.size());
        checkVertices(plusPath.get(0), Vector2D.ZERO, Vector2D.of(2, 0),
                Vector2D.of(2, 1), Vector2D.of(0, 1), Vector2D.ZERO);
    }",RegionBSPTree2DTest::testSplit_plusSideOnly_oe
commons-geometry_1264,"@Test
    void testSplit_minusSideOnly_oe() {
        // arrange
        final RegionBSPTree2D tree = Parallelogram.axisAligned(Vector2D.ZERO, Vector2D.of(2, 1), TEST_PRECISION)
                .toTree();

        final Line splitter = Lines.fromPointAndAngle(Vector2D.of(0, 1), 0.25 * Math.PI, TEST_PRECISION)
                .reverse();

        // act
        final Split<RegionBSPTree2D> split = tree.split(splitter);

        // assert
        Assertions.assertEquals(SplitLocation.MINUS, split.getLocation());

        final List<LinePath> minusPath = split.getMinus().getBoundaryPaths();
        Assertions.assertEquals(1, minusPath.size());
        checkVertices(minusPath.get(0), Vector2D.ZERO, Vector2D.of(2, 0),
                Vector2D.of(2, 1), Vector2D.of(0, 1), Vector2D.ZERO);

        Assertions.assertNull(split.getPlus());
    }",RegionBSPTree2DTest::testSplit_minusSideOnly_oe
commons-geometry_1265,"@Test
    void testGeometricProperties_full_oe() {
        // arrange
        final RegionBSPTree2D tree = RegionBSPTree2D.full();

        // act/assert
        GeometryTestUtils.assertPositiveInfinity(tree.getSize());
        Assertions.assertNull(tree.getCentroid());

        Assertions.assertEquals(0, tree.getBoundarySize(), TEST_EPS);

        Assertions.assertEquals(0, tree.getBoundaries().size());
        Assertions.assertEquals(0, tree.getBoundaryPaths().size());
    }",RegionBSPTree2DTest::testGeometricProperties_full_oe
commons-geometry_1266,"@Test
    void testGeometricProperties_empty_oe() {
        // arrange
        final RegionBSPTree2D tree = RegionBSPTree2D.empty();

        // act/assert
        Assertions.assertEquals(0, tree.getSize(), TEST_EPS);
        Assertions.assertNull(tree.getCentroid());

        Assertions.assertEquals(0, tree.getBoundarySize(), TEST_EPS);

        Assertions.assertEquals(0, tree.getBoundaries().size());
        Assertions.assertEquals(0, tree.getBoundaryPaths().size());
    }",RegionBSPTree2DTest::testGeometricProperties_empty_oe
commons-geometry_1267,"@Test
    void testGeometricProperties_halfSpace_oe() {
        // arrange
        final RegionBSPTree2D tree = RegionBSPTree2D.full();
        tree.getRoot().cut(X_AXIS);

        // act/assert
        GeometryTestUtils.assertPositiveInfinity(tree.getSize());
        Assertions.assertNull(tree.getCentroid());

        GeometryTestUtils.assertPositiveInfinity(tree.getBoundarySize());

        final List<LineConvexSubset> segments = tree.getBoundaries();
        Assertions.assertEquals(1, segments.size());

        final LineConvexSubset segment = segments.get(0);
        Assertions.assertSame(X_AXIS, segment.getLine());
        Assertions.assertNull(segment.getStartPoint());
        Assertions.assertNull(segment.getEndPoint());

        final List<LinePath> paths = tree.getBoundaryPaths();
        Assertions.assertEquals(1, paths.size());

        final LinePath path = paths.get(0);
        Assertions.assertEquals(1, path.getElements().size());
        assertSegmentsEqual(segment, path.getStart());
    }",RegionBSPTree2DTest::testGeometricProperties_halfSpace_oe
commons-geometry_1268,"@Test
    void testGeometricProperties_complementedHalfSpace_oe() {
        // arrange
        final RegionBSPTree2D tree = RegionBSPTree2D.full();
        tree.getRoot().cut(X_AXIS);

        tree.complement();

        // act/assert
        GeometryTestUtils.assertPositiveInfinity(tree.getSize());
        Assertions.assertNull(tree.getCentroid());

        GeometryTestUtils.assertPositiveInfinity(tree.getBoundarySize());

        final List<LineConvexSubset> segments = tree.getBoundaries();
        Assertions.assertEquals(1, segments.size());

        final LineConvexSubset segment = segments.get(0);
        Assertions.assertEquals(X_AXIS.reverse(), segment.getLine());
        Assertions.assertNull(segment.getStartPoint());
        Assertions.assertNull(segment.getEndPoint());

        final List<LinePath> paths = tree.getBoundaryPaths();
        Assertions.assertEquals(1, paths.size());

        final LinePath path = paths.get(0);
        Assertions.assertEquals(1, path.getElements().size());
        assertSegmentsEqual(segment, path.getElements().get(0));
    }",RegionBSPTree2DTest::testGeometricProperties_complementedHalfSpace_oe
commons-geometry_1269,"@Test
    void testGeometricProperties_quadrant_oe() {
        // arrange
        final RegionBSPTree2D tree = RegionBSPTree2D.empty();
        tree.getRoot().cut(X_AXIS)
            .getMinus().cut(Y_AXIS);

        // act/assert
        GeometryTestUtils.assertPositiveInfinity(tree.getSize());
        Assertions.assertNull(tree.getCentroid());

        GeometryTestUtils.assertPositiveInfinity(tree.getBoundarySize());

        final List<LineConvexSubset> segments = new ArrayList<>(tree.getBoundaries());
        Assertions.assertEquals(2, segments.size());

        segments.sort(SEGMENT_COMPARATOR);

        final LineConvexSubset firstSegment = segments.get(0);
        EuclideanTestUtils.assertCoordinatesEqual(Vector2D.ZERO, firstSegment.getStartPoint(), TEST_EPS);
        Assertions.assertNull(firstSegment.getEndPoint());
        Assertions.assertSame(Y_AXIS, firstSegment.getLine());

        final LineConvexSubset secondSegment = segments.get(1);
        Assertions.assertNull(secondSegment.getStartPoint());
        EuclideanTestUtils.assertCoordinatesEqual(Vector2D.ZERO, secondSegment.getEndPoint(), TEST_EPS);
        Assertions.assertSame(X_AXIS, secondSegment.getLine());

        final List<LinePath> paths = tree.getBoundaryPaths();
        Assertions.assertEquals(1, paths.size());

        final LinePath path = paths.get(0);
        Assertions.assertEquals(2, path.getElements().size());
        assertSegmentsEqual(secondSegment, path.getElements().get(0));
        assertSegmentsEqual(firstSegment, path.getElements().get(1));
    }",RegionBSPTree2DTest::testGeometricProperties_quadrant_oe
commons-geometry_1270,"@Test
    void testGeometricProperties_mixedCutRule_oe() {
        // arrange
        final RegionBSPTree2D tree = RegionBSPTree2D.empty();

        tree.getRoot().cut(Lines.fromPointAndAngle(Vector2D.ZERO, 0.25 * Math.PI, TEST_PRECISION),
                RegionCutRule.INHERIT);

        tree.getRoot()
            .getPlus().cut(X_AXIS, RegionCutRule.MINUS_INSIDE)
                .getMinus().cut(Lines.fromPointAndAngle(Vector2D.of(1, 0), 0.5 * Math.PI, TEST_PRECISION));

        tree.getRoot()
            .getMinus().cut(Lines.fromPointAndAngle(Vector2D.ZERO, 0.5 * Math.PI, TEST_PRECISION), RegionCutRule.PLUS_INSIDE)
                .getPlus().cut(Lines.fromPointAndAngle(Vector2D.of(1, 1), Math.PI, TEST_PRECISION))
                    .getMinus().cut(Lines.fromPointAndAngle(Vector2D.of(0.5, 0.5), 0.75 * Math.PI, TEST_PRECISION), RegionCutRule.INHERIT);

        // act/assert
        Assertions.assertEquals(1, tree.getSize(), TEST_EPS);
        EuclideanTestUtils.assertCoordinatesEqual(Vector2D.of(0.5, 0.5), tree.getCentroid(), TEST_EPS);

        Assertions.assertEquals(4, tree.getBoundarySize(), TEST_EPS);

        final List<LinePath> paths = tree.getBoundaryPaths();
        Assertions.assertEquals(1, paths.size());

        final LinePath path = paths.get(0);
        Assertions.assertEquals(4, path.getElements().size());

        final List<Vector2D> vertices = path.getVertexSequence();
        Assertions.assertEquals(5, vertices.size());
        EuclideanTestUtils.assertCoordinatesEqual(Vector2D.ZERO, vertices.get(0), TEST_EPS);
        EuclideanTestUtils.assertCoordinatesEqual(Vector2D.of(1, 0), vertices.get(1), TEST_EPS);
        EuclideanTestUtils.assertCoordinatesEqual(Vector2D.of(1, 1), vertices.get(2), TEST_EPS);
        EuclideanTestUtils.assertCoordinatesEqual(Vector2D.of(0, 1), vertices.get(3), TEST_EPS);
        EuclideanTestUtils.assertCoordinatesEqual(Vector2D.ZERO, vertices.get(4), TEST_EPS);
    }",RegionBSPTree2DTest::testGeometricProperties_mixedCutRule_oe
commons-geometry_1271,"@Test
    void testGeometricProperties_complementedQuadrant_oe() {
        // arrange
        final RegionBSPTree2D tree = RegionBSPTree2D.empty();
        tree.getRoot().cut(X_AXIS)
            .getMinus().cut(Y_AXIS);

        tree.complement();

        // act/assert
        GeometryTestUtils.assertPositiveInfinity(tree.getSize());
        Assertions.assertNull(tree.getCentroid());

        GeometryTestUtils.assertPositiveInfinity(tree.getBoundarySize());

        final List<LineConvexSubset> segments = new ArrayList<>(tree.getBoundaries());
        Assertions.assertEquals(2, segments.size());

        segments.sort(SEGMENT_COMPARATOR);

        final LineConvexSubset firstSegment = segments.get(0);
        EuclideanTestUtils.assertCoordinatesEqual(Vector2D.ZERO, firstSegment.getStartPoint(), TEST_EPS);
        Assertions.assertNull(firstSegment.getEndPoint());
        Assertions.assertEquals(X_AXIS.reverse(), firstSegment.getLine());

        final LineConvexSubset secondSegment = segments.get(1);
        Assertions.assertNull(secondSegment.getStartPoint());
        EuclideanTestUtils.assertCoordinatesEqual(Vector2D.ZERO, secondSegment.getEndPoint(), TEST_EPS);
        Assertions.assertEquals(Y_AXIS.reverse(), secondSegment.getLine());

        final List<LinePath> paths = tree.getBoundaryPaths();
        Assertions.assertEquals(1, paths.size());

        final LinePath path = paths.get(0);
        Assertions.assertEquals(2, path.getElements().size());
        assertSegmentsEqual(secondSegment, path.getElements().get(0));
        assertSegmentsEqual(firstSegment, path.getElements().get(1));
    }",RegionBSPTree2DTest::testGeometricProperties_complementedQuadrant_oe
commons-geometry_1272,"@Test
    void testGeometricProperties_closedRegion_oe() {
        // arrange
        final RegionBSPTree2D tree = RegionBSPTree2D.empty();
        tree.insert(LinePath.builder(TEST_PRECISION)
                .appendVertices(Vector2D.ZERO, Vector2D.of(1, 0), Vector2D.of(2, 1))
                .close());

        // act/assert
        Assertions.assertEquals(0.5, tree.getSize(), TEST_EPS);
        EuclideanTestUtils.assertCoordinatesEqual(Vector2D.of(1, 1.0 / 3.0), tree.getCentroid(), TEST_EPS);

        Assertions.assertEquals(1.0 + Math.sqrt(2) + Math.sqrt(5), tree.getBoundarySize(), TEST_EPS);

        final List<LineConvexSubset> segments = new ArrayList<>(tree.getBoundaries());
        segments.sort(SEGMENT_COMPARATOR);

        Assertions.assertEquals(3, segments.size());

        checkFiniteSegment(segments.get(0), Vector2D.ZERO, Vector2D.of(1, 0));
        checkFiniteSegment(segments.get(1), Vector2D.of(1, 0), Vector2D.of(2, 1));
        checkFiniteSegment(segments.get(2), Vector2D.of(2, 1), Vector2D.ZERO);

        final List<LinePath> paths = tree.getBoundaryPaths();
        Assertions.assertEquals(1, paths.size());

        checkVertices(paths.get(0), Vector2D.ZERO, Vector2D.of(1, 0), Vector2D.of(2, 1), Vector2D.ZERO);
    }",RegionBSPTree2DTest::testGeometricProperties_closedRegion_oe
commons-geometry_1273,"@Test
    void testGeometricProperties_complementedClosedRegion_oe() {
        // arrange
        final RegionBSPTree2D tree = RegionBSPTree2D.empty();
        tree.insert(LinePath.builder(TEST_PRECISION)
                .appendVertices(Vector2D.ZERO, Vector2D.of(1, 0), Vector2D.of(2, 1))
                .close());

        tree.complement();

        // act/assert
        GeometryTestUtils.assertPositiveInfinity(tree.getSize());
        Assertions.assertNull(tree.getCentroid());

        Assertions.assertEquals(1.0 + Math.sqrt(2) + Math.sqrt(5), tree.getBoundarySize(), TEST_EPS);

        final List<LineConvexSubset> segments = new ArrayList<>(tree.getBoundaries());
        segments.sort(SEGMENT_COMPARATOR);

        Assertions.assertEquals(3, segments.size());

        checkFiniteSegment(segments.get(0), Vector2D.ZERO, Vector2D.of(2, 1));
        checkFiniteSegment(segments.get(1), Vector2D.of(1, 0), Vector2D.ZERO);
        checkFiniteSegment(segments.get(2), Vector2D.of(2, 1), Vector2D.of(1, 0));

        final List<LinePath> paths = tree.getBoundaryPaths();
        Assertions.assertEquals(1, paths.size());

        checkVertices(paths.get(0), Vector2D.ZERO, Vector2D.of(2, 1), Vector2D.of(1, 0), Vector2D.ZERO);
    }",RegionBSPTree2DTest::testGeometricProperties_complementedClosedRegion_oe
commons-geometry_1274,"@Test
    void testGeometricProperties_regionWithHole_oe() {
        // arrange
        final RegionBSPTree2D tree = Parallelogram.axisAligned(Vector2D.ZERO, Vector2D.of(3, 3), TEST_PRECISION)
                .toTree();
        final RegionBSPTree2D inner = Parallelogram.axisAligned(Vector2D.of(1, 1), Vector2D.of(2, 2), TEST_PRECISION)
                .toTree();

        tree.difference(inner);

        // act/assert
        Assertions.assertEquals(8, tree.getSize(), TEST_EPS);
        EuclideanTestUtils.assertCoordinatesEqual(Vector2D.of(1.5, 1.5), tree.getCentroid(), TEST_EPS);

        Assertions.assertEquals(16, tree.getBoundarySize(), TEST_EPS);

        final List<LinePath> paths = tree.getBoundaryPaths();
        Assertions.assertEquals(2, paths.size());

        checkVertices(paths.get(0), Vector2D.of(0, 3), Vector2D.ZERO, Vector2D.of(3, 0),
                Vector2D.of(3, 3), Vector2D.of(0, 3));
        checkVertices(paths.get(1), Vector2D.of(1, 1), Vector2D.of(1, 2), Vector2D.of(2, 2),
                Vector2D.of(2, 1), Vector2D.of(1, 1));
    }",RegionBSPTree2DTest::testGeometricProperties_regionWithHole_oe
commons-geometry_1275,"@Test
    void testGeometricProperties_complementedRegionWithHole_oe() {
        // arrange
        final RegionBSPTree2D tree = Parallelogram.axisAligned(Vector2D.ZERO, Vector2D.of(3, 3), TEST_PRECISION)
                .toTree();
        final RegionBSPTree2D inner = Parallelogram.axisAligned(Vector2D.of(1, 1), Vector2D.of(2, 2), TEST_PRECISION)
                .toTree();

        tree.difference(inner);

        tree.complement();

        // act/assert
        GeometryTestUtils.assertPositiveInfinity(tree.getSize());
        Assertions.assertNull(tree.getCentroid());

        Assertions.assertEquals(16, tree.getBoundarySize(), TEST_EPS);

        final List<LinePath> paths = tree.getBoundaryPaths();
        Assertions.assertEquals(2, paths.size());

        checkVertices(paths.get(0), Vector2D.ZERO, Vector2D.of(0, 3), Vector2D.of(3, 3),
                Vector2D.of(3, 0), Vector2D.ZERO);
        checkVertices(paths.get(1), Vector2D.of(1, 1), Vector2D.of(2, 1), Vector2D.of(2, 2),
                Vector2D.of(1, 2), Vector2D.of(1, 1));
    }",RegionBSPTree2DTest::testGeometricProperties_complementedRegionWithHole_oe
commons-geometry_1276,"@Test
    void testFrom_boundaries_oe() {
        // act
        final RegionBSPTree2D tree = RegionBSPTree2D.from(Arrays.asList(
                    Lines.fromPoints(Vector2D.ZERO, Vector2D.Unit.PLUS_X, TEST_PRECISION).span(),
                    Lines.fromPoints(Vector2D.ZERO, Vector2D.Unit.PLUS_Y, TEST_PRECISION)
                        .rayFrom(Vector2D.ZERO)
                ));

        // assert
        Assertions.assertFalse(tree.isFull());
        Assertions.assertFalse(tree.isEmpty());

        Assertions.assertEquals(RegionLocation.OUTSIDE, tree.getRoot().getLocation());

        checkClassify(tree, RegionLocation.INSIDE, Vector2D.of(-1, 1));
        checkClassify(tree, RegionLocation.OUTSIDE,
                Vector2D.of(1, 1), Vector2D.of(1, -1), Vector2D.of(-1, -1));
    }",RegionBSPTree2DTest::testFrom_boundaries_oe
commons-geometry_1277,"@Test
    void testFrom_boundaries_fullIsTrue_oe() {
        // act
        final RegionBSPTree2D tree = RegionBSPTree2D.from(Arrays.asList(
                    Lines.fromPoints(Vector2D.ZERO, Vector2D.Unit.PLUS_X, TEST_PRECISION).span(),
                    Lines.fromPoints(Vector2D.ZERO, Vector2D.Unit.PLUS_Y, TEST_PRECISION)
                        .rayFrom(Vector2D.ZERO)
                ), true);

        // assert
        Assertions.assertFalse(tree.isFull());
        Assertions.assertFalse(tree.isEmpty());

        Assertions.assertEquals(RegionLocation.INSIDE, tree.getRoot().getLocation());

        checkClassify(tree, RegionLocation.INSIDE, Vector2D.of(-1, 1));
        checkClassify(tree, RegionLocation.OUTSIDE,
                Vector2D.of(1, 1), Vector2D.of(1, -1), Vector2D.of(-1, -1));
    }",RegionBSPTree2DTest::testFrom_boundaries_fullIsTrue_oe
commons-geometry_1278,"@Test
    void testFrom_boundaries_noBoundaries_oe() {
        // act/assert
        Assertions.assertTrue(RegionBSPTree2D.from(Collections.emptyList()).isEmpty());
        Assertions.assertTrue(RegionBSPTree2D.from(Collections.emptyList(), true).isFull());
        Assertions.assertTrue(RegionBSPTree2D.from(Collections.emptyList(), false).isEmpty());
    }",RegionBSPTree2DTest::testFrom_boundaries_noBoundaries_oe
commons-geometry_1279,"@Test
    void testToList_oe() {
        // arrange
        final RegionBSPTree2D tree = Parallelogram.axisAligned(Vector2D.ZERO, Vector2D.of(1, 1), TEST_PRECISION).toTree();

        // act
        final BoundaryList2D list = tree.toList();

        // assert
        Assertions.assertEquals(4, list.toList().count());
        Assertions.assertEquals(1, list.toTree().getSize(), TEST_EPS);
    }",RegionBSPTree2DTest::testToList_oe
commons-geometry_1280,"@Test
    void testToList_fullAndEmpty_oe() {
        // act/assert
        Assertions.assertEquals(0, RegionBSPTree2D.full().toList().count());
        Assertions.assertEquals(0, RegionBSPTree2D.empty().toList().count());
    }",RegionBSPTree2DTest::testToList_fullAndEmpty_oe
commons-geometry_1281,"@Test
    void testToTree_returnsSameInstance_oe() {
        // arrange
        final RegionBSPTree2D tree = Parallelogram.axisAligned(Vector2D.ZERO, Vector2D.of(1, 2), TEST_PRECISION).toTree();

        // act/assert
        Assertions.assertSame(tree, tree.toTree());
    }",RegionBSPTree2DTest::testToTree_returnsSameInstance_oe
commons-geometry_1282,"@Test
    void testProject_fullAndEmpty_oe() {
        // act/assert
        Assertions.assertNull(RegionBSPTree2D.full().project(Vector2D.ZERO));
        Assertions.assertNull(RegionBSPTree2D.empty().project(Vector2D.of(1, 2)));
    }",RegionBSPTree2DTest::testProject_fullAndEmpty_oe
commons-geometry_1283,"@Test
    void testProject_halfSpace_oe() {
        // arrange
        final RegionBSPTree2D tree = RegionBSPTree2D.full();
        tree.getRoot().cut(X_AXIS);

        // act/assert
        EuclideanTestUtils.assertCoordinatesEqual(Vector2D.ZERO, tree.project(Vector2D.ZERO), TEST_EPS);
        EuclideanTestUtils.assertCoordinatesEqual(Vector2D.of(-1, 0), tree.project(Vector2D.of(-1, 0)), TEST_EPS);
        EuclideanTestUtils.assertCoordinatesEqual(Vector2D.of(2, 0),
                tree.project(Vector2D.of(2, -1)), TEST_EPS);
        EuclideanTestUtils.assertCoordinatesEqual(Vector2D.of(-3, 0),
                tree.project(Vector2D.of(-3, 1)), TEST_EPS);
    }",RegionBSPTree2DTest::testProject_halfSpace_oe
commons-geometry_1284,"@Test
    void testProject_rect_oe() {
        // arrange
        final RegionBSPTree2D tree = Parallelogram.axisAligned(
                    Vector2D.of(1, 1), Vector2D.of(2, 2), TEST_PRECISION).toTree();

        // act/assert
        EuclideanTestUtils.assertCoordinatesEqual(Vector2D.of(1, 1), tree.project(Vector2D.ZERO), TEST_EPS);
        EuclideanTestUtils.assertCoordinatesEqual(Vector2D.of(1, 1), tree.project(Vector2D.of(1, 0)), TEST_EPS);
        EuclideanTestUtils.assertCoordinatesEqual(Vector2D.of(1.5, 1), tree.project(Vector2D.of(1.5, 0)), TEST_EPS);
        EuclideanTestUtils.assertCoordinatesEqual(Vector2D.of(2, 1), tree.project(Vector2D.of(2, 0)), TEST_EPS);
        EuclideanTestUtils.assertCoordinatesEqual(Vector2D.of(2, 1), tree.project(Vector2D.of(3, 0)), TEST_EPS);

        EuclideanTestUtils.assertCoordinatesEqual(Vector2D.of(1, 2), tree.project(Vector2D.of(1, 3)), TEST_EPS);
        EuclideanTestUtils.assertCoordinatesEqual(Vector2D.of(1, 2), tree.project(Vector2D.of(1, 3)), TEST_EPS);
        EuclideanTestUtils.assertCoordinatesEqual(Vector2D.of(1.5, 2), tree.project(Vector2D.of(1.5, 3)), TEST_EPS);
        EuclideanTestUtils.assertCoordinatesEqual(Vector2D.of(2, 2), tree.project(Vector2D.of(2, 3)), TEST_EPS);
        EuclideanTestUtils.assertCoordinatesEqual(Vector2D.of(2, 2), tree.project(Vector2D.of(3, 3)), TEST_EPS);

        EuclideanTestUtils.assertCoordinatesEqual(Vector2D.of(1, 1.5), tree.project(Vector2D.of(0, 1.5)), TEST_EPS);
        EuclideanTestUtils.assertCoordinatesEqual(Vector2D.of(1, 1.5), tree.project(Vector2D.of(1.5, 1.5)), TEST_EPS);
        EuclideanTestUtils.assertCoordinatesEqual(Vector2D.of(2, 1.5), tree.project(Vector2D.of(3, 1.5)), TEST_EPS);
    }",RegionBSPTree2DTest::testProject_rect_oe
commons-geometry_1285,"@Test
    void testTransform_oe() {
        // arrange
        final RegionBSPTree2D tree = Parallelogram.axisAligned(Vector2D.of(1, 1), Vector2D.of(3, 2), TEST_PRECISION)
                .toTree();

        final AffineTransformMatrix2D transform = AffineTransformMatrix2D.createScale(0.5, 2)
                .rotate(Angle.PI_OVER_TWO)
                .translate(Vector2D.of(0, -1));

        // act
        tree.transform(transform);

        // assert
        final List<LinePath> paths = tree.getBoundaryPaths();
        Assertions.assertEquals(1, paths.size());

        final LinePath path = paths.get(0);
        Assertions.assertEquals(4, path.getElements().size());
        checkFiniteSegment(path.getElements().get(0), Vector2D.of(-4, -0.5), Vector2D.of(-2, -0.5));
        checkFiniteSegment(path.getElements().get(1), Vector2D.of(-2, -0.5), Vector2D.of(-2, 0.5));
        checkFiniteSegment(path.getElements().get(2), Vector2D.of(-2, 0.5), Vector2D.of(-4, 0.5));
        checkFiniteSegment(path.getElements().get(3), Vector2D.of(-4, 0.5), Vector2D.of(-4, -0.5));
    }",RegionBSPTree2DTest::testTransform_oe
commons-geometry_1286,"@Test
    void testTransform_halfSpace_oe() {
        // arrange
        final RegionBSPTree2D tree = RegionBSPTree2D.empty();
        tree.getRoot().insertCut(Lines.fromPointAndAngle(Vector2D.of(0, 1), 0.0, TEST_PRECISION));

        final AffineTransformMatrix2D transform = AffineTransformMatrix2D.createScale(0.5, 2)
                .rotate(Angle.PI_OVER_TWO)
                .translate(Vector2D.of(1, 0));

        // act
        tree.transform(transform);

        // assert
        final List<LinePath> paths = tree.getBoundaryPaths();
        Assertions.assertEquals(1, paths.size());

        final LinePath path = paths.get(0);
        Assertions.assertEquals(1, path.getElements().size());
        final LineConvexSubset segment = path.getStart();
        Assertions.assertNull(segment.getStartPoint());
        Assertions.assertNull(segment.getEndPoint());

        final Line expectedLine = Lines.fromPointAndAngle(Vector2D.of(-1, 0), Angle.PI_OVER_TWO, TEST_PRECISION);
        Assertions.assertTrue(expectedLine.eq(segment.getLine(), expectedLine.getPrecision()));
    }",RegionBSPTree2DTest::testTransform_halfSpace_oe
commons-geometry_1287,"@Test
    void testTransform_fullAndEmpty_oe() {
        // arrange
        final RegionBSPTree2D full = RegionBSPTree2D.full();
        final RegionBSPTree2D empty = RegionBSPTree2D.empty();

        final AffineTransformMatrix2D transform = AffineTransformMatrix2D.createRotation(Angle.PI_OVER_TWO);

        // act
        full.transform(transform);
        empty.transform(transform);

        // assert
        Assertions.assertTrue(full.isFull());
        Assertions.assertTrue(empty.isEmpty());
    }",RegionBSPTree2DTest::testTransform_fullAndEmpty_oe
commons-geometry_1288,"@Test
    void testTransform_reflection_oe() {
        // arrange
        final RegionBSPTree2D tree = Parallelogram.axisAligned(Vector2D.of(1, 1), Vector2D.of(2, 2), TEST_PRECISION).toTree();

        final AffineTransformMatrix2D transform = AffineTransformMatrix2D.from(v -> Vector2D.of(-v.getX(), v.getY()));

        // act
        tree.transform(transform);

        // assert
        final List<LinePath> paths = tree.getBoundaryPaths();
        Assertions.assertEquals(1, paths.size());

        final LinePath path = paths.get(0);
        Assertions.assertEquals(4, path.getElements().size());
        checkFiniteSegment(path.getElements().get(0), Vector2D.of(-2, 1), Vector2D.of(-1, 1));
        checkFiniteSegment(path.getElements().get(1), Vector2D.of(-1, 1), Vector2D.of(-1, 2));
        checkFiniteSegment(path.getElements().get(2), Vector2D.of(-1, 2), Vector2D.of(-2, 2));
        checkFiniteSegment(path.getElements().get(3), Vector2D.of(-2, 2), Vector2D.of(-2, 1));
    }",RegionBSPTree2DTest::testTransform_reflection_oe
commons-geometry_1289,"@Test
    void testTransform_doubleReflection_oe() {
        // arrange
        final RegionBSPTree2D tree = Parallelogram.axisAligned(
                    Vector2D.of(1, 1), Vector2D.of(2, 2), TEST_PRECISION).toTree();

        final AffineTransformMatrix2D transform = AffineTransformMatrix2D.from(Vector2D::negate);

        // act
        tree.transform(transform);

        // assert
        final List<LinePath> paths = tree.getBoundaryPaths();
        Assertions.assertEquals(1, paths.size());

        final LinePath path = paths.get(0);
        Assertions.assertEquals(4, path.getElements().size());
        checkFiniteSegment(path.getElements().get(0), Vector2D.of(-2, -2), Vector2D.of(-1, -2));
        checkFiniteSegment(path.getElements().get(1), Vector2D.of(-1, -2), Vector2D.of(-1, -1));
        checkFiniteSegment(path.getElements().get(2), Vector2D.of(-1, -1), Vector2D.of(-2, -1));
        checkFiniteSegment(path.getElements().get(3), Vector2D.of(-2, -1), Vector2D.of(-2, -2));
    }",RegionBSPTree2DTest::testTransform_doubleReflection_oe
commons-geometry_1290,"@Test
    void testBooleanOperations_oe() {
        // arrange
        final RegionBSPTree2D tree = Parallelogram.axisAligned(Vector2D.ZERO, Vector2D.of(3, 3), TEST_PRECISION).toTree();
        RegionBSPTree2D temp;

        // act
        temp = Parallelogram.axisAligned(Vector2D.of(1, 1), Vector2D.of(2, 2), TEST_PRECISION).toTree();
        temp.complement();
        tree.intersection(temp);

        temp = Parallelogram.axisAligned(Vector2D.of(3, 0), Vector2D.of(6, 3), TEST_PRECISION).toTree();
        tree.union(temp);

        temp = Parallelogram.axisAligned(Vector2D.of(2, 1), Vector2D.of(5, 2), TEST_PRECISION).toTree();
        tree.difference(temp);

        temp.setFull();
        tree.xor(temp);

        // assert
        final List<LinePath> paths = tree.getBoundaryPaths();
        Assertions.assertEquals(2, paths.size());

        checkVertices(paths.get(0), Vector2D.ZERO, Vector2D.of(0, 3), Vector2D.of(6, 3),
                Vector2D.of(6, 0), Vector2D.ZERO);

        checkVertices(paths.get(1), Vector2D.of(1, 1), Vector2D.of(5, 1), Vector2D.of(5, 2),
                Vector2D.of(1, 2), Vector2D.of(1, 1));
    }",RegionBSPTree2DTest::testBooleanOperations_oe
commons-geometry_1291,"@Test
    void testFromPoints_oe() {
        // arrange
        final Vector2D p1 = Vector2D.of(1, 2);
        final Vector2D p2 = Vector2D.of(3, 2);

        // act
        final Segment seg = Lines.segmentFromPoints(p1, p2, TEST_PRECISION);

        // assert
        Assertions.assertFalse(seg.isFull());
        Assertions.assertFalse(seg.isEmpty());
        Assertions.assertFalse(seg.isInfinite());
        Assertions.assertTrue(seg.isFinite());

        EuclideanTestUtils.assertCoordinatesEqual(p1, seg.getStartPoint(), TEST_EPS);
        EuclideanTestUtils.assertCoordinatesEqual(p2, seg.getEndPoint(), TEST_EPS);
        EuclideanTestUtils.assertCoordinatesEqual(Vector2D.of(2, 2), seg.getCentroid(), TEST_EPS);

        Assertions.assertEquals(1, seg.getSubspaceStart(), TEST_EPS);
        Assertions.assertEquals(3, seg.getSubspaceEnd(), TEST_EPS);

        Assertions.assertEquals(2, seg.getSize(), TEST_EPS);
    }",SegmentTest::testFromPoints_oe
commons-geometry_1292,"@Test
    void testFromPoints_invalidArgs_oe() {
        // arrange
        final Vector2D p1 = Vector2D.of(0, 2);
        final Vector2D p2 = Vector2D.of(1e-17, 2);

        // act/assert
        GeometryTestUtils.assertThrowsWithMessage(() -> {
            Lines.segmentFromPoints(p1, p1, TEST_PRECISION);
        }, IllegalArgumentException.class, ""Line direction cannot be zero"");

        GeometryTestUtils.assertThrowsWithMessage(() -> {
            Lines.segmentFromPoints(p1, p2, TEST_PRECISION);
        }, IllegalArgumentException.class, ""Line direction cannot be zero"");
    }",SegmentTest::testFromPoints_invalidArgs_oe
commons-geometry_1293,"@Test
    void testFromPoints_givenLine_oe() {
        // arrange
        final Vector2D p1 = Vector2D.of(-1, 2);
        final Vector2D p2 = Vector2D.of(3, 3);

        final Line line = Lines.fromPointAndDirection(Vector2D.of(1, 0), Vector2D.Unit.PLUS_Y, TEST_PRECISION);

        // act
        final Segment seg = Lines.segmentFromPoints(line, p2, p1); // reverse location order

        // assert
        Assertions.assertFalse(seg.isFull());
        Assertions.assertFalse(seg.isEmpty());
        Assertions.assertFalse(seg.isInfinite());
        Assertions.assertTrue(seg.isFinite());

        EuclideanTestUtils.assertCoordinatesEqual(Vector2D.of(1, 2), seg.getStartPoint(), TEST_EPS);
        EuclideanTestUtils.assertCoordinatesEqual(Vector2D.of(1, 3), seg.getEndPoint(), TEST_EPS);
        EuclideanTestUtils.assertCoordinatesEqual(Vector2D.of(1, 2.5), seg.getCentroid(), TEST_EPS);

        Assertions.assertEquals(2, seg.getSubspaceStart(), TEST_EPS);
        Assertions.assertEquals(3, seg.getSubspaceEnd(), TEST_EPS);

        Assertions.assertEquals(1, seg.getSize(), TEST_EPS);
    }",SegmentTest::testFromPoints_givenLine_oe
commons-geometry_1294,"@Test
    void testFromPoints_givenLine_singlePoint_oe() {
        // arrange
        final Vector2D p1 = Vector2D.of(-1, 2);

        final Line line = Lines.fromPointAndDirection(Vector2D.of(1, 0), Vector2D.Unit.PLUS_Y, TEST_PRECISION);

        // act
        final Segment seg = Lines.segmentFromPoints(line, p1, p1);

        // assert
        Assertions.assertFalse(seg.isFull());
        Assertions.assertFalse(seg.isEmpty());
        Assertions.assertFalse(seg.isInfinite());
        Assertions.assertTrue(seg.isFinite());

        EuclideanTestUtils.assertCoordinatesEqual(Vector2D.of(1, 2), seg.getStartPoint(), TEST_EPS);
        EuclideanTestUtils.assertCoordinatesEqual(Vector2D.of(1, 2), seg.getEndPoint(), TEST_EPS);
        EuclideanTestUtils.assertCoordinatesEqual(Vector2D.of(1, 2), seg.getCentroid(), TEST_EPS);

        Assertions.assertEquals(2, seg.getSubspaceStart(), TEST_EPS);
        Assertions.assertEquals(2, seg.getSubspaceEnd(), TEST_EPS);

        Assertions.assertEquals(0, seg.getSize(), TEST_EPS);
    }",SegmentTest::testFromPoints_givenLine_singlePoint_oe
commons-geometry_1295,"@Test
    void testFromPoints_givenLine_invalidArgs_oe() {
        // arrange
        final Vector2D p0 = Vector2D.of(1, 0);
        final Vector2D p1 = Vector2D.of(2, 0);

        final Line line = Lines.fromPointAndAngle(Vector2D.ZERO, 0, TEST_PRECISION);

        // act/assert
        GeometryTestUtils.assertThrowsWithMessage(() -> {
            Lines.segmentFromPoints(line, Vector2D.NaN, p1);
        }, IllegalArgumentException.class, ""Invalid line segment locations: NaN, 2.0"");

        GeometryTestUtils.assertThrowsWithMessage(() -> {
            Lines.segmentFromPoints(line, p0, Vector2D.NaN);
        }, IllegalArgumentException.class, ""Invalid line segment locations: 1.0, NaN"");

        GeometryTestUtils.assertThrowsWithMessage(() -> {
            Lines.segmentFromPoints(line, Vector2D.NEGATIVE_INFINITY, p1);
        }, IllegalArgumentException.class, ""Invalid line segment locations: NaN, 2.0"");

        GeometryTestUtils.assertThrowsWithMessage(() -> {
            Lines.segmentFromPoints(line, p0, Vector2D.POSITIVE_INFINITY);
        }, IllegalArgumentException.class, ""Invalid line segment locations: 1.0, NaN"");
    }",SegmentTest::testFromPoints_givenLine_invalidArgs_oe
commons-geometry_1296,"@Test
    void testFromLocations_oe() {
        // arrange
        final Line line = Lines.fromPointAndDirection(Vector2D.of(-1, 0), Vector2D.Unit.PLUS_Y, TEST_PRECISION);

        // act
        final Segment seg = Lines.segmentFromLocations(line, -1, 2);

        // assert
        Assertions.assertFalse(seg.isFull());
        Assertions.assertFalse(seg.isEmpty());
        Assertions.assertFalse(seg.isInfinite());
        Assertions.assertTrue(seg.isFinite());

        EuclideanTestUtils.assertCoordinatesEqual(Vector2D.of(-1, -1), seg.getStartPoint(), TEST_EPS);
        EuclideanTestUtils.assertCoordinatesEqual(Vector2D.of(-1, 2), seg.getEndPoint(), TEST_EPS);
        EuclideanTestUtils.assertCoordinatesEqual(Vector2D.of(-1, 0.5), seg.getCentroid(), TEST_EPS);

        Assertions.assertEquals(-1, seg.getSubspaceStart(), TEST_EPS);
        Assertions.assertEquals(2, seg.getSubspaceEnd(), TEST_EPS);

        Assertions.assertEquals(3, seg.getSize(), TEST_EPS);
    }",SegmentTest::testFromLocations_oe
commons-geometry_1297,"@Test
    void testFromLocations_reversedLocationOrder_oe() {
        // arrange
        final Line line = Lines.fromPointAndDirection(Vector2D.of(-1, 0), Vector2D.Unit.PLUS_Y, TEST_PRECISION);

        // act
        final Segment seg = Lines.segmentFromLocations(line, 2, -1);

        // assert
        Assertions.assertFalse(seg.isFull());
        Assertions.assertFalse(seg.isEmpty());
        Assertions.assertFalse(seg.isInfinite());
        Assertions.assertTrue(seg.isFinite());

        EuclideanTestUtils.assertCoordinatesEqual(Vector2D.of(-1, -1), seg.getStartPoint(), TEST_EPS);
        EuclideanTestUtils.assertCoordinatesEqual(Vector2D.of(-1, 2), seg.getEndPoint(), TEST_EPS);
        EuclideanTestUtils.assertCoordinatesEqual(Vector2D.of(-1, 0.5), seg.getCentroid(), TEST_EPS);

        Assertions.assertEquals(-1, seg.getSubspaceStart(), TEST_EPS);
        Assertions.assertEquals(2, seg.getSubspaceEnd(), TEST_EPS);

        Assertions.assertEquals(3, seg.getSize(), TEST_EPS);
    }",SegmentTest::testFromLocations_reversedLocationOrder_oe
commons-geometry_1298,"@Test
    void testFromLocations_singlePoint_oe() {
        // arrange
        final Line line = Lines.fromPointAndDirection(Vector2D.of(-1, 0), Vector2D.Unit.PLUS_Y, TEST_PRECISION);

        // act
        final Segment seg = Lines.segmentFromLocations(line, 1, 1);

        // assert
        Assertions.assertFalse(seg.isFull());
        Assertions.assertFalse(seg.isEmpty());
        Assertions.assertFalse(seg.isInfinite());
        Assertions.assertTrue(seg.isFinite());

        EuclideanTestUtils.assertCoordinatesEqual(Vector2D.of(-1, 1), seg.getStartPoint(), TEST_EPS);
        EuclideanTestUtils.assertCoordinatesEqual(Vector2D.of(-1, 1), seg.getEndPoint(), TEST_EPS);
        EuclideanTestUtils.assertCoordinatesEqual(Vector2D.of(-1, 1), seg.getCentroid(), TEST_EPS);

        Assertions.assertEquals(1, seg.getSubspaceStart(), TEST_EPS);
        Assertions.assertEquals(1, seg.getSubspaceEnd(), TEST_EPS);

        Assertions.assertEquals(0, seg.getSize(), TEST_EPS);
    }",SegmentTest::testFromLocations_singlePoint_oe
commons-geometry_1299,"@Test
    void testFromLocations_invalidArgs_oe() {
        // arrange
        final Line line = Lines.fromPointAndAngle(Vector2D.ZERO, 0, TEST_PRECISION);

        // act/assert
        GeometryTestUtils.assertThrowsWithMessage(() -> {
            Lines.segmentFromLocations(line, Double.NaN, 2);
        }, IllegalArgumentException.class, ""Invalid line segment locations: NaN, 2.0"");

        GeometryTestUtils.assertThrowsWithMessage(() -> {
            Lines.segmentFromLocations(line, 1, Double.NaN);
        }, IllegalArgumentException.class, ""Invalid line segment locations: 1.0, NaN"");

        GeometryTestUtils.assertThrowsWithMessage(() -> {
            Lines.segmentFromLocations(line, Double.NEGATIVE_INFINITY, 2);
        }, IllegalArgumentException.class, ""Invalid line segment locations: -Infinity, 2.0"");

        GeometryTestUtils.assertThrowsWithMessage(() -> {
            Lines.segmentFromLocations(line, 1, Double.POSITIVE_INFINITY);
        }, IllegalArgumentException.class, ""Invalid line segment locations: 1.0, Infinity"");
    }",SegmentTest::testFromLocations_invalidArgs_oe
commons-geometry_1300,"@Test
    void testGetBounds_oe() {
        // arrange
        final Segment seg = Lines.segmentFromPoints(Vector2D.of(-1, 4), Vector2D.of(2, -2), TEST_PRECISION);

        // act
        final Bounds2D bounds = seg.getBounds();

        // assert
        EuclideanTestUtils.assertCoordinatesEqual(Vector2D.of(-1, -2), bounds.getMin(), TEST_EPS);
        EuclideanTestUtils.assertCoordinatesEqual(Vector2D.of(2, 4), bounds.getMax(), TEST_EPS);
    }",SegmentTest::testGetBounds_oe
commons-geometry_1301,"@Test
    void testTransform_oe() {
        // arrange
        final AffineTransformMatrix2D t = AffineTransformMatrix2D.createRotation(0.5 * Math.PI)
                .translate(Vector2D.Unit.PLUS_X);

        final Segment seg = Lines.segmentFromPoints(Vector2D.ZERO, Vector2D.of(1, 0), TEST_PRECISION);

        // act
        final Segment result = seg.transform(t);

        // assert
        EuclideanTestUtils.assertCoordinatesEqual(Vector2D.of(1, 0), result.getStartPoint(), TEST_EPS);
        EuclideanTestUtils.assertCoordinatesEqual(Vector2D.of(1, 1), result.getEndPoint(), TEST_EPS);
    }",SegmentTest::testTransform_oe
commons-geometry_1302,"@Test
    void testTransform_reflection_oe() {
        // arrange
        final AffineTransformMatrix2D t = AffineTransformMatrix2D.createRotation(0.5 * Math.PI)
                .translate(Vector2D.Unit.PLUS_X)
                .scale(1, -1);

        final Segment seg = Lines.segmentFromPoints(Vector2D.ZERO, Vector2D.of(1, 0), TEST_PRECISION);

        // act
        final Segment result = seg.transform(t);

        // assert
        EuclideanTestUtils.assertCoordinatesEqual(Vector2D.of(1, 0), result.getStartPoint(), TEST_EPS);
        EuclideanTestUtils.assertCoordinatesEqual(Vector2D.of(1, -1), result.getEndPoint(), TEST_EPS);
    }",SegmentTest::testTransform_reflection_oe
commons-geometry_1303,"@Test
    void testReverse_oe() {
        // arrange
        final Vector2D start = Vector2D.of(1, 2);

        EuclideanTestUtils.permuteSkipZero(-4, 4, 1, (x, y) -> {
            final Vector2D end = Vector2D.of(x, y).add(start);

            final Segment seg = Lines.segmentFromPoints(start, end, TEST_PRECISION);

            // act
            final Segment rev = seg.reverse();

            // assert
            Assertions.assertEquals(seg.getSize(), rev.getSize(), TEST_EPS);

            EuclideanTestUtils.assertCoordinatesEqual(seg.getLine().getOrigin(), rev.getLine().getOrigin(), TEST_EPS);
            Assertions.assertEquals(-1, seg.getLine().getDirection().dot(rev.getLine().getDirection()), TEST_EPS);

            EuclideanTestUtils.assertCoordinatesEqual(seg.getEndPoint(), rev.getStartPoint(), TEST_EPS);
            EuclideanTestUtils.assertCoordinatesEqual(seg.getStartPoint(), rev.getEndPoint(), TEST_EPS);
        });
    }",SegmentTest::testReverse_oe
commons-geometry_1304,"@Test
    void testClosest_oe() {
        // arrange
        final Vector2D p1 = Vector2D.of(0, -1);
        final Vector2D p2 = Vector2D.of(0, 1);
        final Segment seg = Lines.segmentFromPoints(p1, p2, TEST_PRECISION);

        // act/assert
        EuclideanTestUtils.assertCoordinatesEqual(p1, seg.closest(p1), TEST_EPS);
        EuclideanTestUtils.assertCoordinatesEqual(p1, seg.closest(Vector2D.of(0, -2)), TEST_EPS);
        EuclideanTestUtils.assertCoordinatesEqual(p1, seg.closest(Vector2D.of(2, -2)), TEST_EPS);
        EuclideanTestUtils.assertCoordinatesEqual(p1, seg.closest(Vector2D.of(-1, -1)), TEST_EPS);

        EuclideanTestUtils.assertCoordinatesEqual(p2, seg.closest(p2), TEST_EPS);
        EuclideanTestUtils.assertCoordinatesEqual(p2, seg.closest(Vector2D.of(0, 2)), TEST_EPS);
        EuclideanTestUtils.assertCoordinatesEqual(p2, seg.closest(Vector2D.of(-2, 2)), TEST_EPS);
        EuclideanTestUtils.assertCoordinatesEqual(p2, seg.closest(Vector2D.of(-1, 1)), TEST_EPS);

        EuclideanTestUtils.assertCoordinatesEqual(Vector2D.ZERO, seg.closest(Vector2D.ZERO), TEST_EPS);
        EuclideanTestUtils.assertCoordinatesEqual(Vector2D.of(0, 0.5), seg.closest(Vector2D.of(1, 0.5)), TEST_EPS);
        EuclideanTestUtils.assertCoordinatesEqual(Vector2D.of(0, -0.5), seg.closest(Vector2D.of(-2, -0.5)), TEST_EPS);
    }",SegmentTest::testClosest_oe
commons-geometry_1305,"@Test
    void testClassify_oe() {
        // arrange
        final Segment seg = Lines.segmentFromPoints(Vector2D.of(1, 1), Vector2D.of(3, 1), TEST_PRECISION);

        // act/assert
        EuclideanTestUtils.assertRegionLocation(seg, RegionLocation.OUTSIDE,
                Vector2D.of(2, 2), Vector2D.of(2, 0),
                Vector2D.of(0, 1), Vector2D.of(4, 1));

        EuclideanTestUtils.assertRegionLocation(seg, RegionLocation.BOUNDARY,
                Vector2D.of(1, 1), Vector2D.of(3, 1),
                Vector2D.of(1 + 1e-16, 1), Vector2D.of(3, 1 - 1e-12));

        EuclideanTestUtils.assertRegionLocation(seg, RegionLocation.INSIDE, Vector2D.of(2, 1));
    }",SegmentTest::testClassify_oe
commons-geometry_1306,"@Test
    void testSplit_pointsOnSplitterWithLineIntersection_oe() {
        // arrange
        // Create a segment with both of its points lying on the splitter but with the intersection
        // of the lines lying far enough away from the segment start point along the line to be
        // considered a valid 1D distance for a split. In this case, no split should be performed since
        // both points still lie on the splitter.
        final Precision.DoubleEquivalence precision = Precision.doubleEquivalenceOfEpsilon(1e-5);

        final Segment seg = Lines.segmentFromPoints(Vector2D.of(1, 1e-8), Vector2D.of(1.01, 1e-6), precision);

        final Line splitter = Lines.fromPointAndAngle(Vector2D.ZERO, 0, precision);

        // act
        final Split<LineConvexSubset> split = seg.split(splitter);

        // assert
        Assertions.assertEquals(SplitLocation.NEITHER, split.getLocation());

        Assertions.assertNull(split.getMinus());
        Assertions.assertNull(split.getPlus());
    }",SegmentTest::testSplit_pointsOnSplitterWithLineIntersection_oe
commons-geometry_1307,"@Test
    void testGetInterval_oe() {
        // arrange
        final Segment seg = Lines.segmentFromPoints(Vector2D.of(2, -1), Vector2D.of(2, 2), TEST_PRECISION);

        // act
        final Interval interval = seg.getInterval();

        // assert
        Assertions.assertEquals(-1, interval.getMin(), TEST_EPS);
        Assertions.assertEquals(2, interval.getMax(), TEST_EPS);

        Assertions.assertSame(seg.getLine().getPrecision(), interval.getMinBoundary().getPrecision());
    }",SegmentTest::testGetInterval_oe
commons-geometry_1308,"@Test
    void testGetInterval_singlePoint_oe() {
        // arrange
        final Line line = Lines.fromPointAndAngle(Vector2D.ZERO, 0, TEST_PRECISION);
        final Segment seg = Lines.segmentFromLocations(line, 1, 1);

        // act
        final Interval interval = seg.getInterval();

        // assert
        Assertions.assertEquals(1, interval.getMin(), TEST_EPS);
        Assertions.assertEquals(1, interval.getMax(), TEST_EPS);
        Assertions.assertEquals(0, interval.getSize(), TEST_EPS);

        Assertions.assertSame(seg.getLine().getPrecision(), interval.getMinBoundary().getPrecision());
    }",SegmentTest::testGetInterval_singlePoint_oe
commons-geometry_1309,"@Test
    void testToString_oe() {
        // arrange
        final Segment seg = Lines.segmentFromPoints(Vector2D.ZERO, Vector2D.of(1, 0), TEST_PRECISION);

        // act
        final String str = seg.toString();

        // assert
        GeometryTestUtils.assertContains(""Segment[startPoint= (0"", str);
        GeometryTestUtils.assertContains("", endPoint= (1"", str);
    }",SegmentTest::testToString_oe
commons-geometry_1310,"@Test
    void testFromPointAndDirection_oe() {
        // arrange
        final Vector2D p0 = Vector2D.of(1, 2);
        final Vector2D p1 = Vector2D.of(2, 2);

        // act
        final Ray ray = Lines.rayFromPointAndDirection(p0, p0.vectorTo(p1), TEST_PRECISION);

        // assert
        Assertions.assertFalse(ray.isFull());
        Assertions.assertFalse(ray.isEmpty());
        Assertions.assertTrue(ray.isInfinite());
        Assertions.assertFalse(ray.isFinite());

        EuclideanTestUtils.assertCoordinatesEqual(p0, ray.getStartPoint(), TEST_EPS);
        Assertions.assertNull(ray.getEndPoint());

        Assertions.assertEquals(1, ray.getSubspaceStart(), TEST_EPS);
        GeometryTestUtils.assertPositiveInfinity(ray.getSubspaceEnd());

        GeometryTestUtils.assertPositiveInfinity(ray.getSize());
        Assertions.assertNull(ray.getCentroid());
        Assertions.assertNull(ray.getBounds());

        EuclideanTestUtils.assertCoordinatesEqual(p0.vectorTo(p1), ray.getDirection(), TEST_EPS);
    }",RayTest::testFromPointAndDirection_oe
commons-geometry_1311,"@Test
    void testFromPointAndDirection_invalidArgs_oe() {
        // arrange
        final Vector2D p = Vector2D.of(0, 2);
        final Vector2D d = Vector2D.of(1e-17, -1e-12);

        // act/assert
        GeometryTestUtils.assertThrowsWithMessage(() -> {
            Lines.rayFromPointAndDirection(p, d, TEST_PRECISION);
        }, IllegalArgumentException.class, ""Line direction cannot be zero"");
    }",RayTest::testFromPointAndDirection_invalidArgs_oe
commons-geometry_1312,"@Test
    void testFromPoint_oe() {
        // arrange
        final Vector2D p0 = Vector2D.of(1, 1);
        final Vector2D p1 = Vector2D.of(1, 2);
        final Vector2D p3 = Vector2D.of(3, 3);

        final Line line = Lines.fromPoints(p0, p1, TEST_PRECISION);

        // act
        final Ray ray = Lines.rayFromPoint(line, p3);

        // assert
        Assertions.assertFalse(ray.isFull());
        Assertions.assertFalse(ray.isEmpty());
        Assertions.assertTrue(ray.isInfinite());
        Assertions.assertFalse(ray.isFinite());

        EuclideanTestUtils.assertCoordinatesEqual(Vector2D.of(1, 3), ray.getStartPoint(), TEST_EPS);
        Assertions.assertNull(ray.getEndPoint());

        Assertions.assertEquals(3, ray.getSubspaceStart(), TEST_EPS);
        GeometryTestUtils.assertPositiveInfinity(ray.getSubspaceEnd());

        GeometryTestUtils.assertPositiveInfinity(ray.getSize());
        Assertions.assertNull(ray.getCentroid());
        Assertions.assertNull(ray.getBounds());

        EuclideanTestUtils.assertCoordinatesEqual(p0.vectorTo(p1), ray.getDirection(), TEST_EPS);
    }",RayTest::testFromPoint_oe
commons-geometry_1313,"@Test
    void testFromPoint_invalidArgs_oe() {
        // arrange
        final Vector2D p = Vector2D.of(0, 2);
        final Vector2D d = Vector2D.of(1, 1);
        final Line line = Lines.fromPointAndDirection(p, d, TEST_PRECISION);

        // act/assert
        GeometryTestUtils.assertThrowsWithMessage(() -> {
            Lines.rayFromPoint(line, Vector2D.NaN);
        }, IllegalArgumentException.class, ""Invalid ray start point: (NaN, NaN)"");

        GeometryTestUtils.assertThrowsWithMessage(() -> {
            Lines.rayFromPoint(line, Vector2D.POSITIVE_INFINITY);
        }, IllegalArgumentException.class, ""Invalid ray start point: (Infinity, Infinity)"");

        GeometryTestUtils.assertThrowsWithMessage(() -> {
            Lines.rayFromPoint(line, Vector2D.NEGATIVE_INFINITY);
        }, IllegalArgumentException.class, ""Invalid ray start point: (-Infinity, -Infinity)"");
    }",RayTest::testFromPoint_invalidArgs_oe
commons-geometry_1314,"@Test
    void testFromLocation_oe() {
        // arrange
        final Vector2D p0 = Vector2D.of(1, 1);
        final Vector2D p1 = Vector2D.of(1, 2);

        final Line line = Lines.fromPoints(p0, p1, TEST_PRECISION);

        // act
        final Ray ray = Lines.rayFromLocation(line, -2);

        // assert
        Assertions.assertFalse(ray.isFull());
        Assertions.assertFalse(ray.isEmpty());
        Assertions.assertTrue(ray.isInfinite());
        Assertions.assertFalse(ray.isFinite());

        EuclideanTestUtils.assertCoordinatesEqual(Vector2D.of(1, -2), ray.getStartPoint(), TEST_EPS);
        Assertions.assertNull(ray.getEndPoint());

        Assertions.assertEquals(-2, ray.getSubspaceStart(), TEST_EPS);
        GeometryTestUtils.assertPositiveInfinity(ray.getSubspaceEnd());

        GeometryTestUtils.assertPositiveInfinity(ray.getSize());
        Assertions.assertNull(ray.getCentroid());
        Assertions.assertNull(ray.getBounds());

        EuclideanTestUtils.assertCoordinatesEqual(p0.vectorTo(p1), ray.getDirection(), TEST_EPS);
    }",RayTest::testFromLocation_oe
commons-geometry_1315,"@Test
    void testFromLocation_invalidArgs_oe() {
        // arrange
        final Vector2D p = Vector2D.of(0, 2);
        final Vector2D d = Vector2D.of(1, 1);
        final Line line = Lines.fromPointAndDirection(p, d, TEST_PRECISION);

        // act/assert
        GeometryTestUtils.assertThrowsWithMessage(() -> {
            Lines.rayFromLocation(line, Double.NaN);
        }, IllegalArgumentException.class, ""Invalid ray start location: NaN"");

        GeometryTestUtils.assertThrowsWithMessage(() -> {
            Lines.rayFromLocation(line, Double.POSITIVE_INFINITY);
        }, IllegalArgumentException.class, ""Invalid ray start location: Infinity"");

        GeometryTestUtils.assertThrowsWithMessage(() -> {
            Lines.rayFromLocation(line, Double.NEGATIVE_INFINITY);
        }, IllegalArgumentException.class, ""Invalid ray start location: -Infinity"");
    }",RayTest::testFromLocation_invalidArgs_oe
commons-geometry_1316,"@Test
    void testTransform_oe() {
        // arrange
        final AffineTransformMatrix2D t = AffineTransformMatrix2D.createRotation(-0.5 * Math.PI)
                .translate(Vector2D.Unit.PLUS_X);

        final Ray ray = Lines.rayFromPointAndDirection(Vector2D.of(1, 0), Vector2D.Unit.PLUS_X, TEST_PRECISION);

        // act
        final Ray result = ray.transform(t);

        // assert
        EuclideanTestUtils.assertCoordinatesEqual(Vector2D.of(1, -1), result.getStartPoint(), TEST_EPS);
        EuclideanTestUtils.assertCoordinatesEqual(Vector2D.Unit.MINUS_Y, result.getDirection(), TEST_EPS);
    }",RayTest::testTransform_oe
commons-geometry_1317,"@Test
    void testTransform_reflection_oe() {
        // arrange
        final AffineTransformMatrix2D t = AffineTransformMatrix2D.createRotation(0.5 * Math.PI)
                .translate(Vector2D.Unit.PLUS_X)
                .scale(1, -1);

        final Ray ray = Lines.rayFromPointAndDirection(Vector2D.of(2, 3), Vector2D.Unit.PLUS_X, TEST_PRECISION);

        // act
        final Ray result = ray.transform(t);

        // assert
        EuclideanTestUtils.assertCoordinatesEqual(Vector2D.of(-2, -2), result.getStartPoint(), TEST_EPS);
        EuclideanTestUtils.assertCoordinatesEqual(Vector2D.Unit.MINUS_Y, result.getDirection(), TEST_EPS);
    }",RayTest::testTransform_reflection_oe
commons-geometry_1318,"@Test
    void testReverse_oe() {
        // arrange
        final Vector2D start = Vector2D.of(1, 2);

        EuclideanTestUtils.permuteSkipZero(-4, 4, 1, (x, y) -> {
            final Vector2D dir = Vector2D.of(x, y);

            final Ray ray = Lines.rayFromPointAndDirection(start, dir, TEST_PRECISION);

            // act
            final ReverseRay rev = ray.reverse();

            // assert
            EuclideanTestUtils.assertCoordinatesEqual(ray.getLine().getOrigin(), rev.getLine().getOrigin(), TEST_EPS);
            Assertions.assertEquals(-1, ray.getLine().getDirection().dot(rev.getLine().getDirection()), TEST_EPS);

            EuclideanTestUtils.assertCoordinatesEqual(ray.getStartPoint(), rev.getEndPoint(), TEST_EPS);
        });
    }",RayTest::testReverse_oe
commons-geometry_1319,"@Test
    void testClosest_oe() {
        // arrange
        final Vector2D p1 = Vector2D.of(0, -1);
        final Vector2D p2 = Vector2D.of(0, 1);
        final Ray ray = Lines.rayFromPointAndDirection(p1, p1.directionTo(p2), TEST_PRECISION);

        // act/assert
        EuclideanTestUtils.assertCoordinatesEqual(p1, ray.closest(p1), TEST_EPS);
        EuclideanTestUtils.assertCoordinatesEqual(p1, ray.closest(Vector2D.of(0, -2)), TEST_EPS);
        EuclideanTestUtils.assertCoordinatesEqual(p1, ray.closest(Vector2D.of(2, -2)), TEST_EPS);
        EuclideanTestUtils.assertCoordinatesEqual(p1, ray.closest(Vector2D.of(-1, -1)), TEST_EPS);

        EuclideanTestUtils.assertCoordinatesEqual(p2, ray.closest(p2), TEST_EPS);
        EuclideanTestUtils.assertCoordinatesEqual(Vector2D.of(0, 2), ray.closest(Vector2D.of(0, 2)), TEST_EPS);
        EuclideanTestUtils.assertCoordinatesEqual(Vector2D.of(0, 2), ray.closest(Vector2D.of(-2, 2)), TEST_EPS);
        EuclideanTestUtils.assertCoordinatesEqual(Vector2D.of(0, 1), ray.closest(Vector2D.of(-1, 1)), TEST_EPS);

        EuclideanTestUtils.assertCoordinatesEqual(Vector2D.ZERO, ray.closest(Vector2D.ZERO), TEST_EPS);
        EuclideanTestUtils.assertCoordinatesEqual(Vector2D.of(0, 0.5), ray.closest(Vector2D.of(1, 0.5)), TEST_EPS);
        EuclideanTestUtils.assertCoordinatesEqual(Vector2D.of(0, -0.5), ray.closest(Vector2D.of(-2, -0.5)), TEST_EPS);
    }",RayTest::testClosest_oe
commons-geometry_1320,"@Test
    void testClassify_oe() {
        // arrange
        final Ray ray = Lines.rayFromPointAndDirection(Vector2D.of(1, 1), Vector2D.Unit.PLUS_X, TEST_PRECISION);

        // act/assert
        EuclideanTestUtils.assertRegionLocation(ray, RegionLocation.OUTSIDE,
                Vector2D.of(2, 2), Vector2D.of(2, 0),
                Vector2D.of(-5, 1), Vector2D.of(0, 1));

        EuclideanTestUtils.assertRegionLocation(ray, RegionLocation.BOUNDARY,
                Vector2D.of(1, 1), Vector2D.of(1 + 1e-16, 1));

        EuclideanTestUtils.assertRegionLocation(ray, RegionLocation.INSIDE,
                Vector2D.of(2, 1), Vector2D.of(5, 1 + 1e-16));
    }",RayTest::testClassify_oe
commons-geometry_1321,"@Test
    void testSplit_smallAngle_pointOnSplitter_oe() {
        // arrange
        final Precision.DoubleEquivalence precision = Precision.doubleEquivalenceOfEpsilon(1e-5);

        final Ray ray = Lines.rayFromPointAndDirection(Vector2D.of(1, 1e-6), Vector2D.of(-1, -1e-2), precision);

        final Line splitter = Lines.fromPointAndAngle(Vector2D.ZERO, 0, precision);

        // act
        final Split<LineConvexSubset> split = ray.split(splitter);

        // assert
        Assertions.assertEquals(SplitLocation.PLUS, split.getLocation());

        Assertions.assertNull(split.getMinus());
        Assertions.assertSame(ray, split.getPlus());
    }",RayTest::testSplit_smallAngle_pointOnSplitter_oe
commons-geometry_1322,"@Test
    void testGetInterval_oe() {
        // arrange
        final Ray ray = Lines.rayFromPointAndDirection(Vector2D.of(2, -1), Vector2D.Unit.PLUS_X, TEST_PRECISION);

        // act
        final Interval interval = ray.getInterval();

        // assert
        Assertions.assertEquals(2, interval.getMin(), TEST_EPS);
        GeometryTestUtils.assertPositiveInfinity(interval.getMax());

        Assertions.assertSame(ray.getLine().getPrecision(), interval.getMinBoundary().getPrecision());
    }",RayTest::testGetInterval_oe
commons-geometry_1323,"@Test
    void testToString_oe() {
        // arrange
        final Ray ray = Lines.rayFromPointAndDirection(Vector2D.ZERO, Vector2D.of(1, 0), TEST_PRECISION);

        // act
        final String str = ray.toString();

        // assert
        GeometryTestUtils.assertContains(""Ray[startPoint= (0"", str);
        GeometryTestUtils.assertContains("", direction= (1"", str);
    }",RayTest::testToString_oe
commons-geometry_1324,"@Test
    void testToSubspaceAndToSpace_oe() {
        // arrange
        final LineSubset subset = Lines.fromPointAndAngle(Vector2D.of(0, 1), 0.0, TEST_PRECISION)
                .span();

        // act/assert
        EuclideanTestUtils.assertCoordinatesEqual(Vector2D.of(2, 1), subset.toSpace(Vector1D.of(2)), TEST_EPS);
        EuclideanTestUtils.assertCoordinatesEqual(Vector1D.of(2), subset.toSubspace(Vector2D.of(2, 1)), TEST_EPS);
    }",LineSubsetTest::testToSubspaceAndToSpace_oe
commons-geometry_1325,"@Test
    void testFull_oe() {
        // act
        final ConvexArea area = ConvexArea.full();

        // assert
        Assertions.assertTrue(area.isFull());
        Assertions.assertFalse(area.isEmpty());

        Assertions.assertEquals(0.0, area.getBoundarySize(), TEST_EPS);
        GeometryTestUtils.assertPositiveInfinity(area.getSize());
        Assertions.assertNull(area.getCentroid());
        Assertions.assertNull(area.getBounds());
    }",ConvexAreaTest::testFull_oe
commons-geometry_1326,"@Test
    void testBoundaryStream_oe() {
        // arrange
        final Line line = Lines.fromPointAndAngle(Vector2D.ZERO, 0, TEST_PRECISION);
        final ConvexArea area = ConvexArea.fromBounds(line);

        // act
        final List<LineConvexSubset> segments = area.boundaryStream().collect(Collectors.toList());

        // assert
        Assertions.assertEquals(1, segments.size());
        final LineConvexSubset segment = segments.get(0);
        Assertions.assertNull(segment.getStartPoint());
        Assertions.assertNull(segment.getEndPoint());
        Assertions.assertSame(line, segment.getLine());
    }",ConvexAreaTest::testBoundaryStream_oe
commons-geometry_1327,"@Test
    void testBoundaryStream_full_oe() {
        // arrange
        final ConvexArea area = ConvexArea.full();

        // act
        final List<LineConvexSubset> segments = area.boundaryStream().collect(Collectors.toList());

        // assert
        Assertions.assertEquals(0, segments.size());
    }",ConvexAreaTest::testBoundaryStream_full_oe
commons-geometry_1328,"@Test
    void testToList_oe() {
        // arrange
        final ConvexArea area = ConvexArea.convexPolygonFromVertices(Arrays.asList(
                    Vector2D.ZERO, Vector2D.of(1, 0), Vector2D.of(0, 1)
                ), TEST_PRECISION);

        // act
        final BoundaryList2D list = area.toList();

        // assert
        Assertions.assertEquals(3, list.count());
        Assertions.assertEquals(area.getBoundaries(), list.getBoundaries());
    }",ConvexAreaTest::testToList_oe
commons-geometry_1329,"@Test
    void testToList_full_oe() {
        // arrange
        final ConvexArea area = ConvexArea.full();

        // act
        final BoundaryList2D list = area.toList();

        // assert
        Assertions.assertEquals(0, list.count());
    }",ConvexAreaTest::testToList_full_oe
commons-geometry_1330,"@Test
    void testToTree_oe() {
        // arrange
        final ConvexArea area = ConvexArea.fromBounds(
                    Lines.fromPointAndAngle(Vector2D.ZERO, 0.0, TEST_PRECISION),
                    Lines.fromPointAndAngle(Vector2D.of(1, 0), Angle.PI_OVER_TWO, TEST_PRECISION),
                    Lines.fromPointAndAngle(Vector2D.of(1, 1), Math.PI, TEST_PRECISION),
                    Lines.fromPointAndAngle(Vector2D.of(0, 1), -Angle.PI_OVER_TWO, TEST_PRECISION)
                );

        // act
        final RegionBSPTree2D tree = area.toTree();

        // assert
        Assertions.assertFalse(tree.isFull());
        Assertions.assertFalse(tree.isEmpty());

        Assertions.assertEquals(1, tree.getSize(), TEST_EPS);
        EuclideanTestUtils.assertCoordinatesEqual(Vector2D.of(0.5, 0.5), tree.getCentroid(), TEST_EPS);
    }",ConvexAreaTest::testToTree_oe
commons-geometry_1331,"@Test
    void testToTree_full_oe() {
        // arrange
        final ConvexArea area = ConvexArea.full();

        // act
        final RegionBSPTree2D tree = area.toTree();

        // assert
        Assertions.assertTrue(tree.isFull());
        Assertions.assertFalse(tree.isEmpty());
    }",ConvexAreaTest::testToTree_full_oe
commons-geometry_1332,"@Test
    void testTransform_full_oe() {
        // arrange
        final AffineTransformMatrix2D transform = AffineTransformMatrix2D.createScale(3);
        final ConvexArea area = ConvexArea.full();

        // act
        final ConvexArea transformed = area.transform(transform);

        // assert
        Assertions.assertSame(area, transformed);
    }",ConvexAreaTest::testTransform_full_oe
commons-geometry_1333,"@Test
    void testTransform_infinite_oe() {
        // arrange
        final AffineTransformMatrix2D mat = AffineTransformMatrix2D
                .createRotation(Vector2D.of(0, 1), Angle.PI_OVER_TWO)
                .scale(Vector2D.of(3, 2));

        final ConvexArea area = ConvexArea.fromBounds(
                Lines.fromPointAndAngle(Vector2D.ZERO, 0.25 * Math.PI, TEST_PRECISION),
                Lines.fromPointAndAngle(Vector2D.ZERO, -0.25 * Math.PI, TEST_PRECISION));

        // act
        final ConvexArea transformed = area.transform(mat);

        // assert
        Assertions.assertNotSame(area, transformed);

        final List<LinePath> paths = transformed.getBoundaryPaths();
        Assertions.assertEquals(1, paths.size());

        final List<LineConvexSubset> segments = paths.get(0).getElements();
        Assertions.assertEquals(2, segments.size());

        final LineConvexSubset firstSegment = segments.get(0);
        Assertions.assertNull(firstSegment.getStartPoint());
        EuclideanTestUtils.assertCoordinatesEqual(Vector2D.of(3, 2), firstSegment.getEndPoint(), TEST_EPS);
        Assertions.assertEquals(Math.atan2(2, 3), firstSegment.getLine().getAngle(), TEST_EPS);

        final LineConvexSubset secondSegment = segments.get(1);
        EuclideanTestUtils.assertCoordinatesEqual(Vector2D.of(3, 2), secondSegment.getStartPoint(), TEST_EPS);
        Assertions.assertNull(secondSegment.getEndPoint());
        Assertions.assertEquals(Math.atan2(2, -3), secondSegment.getLine().getAngle(), TEST_EPS);
    }",ConvexAreaTest::testTransform_infinite_oe
commons-geometry_1334,"@Test
    void testTransform_finite_oe() {
        // arrange
        final AffineTransformMatrix2D mat = AffineTransformMatrix2D.createScale(Vector2D.of(1, 2));

        final ConvexArea area = ConvexArea.convexPolygonFromVertices(Arrays.asList(
                    Vector2D.of(1, 1), Vector2D.of(2, 1),
                    Vector2D.of(2, 2), Vector2D.of(1, 2)
                ), TEST_PRECISION);

        // act
        final ConvexArea transformed = area.transform(mat);

        // assert
        Assertions.assertNotSame(area, transformed);

        final List<LineConvexSubset> segments = transformed.getBoundaries();
        Assertions.assertEquals(4, segments.size());

        Assertions.assertEquals(2, transformed.getSize(), TEST_EPS);
        Assertions.assertEquals(6, transformed.getBoundarySize(), TEST_EPS);
        EuclideanTestUtils.assertCoordinatesEqual(Vector2D.of(1.5, 3), transformed.getCentroid(), TEST_EPS);

        EuclideanTestUtils.assertRegionLocation(transformed, RegionLocation.BOUNDARY,
                Vector2D.of(1, 2), Vector2D.of(2, 2), Vector2D.of(2, 4), Vector2D.of(1, 4));
        EuclideanTestUtils.assertRegionLocation(transformed, RegionLocation.INSIDE, transformed.getCentroid());
    }",ConvexAreaTest::testTransform_finite_oe
commons-geometry_1335,"@Test
    void testTransform_finite_withSingleReflection_oe() {
        // arrange
        final AffineTransformMatrix2D mat = AffineTransformMatrix2D.createScale(Vector2D.of(-1, 2));

        final ConvexArea area = ConvexArea.convexPolygonFromVertices(Arrays.asList(
                    Vector2D.of(1, 1), Vector2D.of(2, 1),
                    Vector2D.of(2, 2), Vector2D.of(1, 2)
                ), TEST_PRECISION);

        // act
        final ConvexArea transformed = area.transform(mat);

        // assert
        Assertions.assertNotSame(area, transformed);

        final List<LineConvexSubset> segments = transformed.getBoundaries();
        Assertions.assertEquals(4, segments.size());

        Assertions.assertEquals(2, transformed.getSize(), TEST_EPS);
        Assertions.assertEquals(6, transformed.getBoundarySize(), TEST_EPS);
        EuclideanTestUtils.assertCoordinatesEqual(Vector2D.of(-1.5, 3), transformed.getCentroid(), TEST_EPS);

        EuclideanTestUtils.assertRegionLocation(transformed, RegionLocation.BOUNDARY,
                Vector2D.of(-1, 2), Vector2D.of(-2, 2), Vector2D.of(-2, 4), Vector2D.of(-1, 4));
        EuclideanTestUtils.assertRegionLocation(transformed, RegionLocation.INSIDE, transformed.getCentroid());
    }",ConvexAreaTest::testTransform_finite_withSingleReflection_oe
commons-geometry_1336,"@Test
    void testTransform_finite_withDoubleReflection_oe() {
        // arrange
        final AffineTransformMatrix2D mat = AffineTransformMatrix2D.createScale(Vector2D.of(-1, -2));

        final ConvexArea area = ConvexArea.convexPolygonFromVertices(Arrays.asList(
                    Vector2D.of(1, 1), Vector2D.of(2, 1),
                    Vector2D.of(2, 2), Vector2D.of(1, 2)
                ), TEST_PRECISION);

        // act
        final ConvexArea transformed = area.transform(mat);

        // assert
        Assertions.assertNotSame(area, transformed);

        final List<LineConvexSubset> segments = transformed.getBoundaries();
        Assertions.assertEquals(4, segments.size());

        Assertions.assertEquals(2, transformed.getSize(), TEST_EPS);
        Assertions.assertEquals(6, transformed.getBoundarySize(), TEST_EPS);
        EuclideanTestUtils.assertCoordinatesEqual(Vector2D.of(-1.5, -3), transformed.getCentroid(), TEST_EPS);

        EuclideanTestUtils.assertRegionLocation(transformed, RegionLocation.BOUNDARY,
                Vector2D.of(-1, -2), Vector2D.of(-2, -2), Vector2D.of(-2, -4), Vector2D.of(-1, -4));
        EuclideanTestUtils.assertRegionLocation(transformed, RegionLocation.INSIDE, transformed.getCentroid());
    }",ConvexAreaTest::testTransform_finite_withDoubleReflection_oe
commons-geometry_1337,"@Test
    void testGetVertices_full_oe() {
        // arrange
        final ConvexArea area = ConvexArea.full();

        // act/assert
        Assertions.assertEquals(0, area.getVertices().size());
    }",ConvexAreaTest::testGetVertices_full_oe
commons-geometry_1338,"@Test
    void testGetVertices_twoParallelLines_oe() {
        // arrange
        final ConvexArea area = ConvexArea.fromBounds(
                    Lines.fromPointAndAngle(Vector2D.of(0, 1), Math.PI, TEST_PRECISION),
                    Lines.fromPointAndAngle(Vector2D.of(0, -1), 0.0, TEST_PRECISION)
                );

        // act/assert
        Assertions.assertEquals(0, area.getVertices().size());
    }",ConvexAreaTest::testGetVertices_twoParallelLines_oe
commons-geometry_1339,"@Test
    void testGetVertices_infiniteWithVertices_oe() {
        // arrange
        final ConvexArea area = ConvexArea.fromBounds(
                    Lines.fromPointAndAngle(Vector2D.of(0, 1), Math.PI, TEST_PRECISION),
                    Lines.fromPointAndAngle(Vector2D.of(0, -1), 0.0, TEST_PRECISION),
                    Lines.fromPointAndAngle(Vector2D.of(1, 0), Angle.PI_OVER_TWO, TEST_PRECISION)
                );

        // act
        final List<Vector2D> vertices = area.getVertices();

        // assert
        Assertions.assertEquals(2, vertices.size());

        EuclideanTestUtils.assertCoordinatesEqual(Vector2D.of(1, -1), vertices.get(0), TEST_EPS);
        EuclideanTestUtils.assertCoordinatesEqual(Vector2D.of(1, 1), vertices.get(1), TEST_EPS);
    }",ConvexAreaTest::testGetVertices_infiniteWithVertices_oe
commons-geometry_1340,"@Test
    void testGetVertices_finite_oe() {
        // arrange
        final ConvexArea area = ConvexArea.convexPolygonFromVertices(Arrays.asList(
                    Vector2D.ZERO,
                    Vector2D.Unit.PLUS_X,
                    Vector2D.Unit.PLUS_Y
                ), TEST_PRECISION);

        // act
        final List<Vector2D> vertices = area.getVertices();

        // assert
        Assertions.assertEquals(3, vertices.size());

        EuclideanTestUtils.assertCoordinatesEqual(Vector2D.ZERO, vertices.get(0), TEST_EPS);
        EuclideanTestUtils.assertCoordinatesEqual(Vector2D.Unit.PLUS_X, vertices.get(1), TEST_EPS);
        EuclideanTestUtils.assertCoordinatesEqual(Vector2D.Unit.PLUS_Y, vertices.get(2), TEST_EPS);
    }",ConvexAreaTest::testGetVertices_finite_oe
commons-geometry_1341,"@Test
    void testGetVertices_mismatchedEndpoints_oe() {
        // This test checks the case where we have a valid set of boundary segments but
        // with a small mismatch in the endpoints of some of the segments (possibly due
        // to floating point errors).

        // arrange
        final Precision.DoubleEquivalence precision = Precision.doubleEquivalenceOfEpsilon(1e-2);

        final Vector2D p1 = Vector2D.ZERO;
        final Vector2D p2 = Vector2D.of(0.99, 0);
        final Vector2D p3 = Vector2D.of(1, 0.002);
        final Vector2D p4 = Vector2D.of(0.995, -0.001);
        final Vector2D p5 = Vector2D.of(1, 1);

        final ConvexArea area = new ConvexArea(Arrays.asList(
                    Lines.segmentFromPoints(p1, p2, precision),
                    Lines.segmentFromPoints(p2, p3, precision),
                    Lines.segmentFromPoints(p4, p5, precision),
                    Lines.segmentFromPoints(p5, p1, precision)
                ));

        // act
        final List<Vector2D> vertices = area.getVertices();

        // assert
        Assertions.assertEquals(Arrays.asList(p1, p2, p3, p5), vertices);
    }",ConvexAreaTest::testGetVertices_mismatchedEndpoints_oe
commons-geometry_1342,"@Test
    void testGetBounds_infinite_oe() {
        // act/assert
        Assertions.assertNull(ConvexArea.full().getBounds());
        Assertions.assertNull(ConvexArea.fromBounds(Lines.fromPointAndAngle(Vector2D.ZERO,Angle.PI_OVER_TWO,TEST_PRECISION)).getBounds());
    }",ConvexAreaTest::testGetBounds_infinite_oe
commons-geometry_1343,"@Test
    void testGetBounds_square_oe() {
        // arrange
        final ConvexArea area = ConvexArea.fromBounds(createSquareBoundingLines(Vector2D.of(-1, -1), 2, 1));

        // act
        final Bounds2D bounds = area.getBounds();

        // assert
        EuclideanTestUtils.assertCoordinatesEqual(Vector2D.of(-1, -1), bounds.getMin(), TEST_EPS);
        EuclideanTestUtils.assertCoordinatesEqual(Vector2D.of(1, 0), bounds.getMax(), TEST_EPS);
    }",ConvexAreaTest::testGetBounds_square_oe
commons-geometry_1344,"@Test
    void testProject_full_oe() {
        // arrange
        final ConvexArea area = ConvexArea.full();

        // act/assert
        Assertions.assertNull(area.project(Vector2D.ZERO));
        Assertions.assertNull(area.project(Vector2D.Unit.PLUS_X));
    }",ConvexAreaTest::testProject_full_oe
commons-geometry_1345,"@Test
    void testProject_halfSpace_oe() {
        // arrange
        final ConvexArea area = ConvexArea.fromBounds(
                Lines.fromPointAndAngle(Vector2D.ZERO, Angle.PI_OVER_TWO, TEST_PRECISION));

        // act/assert
        EuclideanTestUtils.assertCoordinatesEqual(Vector2D.of(0, 1), area.project(Vector2D.of(1, 1)), TEST_EPS);
        EuclideanTestUtils.assertCoordinatesEqual(Vector2D.of(0, 2), area.project(Vector2D.of(-2, 2)), TEST_EPS);
        EuclideanTestUtils.assertCoordinatesEqual(Vector2D.of(0, -3), area.project(Vector2D.of(1, -3)), TEST_EPS);
        EuclideanTestUtils.assertCoordinatesEqual(Vector2D.of(0, -4), area.project(Vector2D.of(-2, -4)), TEST_EPS);
    }",ConvexAreaTest::testProject_halfSpace_oe
commons-geometry_1346,"@Test
    void testProject_square_oe() {
        // arrange
        final ConvexArea area = ConvexArea.fromBounds(createSquareBoundingLines(Vector2D.ZERO, 1, 1));

        // act/assert
        EuclideanTestUtils.assertCoordinatesEqual(Vector2D.of(1, 1), area.project(Vector2D.of(1, 1)), TEST_EPS);
        EuclideanTestUtils.assertCoordinatesEqual(Vector2D.of(1, 1), area.project(Vector2D.of(2, 2)), TEST_EPS);

        EuclideanTestUtils.assertCoordinatesEqual(Vector2D.ZERO, area.project(Vector2D.ZERO), TEST_EPS);
        EuclideanTestUtils.assertCoordinatesEqual(Vector2D.ZERO, area.project(Vector2D.of(-1, -1)), TEST_EPS);

        EuclideanTestUtils.assertCoordinatesEqual(Vector2D.of(0, 0.5), area.project(Vector2D.of(0.1, 0.5)), TEST_EPS);
        EuclideanTestUtils.assertCoordinatesEqual(Vector2D.of(0.2, 1), area.project(Vector2D.of(0.2, 0.9)), TEST_EPS);

        EuclideanTestUtils.assertCoordinatesEqual(Vector2D.of(0.5, 0), area.project(Vector2D.of(0.5, 0.5)), TEST_EPS);
    }",ConvexAreaTest::testProject_square_oe
commons-geometry_1347,"@Test
    void testTrim_full_oe() {
        // arrange
        final ConvexArea area = ConvexArea.full();
        final Segment segment = Lines.segmentFromPoints(Vector2D.ZERO, Vector2D.Unit.PLUS_Y, TEST_PRECISION);

        // act
        final LineConvexSubset trimmed = area.trim(segment);

        // assert
        Assertions.assertSame(segment, trimmed);
    }",ConvexAreaTest::testTrim_full_oe
commons-geometry_1348,"@Test
    void testTrim_halfSpace_oe() {
        // arrange
        final ConvexArea area = ConvexArea.fromBounds(Lines.fromPointAndAngle(Vector2D.ZERO, 0.0, TEST_PRECISION));
        final LineConvexSubset segment = Lines.fromPoints(Vector2D.Unit.MINUS_Y, Vector2D.Unit.PLUS_Y, TEST_PRECISION).span();

        // act
        final LineConvexSubset trimmed = area.trim(segment);

        // assert
        EuclideanTestUtils.assertCoordinatesEqual(Vector2D.ZERO, trimmed.getStartPoint(), TEST_EPS);
        GeometryTestUtils.assertPositiveInfinity(trimmed.getSubspaceEnd());
    }",ConvexAreaTest::testTrim_halfSpace_oe
commons-geometry_1349,"@Test
    void testTrim_square_oe() {
        // arrange
        final ConvexArea area = ConvexArea.fromBounds(createSquareBoundingLines(Vector2D.ZERO, 1, 1));
        final LineConvexSubset segment = Lines.fromPoints(Vector2D.of(0.5, 0), Vector2D.of(0.5, 1), TEST_PRECISION).span();

        // act
        final LineConvexSubset trimmed = area.trim(segment);

        // assert
        EuclideanTestUtils.assertCoordinatesEqual(Vector2D.of(0.5, 0), trimmed.getStartPoint(), TEST_EPS);
        EuclideanTestUtils.assertCoordinatesEqual(Vector2D.of(0.5, 1), trimmed.getEndPoint(), TEST_EPS);
    }",ConvexAreaTest::testTrim_square_oe
commons-geometry_1350,"@Test
    void testTrim_segmentOutsideOfRegion_oe() {
        // arrange
        final ConvexArea area = ConvexArea.fromBounds(createSquareBoundingLines(Vector2D.ZERO, 1, 1));
        final LineConvexSubset segment = Lines.fromPoints(Vector2D.of(-0.5, 0), Vector2D.of(-0.5, 1), TEST_PRECISION).span();

        // act
        final LineConvexSubset trimmed = area.trim(segment);

        // assert
        Assertions.assertNull(trimmed);
    }",ConvexAreaTest::testTrim_segmentOutsideOfRegion_oe
commons-geometry_1351,"@Test
    void testTrim_segmentDirectlyOnBoundaryOfRegion_oe() {
        // arrange
        final ConvexArea area = ConvexArea.fromBounds(createSquareBoundingLines(Vector2D.ZERO, 1, 1));
        final LineConvexSubset segment = Lines.fromPoints(Vector2D.of(1, 0), Vector2D.of(1, 1), TEST_PRECISION).span();

        // act
        final LineConvexSubset trimmed = area.trim(segment);

        // assert
        Assertions.assertNull(trimmed);
    }",ConvexAreaTest::testTrim_segmentDirectlyOnBoundaryOfRegion_oe
commons-geometry_1352,"@Test
    void testSplit_full_oe() {
        // arrange
        final ConvexArea input = ConvexArea.full();

        final Line splitter = Lines.fromPointAndAngle(Vector2D.ZERO, 0.0, TEST_PRECISION);

        // act
        final Split<ConvexArea> split = input.split(splitter);

        // act
        Assertions.assertEquals(SplitLocation.BOTH, split.getLocation());

        final ConvexArea minus = split.getMinus();
        Assertions.assertFalse(minus.isFull());
        Assertions.assertFalse(minus.isEmpty());

        GeometryTestUtils.assertPositiveInfinity(minus.getBoundarySize());
        GeometryTestUtils.assertPositiveInfinity(minus.getSize());
        Assertions.assertNull(minus.getCentroid());

        final List<LineConvexSubset> minusSegments = minus.getBoundaries();
        Assertions.assertEquals(1, minusSegments.size());
        Assertions.assertEquals(splitter, minusSegments.get(0).getLine());

        final ConvexArea plus = split.getPlus();
        Assertions.assertFalse(plus.isFull());
        Assertions.assertFalse(plus.isEmpty());

        GeometryTestUtils.assertPositiveInfinity(plus.getBoundarySize());
        GeometryTestUtils.assertPositiveInfinity(plus.getSize());
        Assertions.assertNull(plus.getCentroid());

        final List<LineConvexSubset> plusSegments = plus.getBoundaries();
        Assertions.assertEquals(1, plusSegments.size());
        Assertions.assertEquals(splitter, plusSegments.get(0).getLine().reverse());
    }",ConvexAreaTest::testSplit_full_oe
commons-geometry_1353,"@Test
    void testSplit_halfSpace_split_oe() {
        // arrange
        final ConvexArea area = ConvexArea.fromBounds(Lines.fromPoints(Vector2D.ZERO, Vector2D.Unit.PLUS_X, TEST_PRECISION));
        final Line splitter = Lines.fromPointAndAngle(Vector2D.ZERO, 0.25 * Math.PI, TEST_PRECISION);

        // act
        final Split<ConvexArea> split = area.split(splitter);

        // assert
        Assertions.assertEquals(SplitLocation.BOTH, split.getLocation());

        final ConvexArea minus = split.getMinus();
        Assertions.assertFalse(minus.isFull());
        Assertions.assertFalse(minus.isEmpty());

        GeometryTestUtils.assertPositiveInfinity(minus.getBoundarySize());
        GeometryTestUtils.assertPositiveInfinity(minus.getSize());
        Assertions.assertNull(minus.getCentroid());

        Assertions.assertEquals(2, minus.getBoundaries().size());

        final ConvexArea plus = split.getPlus();
        Assertions.assertFalse(plus.isFull());
        Assertions.assertFalse(plus.isEmpty());

        GeometryTestUtils.assertPositiveInfinity(plus.getBoundarySize());
        GeometryTestUtils.assertPositiveInfinity(plus.getSize());
        Assertions.assertNull(plus.getCentroid());

        Assertions.assertEquals(2, plus.getBoundaries().size());
    }",ConvexAreaTest::testSplit_halfSpace_split_oe
commons-geometry_1354,"@Test
    void testSplit_halfSpace_splitOnBoundary_oe() {
        // arrange
        final ConvexArea area = ConvexArea.fromBounds(Lines.fromPoints(Vector2D.ZERO, Vector2D.Unit.PLUS_X, TEST_PRECISION));
        final Line splitter = Lines.fromPoints(Vector2D.ZERO, Vector2D.Unit.PLUS_X, TEST_PRECISION);

        // act
        final Split<ConvexArea> split = area.split(splitter);

        // assert
        Assertions.assertEquals(SplitLocation.MINUS, split.getLocation());

        Assertions.assertSame(area, split.getMinus());
        Assertions.assertNull(split.getPlus());
    }",ConvexAreaTest::testSplit_halfSpace_splitOnBoundary_oe
commons-geometry_1355,"@Test
    void testSplit_halfSpace_splitOnBoundaryWithReversedSplitter_oe() {
        // arrange
        final ConvexArea area = ConvexArea.fromBounds(Lines.fromPoints(Vector2D.ZERO, Vector2D.Unit.PLUS_X, TEST_PRECISION));
        final Line splitter = Lines.fromPoints(Vector2D.ZERO, Vector2D.Unit.PLUS_X, TEST_PRECISION).reverse();

        // act
        final Split<ConvexArea> split = area.split(splitter);

        // assert
        Assertions.assertEquals(SplitLocation.PLUS, split.getLocation());

        Assertions.assertNull(split.getMinus());
        Assertions.assertSame(area, split.getPlus());
    }",ConvexAreaTest::testSplit_halfSpace_splitOnBoundaryWithReversedSplitter_oe
commons-geometry_1356,"@Test
    void testSplit_square_split_oe() {
        // arrange
        final ConvexArea area = ConvexArea.fromBounds(createSquareBoundingLines(Vector2D.of(1, 1), 2, 1));
        final Line splitter = Lines.fromPointAndAngle(Vector2D.of(2, 1), Angle.PI_OVER_TWO, TEST_PRECISION);

        // act
        final Split<ConvexArea> split = area.split(splitter);

        // assert
        Assertions.assertEquals(SplitLocation.BOTH, split.getLocation());

        final ConvexArea minus = split.getMinus();
        Assertions.assertFalse(minus.isFull());
        Assertions.assertFalse(minus.isEmpty());

        Assertions.assertEquals(4, minus.getBoundarySize(), TEST_EPS);
        Assertions.assertEquals(1, minus.getSize(), TEST_EPS);
        EuclideanTestUtils.assertCoordinatesEqual(Vector2D.of(1.5, 1.5), minus.getCentroid(), TEST_EPS);

        Assertions.assertEquals(4, minus.getBoundaries().size());

        final ConvexArea plus = split.getPlus();
        Assertions.assertFalse(plus.isFull());
        Assertions.assertFalse(plus.isEmpty());

        Assertions.assertEquals(4, plus.getBoundarySize(), TEST_EPS);
        Assertions.assertEquals(1, plus.getSize(), TEST_EPS);
        EuclideanTestUtils.assertCoordinatesEqual(Vector2D.of(2.5, 1.5), plus.getCentroid(), TEST_EPS);

        Assertions.assertEquals(4, plus.getBoundaries().size());
    }",ConvexAreaTest::testSplit_square_split_oe
commons-geometry_1357,"@Test
    void testSplit_square_splitOnVertices_oe() {
        // arrange
        final ConvexArea area = ConvexArea.fromBounds(createSquareBoundingLines(Vector2D.of(1, 1), 1, 1));
        final Line splitter = Lines.fromPoints(Vector2D.of(1, 1), Vector2D.of(2, 2), TEST_PRECISION);

        // act
        final Split<ConvexArea> split = area.split(splitter);

        // assert
        Assertions.assertEquals(SplitLocation.BOTH, split.getLocation());

        final ConvexArea minus = split.getMinus();
        Assertions.assertFalse(minus.isFull());
        Assertions.assertFalse(minus.isEmpty());

        Assertions.assertEquals(2 + Math.sqrt(2), minus.getBoundarySize(), TEST_EPS);
        Assertions.assertEquals(0.5, minus.getSize(), TEST_EPS);
        EuclideanTestUtils.assertCoordinatesEqual(Vector2D.of(4.0 / 3.0, 5.0 / 3.0), minus.getCentroid(), TEST_EPS);

        Assertions.assertEquals(3, minus.getBoundaries().size());

        final ConvexArea plus = split.getPlus();
        Assertions.assertFalse(plus.isFull());
        Assertions.assertFalse(plus.isEmpty());

        Assertions.assertEquals(2 + Math.sqrt(2), plus.getBoundarySize(), TEST_EPS);
        Assertions.assertEquals(0.5, plus.getSize(), TEST_EPS);
        EuclideanTestUtils.assertCoordinatesEqual(Vector2D.of(5.0 / 3.0, 4.0 / 3.0), plus.getCentroid(), TEST_EPS);

        Assertions.assertEquals(3, plus.getBoundaries().size());
    }",ConvexAreaTest::testSplit_square_splitOnVertices_oe
commons-geometry_1358,"@Test
    void testSplit_square_splitOnVerticesWithReversedSplitter_oe() {
        // arrange
        final ConvexArea area = ConvexArea.fromBounds(createSquareBoundingLines(Vector2D.of(1, 1), 1, 1));
        final Line splitter = Lines.fromPoints(Vector2D.of(1, 1), Vector2D.of(2, 2), TEST_PRECISION).reverse();

        // act
        final Split<ConvexArea> split = area.split(splitter);

        // assert
        Assertions.assertEquals(SplitLocation.BOTH, split.getLocation());

        final ConvexArea minus = split.getMinus();
        Assertions.assertFalse(minus.isFull());
        Assertions.assertFalse(minus.isEmpty());

        Assertions.assertEquals(2 + Math.sqrt(2), minus.getBoundarySize(), TEST_EPS);
        Assertions.assertEquals(0.5, minus.getSize(), TEST_EPS);
        EuclideanTestUtils.assertCoordinatesEqual(Vector2D.of(5.0 / 3.0, 4.0 / 3.0), minus.getCentroid(), TEST_EPS);

        Assertions.assertEquals(3, minus.getBoundaries().size());

        final ConvexArea plus = split.getPlus();
        Assertions.assertFalse(plus.isFull());
        Assertions.assertFalse(plus.isEmpty());

        Assertions.assertEquals(2 + Math.sqrt(2), plus.getBoundarySize(), TEST_EPS);
        Assertions.assertEquals(0.5, plus.getSize(), TEST_EPS);
        EuclideanTestUtils.assertCoordinatesEqual(Vector2D.of(4.0 / 3.0, 5.0 / 3.0), plus.getCentroid(), TEST_EPS);

        Assertions.assertEquals(3, plus.getBoundaries().size());
    }",ConvexAreaTest::testSplit_square_splitOnVerticesWithReversedSplitter_oe
commons-geometry_1359,"@Test
    void testSplit_square_entirelyOnMinus_oe() {
        // arrange
        final ConvexArea area = ConvexArea.fromBounds(createSquareBoundingLines(Vector2D.of(1, 1), 1, 1));
        final Line splitter = Lines.fromPoints(Vector2D.of(3, 1), Vector2D.of(3, 2), TEST_PRECISION);

        // act
        final Split<ConvexArea> split = area.split(splitter);

        // assert
        Assertions.assertEquals(SplitLocation.MINUS, split.getLocation());
        Assertions.assertSame(area, split.getMinus());
        Assertions.assertNull(split.getPlus());
    }",ConvexAreaTest::testSplit_square_entirelyOnMinus_oe
commons-geometry_1360,"@Test
    void testSplit_square_onMinusBoundary_oe() {
        // arrange
        final ConvexArea area = ConvexArea.fromBounds(createSquareBoundingLines(Vector2D.of(1, 1), 1, 1));
        final Line splitter = Lines.fromPoints(Vector2D.of(2, 1), Vector2D.of(2, 2), TEST_PRECISION);

        // act
        final Split<ConvexArea> split = area.split(splitter);

        // assert
        Assertions.assertEquals(SplitLocation.MINUS, split.getLocation());
        Assertions.assertSame(area, split.getMinus());
        Assertions.assertNull(split.getPlus());
    }",ConvexAreaTest::testSplit_square_onMinusBoundary_oe
commons-geometry_1361,"@Test
    void testSplit_square_entirelyOnPlus_oe() {
        // arrange
        final ConvexArea area = ConvexArea.fromBounds(createSquareBoundingLines(Vector2D.of(1, 1), 1, 1));
        final Line splitter = Lines.fromPoints(Vector2D.of(0, 1), Vector2D.of(0, 2), TEST_PRECISION);

        // act
        final Split<ConvexArea> split = area.split(splitter);

        // assert
        Assertions.assertEquals(SplitLocation.PLUS, split.getLocation());
        Assertions.assertNull(split.getMinus());
        Assertions.assertSame(area, split.getPlus());
    }",ConvexAreaTest::testSplit_square_entirelyOnPlus_oe
commons-geometry_1362,"@Test
    void testSplit_square_onPlusBoundary_oe() {
        // arrange
        final ConvexArea area = ConvexArea.fromBounds(createSquareBoundingLines(Vector2D.of(1, 1), 1, 1));
        final Line splitter = Lines.fromPoints(Vector2D.of(1, 1), Vector2D.of(1, 2), TEST_PRECISION);

        // act
        final Split<ConvexArea> split = area.split(splitter);

        // assert
        Assertions.assertEquals(SplitLocation.PLUS, split.getLocation());
        Assertions.assertNull(split.getMinus());
        Assertions.assertSame(area, split.getPlus());
    }",ConvexAreaTest::testSplit_square_onPlusBoundary_oe
commons-geometry_1363,"@Test
    void testSplit_fannedLines_oe() {
        // arrange
        final Line a = Lines.fromPointAndDirection(
                Vector2D.of(0.00600526260605261, -0.3392565140336253),
                Vector2D.of(0.9998433697734339, 0.017698472253402094), TEST_PRECISION);
        final Line b = Lines.fromPointAndDirection(
                Vector2D.of(-0.05020576603061953, 1.7524758059156824),
                Vector2D.of(0.9995898847600798, 0.02863672965494457), TEST_PRECISION);

        final ConvexArea area = ConvexArea.fromBounds(a, b.reverse());

        final Line splitter = Lines.fromPointAndDirection(
                Vector2D.of(0.01581855191043128, -2.5270731411451215),
                Vector2D.of(0.999980409069402, 0.006259510954681248), TEST_PRECISION);

        // act
        final Split<ConvexArea> split = area.split(splitter);

        // assert
        Assertions.assertEquals(SplitLocation.MINUS, split.getLocation());
        Assertions.assertSame(area, split.getMinus());
        Assertions.assertNull(split.getPlus());
    }",ConvexAreaTest::testSplit_fannedLines_oe
commons-geometry_1364,"@Test
    void testSplit_trimmedSplitterDiscrepancy_oe() {
        // The following example came from a failed invocation of the Sphere.toTree() method.
        // This test checks the case where the splitter trimmed to the area is non-empty but
        // the boundaries split by the splitter all lies on a single side.

        // arrange
        final Precision.DoubleEquivalence precision = Precision.doubleEquivalenceOfEpsilon(1e-10);

        final Vector2D p1 = Vector2D.of(-100.27622744776312, -39.236143934478704);
        final Vector2D p2 = Vector2D.of(-100.23149336840831, -39.28090397981739);
        final Vector2D p3 = Vector2D.of(-96.28607710958399, -39.25486984391497);
        final ConvexArea area = ConvexArea.fromBounds(
                    Lines.fromPointAndDirection(p1, Vector2D.of(-0.00601644753700725, -0.9999819010157307), precision),
                    Lines.fromPoints(p1, p2, precision),
                    Lines.fromPoints(p2, p3, precision),
                    Lines.fromPointAndDirection(p3, Vector2D.of(0.9999648811047153, 0.008380725340508379), precision)
                );

        final Line splitter = Lines.fromPointAndDirection(
                Vector2D.of(-68.9981806624852, -70.04669274578112),
                Vector2D.of(0.7124186895479748, -0.7017546656651072),
                precision);

        // act
        final Split<ConvexArea> minusSplit = area.split(splitter);
        final Split<ConvexArea> plusSplit = area.split(splitter.reverse());

        // assert
        Assertions.assertEquals(SplitLocation.MINUS, minusSplit.getLocation());

        Assertions.assertSame(area, minusSplit.getMinus());
        Assertions.assertNull(minusSplit.getPlus());

        Assertions.assertEquals(SplitLocation.PLUS, plusSplit.getLocation());

        Assertions.assertNull(plusSplit.getMinus());
        Assertions.assertSame(area, plusSplit.getPlus());
    }",ConvexAreaTest::testSplit_trimmedSplitterDiscrepancy_oe
commons-geometry_1365,"@Test
    void testToString_oe() {
        // arrange
        final ConvexArea area = ConvexArea.full();

        // act
        final String str = area.toString();

        // assert
        Assertions.assertTrue(str.contains(""ConvexArea""));
        Assertions.assertTrue(str.contains(""boundaries= ""));
    }",ConvexAreaTest::testToString_oe
commons-geometry_1366,"@Test
    void testConvexPolygonFromVertices_notEnoughUniqueVertices_oe() {
        // arrange
        final Precision.DoubleEquivalence precision = Precision.doubleEquivalenceOfEpsilon(1e-3);

        final Pattern unclosedPattern = Pattern.compile(""Cannot construct convex polygon from unclosed path.*"");
        final Pattern notEnoughElementsPattern =
                Pattern.compile(""Cannot construct convex polygon from path with less than 3 elements.*"");
        final Pattern nonConvexPattern = Pattern.compile(""Cannot construct convex polygon from non-convex path.*"");

        final Pattern singleVertexPattern =
                Pattern.compile(""Unable to create line path; only a single unique vertex provided.*"");

        // act/assert
        GeometryTestUtils.assertThrowsWithMessage(() -> {
            ConvexArea.convexPolygonFromVertices(Collections.emptyList(), precision);
        }, IllegalArgumentException.class, unclosedPattern);

        GeometryTestUtils.assertThrowsWithMessage(() -> {
            ConvexArea.convexPolygonFromVertices(Collections.singletonList(Vector2D.ZERO), precision);
        }, IllegalStateException.class, singleVertexPattern);

        GeometryTestUtils.assertThrowsWithMessage(() -> {
            ConvexArea.convexPolygonFromVertices(Arrays.asList(Vector2D.ZERO, Vector2D.of(1e-4, 1e-4)), precision);
        }, IllegalStateException.class, singleVertexPattern);

        GeometryTestUtils.assertThrowsWithMessage(() -> {
            ConvexArea.convexPolygonFromVertices(Arrays.asList(Vector2D.ZERO, Vector2D.Unit.PLUS_X), precision);
        }, IllegalArgumentException.class, notEnoughElementsPattern);

        GeometryTestUtils.assertThrowsWithMessage(() -> {
            ConvexArea.convexPolygonFromVertices(
                    Arrays.asList(Vector2D.ZERO, Vector2D.Unit.PLUS_X, Vector2D.of(1, 1e-4)), precision);
        }, IllegalArgumentException.class, notEnoughElementsPattern);

        GeometryTestUtils.assertThrowsWithMessage(() -> {
            ConvexArea.convexPolygonFromVertices(
                    Arrays.asList(Vector2D.ZERO, Vector2D.Unit.PLUS_X, Vector2D.of(1, -1)), precision);
        }, IllegalArgumentException.class, nonConvexPattern);
    }",ConvexAreaTest::testConvexPolygonFromVertices_notEnoughUniqueVertices_oe
commons-geometry_1367,"@Test
    void testConvexPolygonFromVertices_triangle_oe() {
        // arrange
        final Vector2D p0 = Vector2D.of(1, 2);
        final Vector2D p1 = Vector2D.of(2, 2);
        final Vector2D p2 = Vector2D.of(2, 3);

        // act
        final ConvexArea area = ConvexArea.convexPolygonFromVertices(Arrays.asList(p0, p1, p2), TEST_PRECISION);

        // assert
        Assertions.assertFalse(area.isFull());
        Assertions.assertFalse(area.isEmpty());

        Assertions.assertEquals(0.5, area.getSize(), TEST_EPS);
        Assertions.assertEquals(2 + Math.sqrt(2), area.getBoundarySize(), TEST_EPS);
        EuclideanTestUtils.assertCoordinatesEqual(Vector2D.centroid(p0, p1, p2), area.getCentroid(), TEST_EPS);
    }",ConvexAreaTest::testConvexPolygonFromVertices_triangle_oe
commons-geometry_1368,"@Test
    void testConvexPolygonFromVertices_square_closeRequired_oe() {
        // act
        final ConvexArea area = ConvexArea.convexPolygonFromVertices(Arrays.asList(
                    Vector2D.ZERO,
                    Vector2D.Unit.PLUS_X,
                    Vector2D.of(1, 1),
                    Vector2D.of(0, 1)
                ), TEST_PRECISION);

        // assert
        Assertions.assertFalse(area.isFull());
        Assertions.assertFalse(area.isEmpty());

        Assertions.assertEquals(1, area.getSize(), TEST_EPS);
        Assertions.assertEquals(4, area.getBoundarySize(), TEST_EPS);
        EuclideanTestUtils.assertCoordinatesEqual(Vector2D.of(0.5, 0.5), area.getCentroid(), TEST_EPS);
    }",ConvexAreaTest::testConvexPolygonFromVertices_square_closeRequired_oe
commons-geometry_1369,"@Test
    void testConvexPolygonFromVertices_square_closeNotRequired_oe() {
        // act
        final ConvexArea area = ConvexArea.convexPolygonFromVertices(Arrays.asList(
                    Vector2D.ZERO,
                    Vector2D.Unit.PLUS_X,
                    Vector2D.of(1, 1),
                    Vector2D.of(0, 1),
                    Vector2D.ZERO
                ), TEST_PRECISION);

        // assert
        Assertions.assertFalse(area.isFull());
        Assertions.assertFalse(area.isEmpty());

        Assertions.assertEquals(1, area.getSize(), TEST_EPS);
        Assertions.assertEquals(4, area.getBoundarySize(), TEST_EPS);
        EuclideanTestUtils.assertCoordinatesEqual(Vector2D.of(0.5, 0.5), area.getCentroid(), TEST_EPS);
    }",ConvexAreaTest::testConvexPolygonFromVertices_square_closeNotRequired_oe
commons-geometry_1370,"@Test
    void testConvexPolygonFromVertices_handlesDuplicatePoints_oe() {
        // arrange
        final double eps = 1e-3;
        final Precision.DoubleEquivalence precision = Precision.doubleEquivalenceOfEpsilon(eps);

        // act
        final ConvexArea area = ConvexArea.convexPolygonFromVertices(Arrays.asList(
                    Vector2D.ZERO,
                    Vector2D.of(1e-4, 1e-4),
                    Vector2D.Unit.PLUS_X,
                    Vector2D.of(1, 1e-4),
                    Vector2D.of(1, 1),
                    Vector2D.of(0, 1),
                    Vector2D.of(1e-4, 1),
                    Vector2D.of(1e-4, 1e-4)
                ), precision);

        // assert
        Assertions.assertFalse(area.isFull());
        Assertions.assertFalse(area.isEmpty());

        Assertions.assertEquals(1, area.getSize(), eps);
        Assertions.assertEquals(4, area.getBoundarySize(), eps);
        EuclideanTestUtils.assertCoordinatesEqual(Vector2D.of(0.5, 0.5), area.getCentroid(), eps);
    }",ConvexAreaTest::testConvexPolygonFromVertices_handlesDuplicatePoints_oe
commons-geometry_1371,"@Test
    void testConvexPolygonFromPath_oe() {
        // act
        final ConvexArea area = ConvexArea.convexPolygonFromPath(LinePath.fromVertexLoop(
                Arrays.asList(
                        Vector2D.ZERO,
                        Vector2D.Unit.PLUS_X,
                        Vector2D.of(1, 1),
                        Vector2D.Unit.PLUS_Y
                ), TEST_PRECISION));

        // assert
        Assertions.assertFalse(area.isFull());
        Assertions.assertFalse(area.isEmpty());

        Assertions.assertEquals(1, area.getSize(), TEST_EPS);
        Assertions.assertEquals(4, area.getBoundarySize(), TEST_EPS);
        EuclideanTestUtils.assertCoordinatesEqual(Vector2D.of(0.5, 0.5), area.getCentroid(), TEST_EPS);
    }",ConvexAreaTest::testConvexPolygonFromPath_oe
commons-geometry_1372,"@Test
    void testConvexPolygonFromVertices_notConvex_oe() {
        // arrange
        final Pattern msgPattern = Pattern.compile(""Cannot construct convex polygon from non-convex path.*"");

        // act/assert
        GeometryTestUtils.assertThrowsWithMessage(() -> {
            ConvexArea.convexPolygonFromVertices(Arrays.asList(
                        Vector2D.ZERO, Vector2D.of(1, 0), Vector2D.of(2, 0)
                    ), TEST_PRECISION);
        }, IllegalArgumentException.class, msgPattern);

        GeometryTestUtils.assertThrowsWithMessage(() -> {
            ConvexArea.convexPolygonFromVertices(Arrays.asList(
                        Vector2D.ZERO, Vector2D.of(1, 0), Vector2D.of(1, -1)
                    ), TEST_PRECISION);
        }, IllegalArgumentException.class, msgPattern);

        GeometryTestUtils.assertThrowsWithMessage(() -> {
            ConvexArea.convexPolygonFromVertices(
                    Arrays.asList(
                            Vector2D.ZERO,
                            Vector2D.Unit.PLUS_Y,
                            Vector2D.of(1, 1),
                            Vector2D.Unit.PLUS_X
                    ), TEST_PRECISION);
        }, IllegalArgumentException.class, msgPattern);

        GeometryTestUtils.assertThrowsWithMessage(() -> {
            ConvexArea.convexPolygonFromVertices(Arrays.asList(
                        Vector2D.ZERO, Vector2D.of(2, 0),
                        Vector2D.of(2, 2), Vector2D.of(1, 1),
                        Vector2D.of(1.5, 1)
                    ), TEST_PRECISION);
        }, IllegalArgumentException.class, msgPattern);
    }",ConvexAreaTest::testConvexPolygonFromVertices_notConvex_oe
commons-geometry_1373,"@Test
    void testConvexPolygonFromPath_invalidPaths_oe() {
        // arrange
        final Pattern unclosedPattern = Pattern.compile(""Cannot construct convex polygon from unclosed path.*"");
        final Pattern notEnoughElementsPattern =
                Pattern.compile(""Cannot construct convex polygon from path with less than 3 elements.*"");
        final Pattern nonConvexPattern = Pattern.compile(""Cannot construct convex polygon from non-convex path.*"");

        // act/assert
        GeometryTestUtils.assertThrowsWithMessage(() -> {
            ConvexArea.convexPolygonFromPath(LinePath.empty());
        }, IllegalArgumentException.class, unclosedPattern);

        GeometryTestUtils.assertThrowsWithMessage(() -> {
            ConvexArea.convexPolygonFromPath(LinePath.fromVertices(
                    Arrays.asList(Vector2D.ZERO, Vector2D.Unit.PLUS_X), TEST_PRECISION));
        }, IllegalArgumentException.class, unclosedPattern);

        GeometryTestUtils.assertThrowsWithMessage(() -> {
            ConvexArea.convexPolygonFromPath(LinePath.fromVertices(
                    Arrays.asList(Vector2D.ZERO, Vector2D.Unit.PLUS_X, Vector2D.ZERO), TEST_PRECISION));
        }, IllegalArgumentException.class, notEnoughElementsPattern);

        GeometryTestUtils.assertThrowsWithMessage(() -> {
            ConvexArea.convexPolygonFromPath(LinePath.fromVertexLoop(
                    Arrays.asList(
                            Vector2D.ZERO,
                            Vector2D.Unit.PLUS_Y,
                            Vector2D.of(1, 1),
                            Vector2D.Unit.PLUS_X
                    ), TEST_PRECISION));
        }, IllegalArgumentException.class, nonConvexPattern);
    }",ConvexAreaTest::testConvexPolygonFromPath_invalidPaths_oe
commons-geometry_1374,"@Test
    void testFromBounds_noLines_oe() {
        // act
        final ConvexArea area = ConvexArea.fromBounds(Collections.emptyList());

        // assert
        Assertions.assertSame(ConvexArea.full(), area);
    }",ConvexAreaTest::testFromBounds_noLines_oe
commons-geometry_1375,"@Test
    void testFromBounds_singleLine_oe() {
        // arrange
        final Line line = Lines.fromPoints(Vector2D.of(0, 1), Vector2D.of(1, 3), TEST_PRECISION);

        // act
        final ConvexArea area = ConvexArea.fromBounds(line);

        // assert
        Assertions.assertFalse(area.isFull());
        Assertions.assertFalse(area.isEmpty());

        GeometryTestUtils.assertPositiveInfinity(area.getBoundarySize());
        GeometryTestUtils.assertPositiveInfinity(area.getSize());
        Assertions.assertNull(area.getCentroid());

        final List<LineConvexSubset> segments = area.getBoundaries();
        Assertions.assertEquals(1, segments.size());
        Assertions.assertSame(line, segments.get(0).getLine());

        EuclideanTestUtils.assertRegionLocation(area, RegionLocation.INSIDE, Vector2D.of(-1, 1), Vector2D.of(0, 2));
        EuclideanTestUtils.assertRegionLocation(area, RegionLocation.BOUNDARY, Vector2D.of(0, 1), Vector2D.of(2, 5));
        EuclideanTestUtils.assertRegionLocation(area, RegionLocation.OUTSIDE, Vector2D.ZERO, Vector2D.of(2, 3));
    }",ConvexAreaTest::testFromBounds_singleLine_oe
commons-geometry_1376,"@Test
    void testFromBounds_twoLines_oe() {
        // arrange
        final Line a = Lines.fromPointAndAngle(Vector2D.ZERO, Angle.PI_OVER_TWO, TEST_PRECISION);
        final Line b = Lines.fromPointAndAngle(Vector2D.ZERO, Math.PI, TEST_PRECISION);

        // act
        final ConvexArea area = ConvexArea.fromBounds(a, b);

        // assert
        Assertions.assertFalse(area.isFull());
        Assertions.assertFalse(area.isEmpty());

        GeometryTestUtils.assertPositiveInfinity(area.getBoundarySize());
        GeometryTestUtils.assertPositiveInfinity(area.getSize());
        Assertions.assertNull(area.getCentroid());

        final List<LineConvexSubset> segments = area.getBoundaries();
        Assertions.assertEquals(2, segments.size());

        EuclideanTestUtils.assertRegionLocation(area, RegionLocation.INSIDE, Vector2D.of(-1, -1));
        EuclideanTestUtils.assertRegionLocation(area, RegionLocation.BOUNDARY,
                Vector2D.ZERO, Vector2D.of(-1, 0), Vector2D.of(0, -1));
        EuclideanTestUtils.assertRegionLocation(area, RegionLocation.OUTSIDE,
                Vector2D.of(-1, 1), Vector2D.of(1, 1), Vector2D.of(1, -1));
    }",ConvexAreaTest::testFromBounds_twoLines_oe
commons-geometry_1377,"@Test
    void testFromBounds_triangle_oe() {
        // arrange
        final Line a = Lines.fromPointAndAngle(Vector2D.ZERO, Angle.PI_OVER_TWO, TEST_PRECISION);
        final Line b = Lines.fromPointAndAngle(Vector2D.ZERO, Math.PI, TEST_PRECISION);
        final Line c = Lines.fromPointAndAngle(Vector2D.of(-2, 0), -0.25 * Math.PI, TEST_PRECISION);

        // act
        final ConvexArea area = ConvexArea.fromBounds(a, b, c);

        // assert
        Assertions.assertFalse(area.isFull());
        Assertions.assertFalse(area.isEmpty());

        Assertions.assertEquals(4 + (2 * Math.sqrt(2)), area.getBoundarySize(), TEST_EPS);
        Assertions.assertEquals(2, area.getSize(), TEST_EPS);
        EuclideanTestUtils.assertCoordinatesEqual(Vector2D.of(-2.0 / 3.0, -2.0 / 3.0), area.getCentroid(), TEST_EPS);

        final List<LineConvexSubset> segments = area.getBoundaries();
        Assertions.assertEquals(3, segments.size());

        EuclideanTestUtils.assertRegionLocation(area, RegionLocation.INSIDE, Vector2D.of(-0.5, -0.5));
        EuclideanTestUtils.assertRegionLocation(area, RegionLocation.BOUNDARY,
                Vector2D.ZERO, Vector2D.of(-1, 0), Vector2D.of(0, -1));
        EuclideanTestUtils.assertRegionLocation(area, RegionLocation.OUTSIDE,
                Vector2D.of(-1, 1), Vector2D.of(1, 1), Vector2D.of(1, -1), Vector2D.of(-2, -2));
    }",ConvexAreaTest::testFromBounds_triangle_oe
commons-geometry_1378,"@Test
    void testFromBounds_square_oe() {
        // arrange
        final List<Line> square = createSquareBoundingLines(Vector2D.ZERO, 1, 1);

        // act
        final ConvexArea area = ConvexArea.fromBounds(square);

        // assert
        Assertions.assertFalse(area.isFull());
        Assertions.assertFalse(area.isEmpty());

        Assertions.assertEquals(4, area.getBoundarySize(), TEST_EPS);
        Assertions.assertEquals(1, area.getSize(), TEST_EPS);
        EuclideanTestUtils.assertCoordinatesEqual(Vector2D.of(0.5, 0.5), area.getCentroid(), TEST_EPS);

        final List<LineConvexSubset> segments = area.getBoundaries();
        Assertions.assertEquals(4, segments.size());

        EuclideanTestUtils.assertRegionLocation(area, RegionLocation.INSIDE, Vector2D.of(0.5, 0.5));
        EuclideanTestUtils.assertRegionLocation(area, RegionLocation.BOUNDARY,
                Vector2D.ZERO, Vector2D.of(1, 1),
                Vector2D.of(0.5, 0), Vector2D.of(0.5, 1),
                Vector2D.of(0, 0.5), Vector2D.of(1, 0.5));
        EuclideanTestUtils.assertRegionLocation(area, RegionLocation.OUTSIDE,
                Vector2D.of(-1, -1), Vector2D.of(2, 2));
    }",ConvexAreaTest::testFromBounds_square_oe
commons-geometry_1379,"@Test
    void testFromBounds_square_extraLines_oe() {
        // arrange
        final List<Line> extraLines = new ArrayList<>();
        extraLines.add(Lines.fromPoints(Vector2D.of(10, 10), Vector2D.of(10, 11), TEST_PRECISION));
        extraLines.add(Lines.fromPoints(Vector2D.of(-10, 10), Vector2D.of(-10, 9), TEST_PRECISION));
        extraLines.add(Lines.fromPoints(Vector2D.of(0, 10), Vector2D.of(-1, 11), TEST_PRECISION));
        extraLines.addAll(createSquareBoundingLines(Vector2D.ZERO, 1, 1));

        // act
        final ConvexArea area = ConvexArea.fromBounds(extraLines);

        // assert
        Assertions.assertFalse(area.isFull());
        Assertions.assertFalse(area.isEmpty());

        Assertions.assertEquals(4, area.getBoundarySize(), TEST_EPS);
        Assertions.assertEquals(1, area.getSize(), TEST_EPS);
        EuclideanTestUtils.assertCoordinatesEqual(Vector2D.of(0.5, 0.5), area.getCentroid(), TEST_EPS);

        final List<LineConvexSubset> segments = area.getBoundaries();
        Assertions.assertEquals(4, segments.size());

        EuclideanTestUtils.assertRegionLocation(area, RegionLocation.INSIDE, Vector2D.of(0.5, 0.5));
        EuclideanTestUtils.assertRegionLocation(area, RegionLocation.BOUNDARY,
                Vector2D.ZERO, Vector2D.of(1, 1),
                Vector2D.of(0.5, 0), Vector2D.of(0.5, 1),
                Vector2D.of(0, 0.5), Vector2D.of(1, 0.5));
        EuclideanTestUtils.assertRegionLocation(area, RegionLocation.OUTSIDE,
                Vector2D.of(-1, -1), Vector2D.of(2, 2));
    }",ConvexAreaTest::testFromBounds_square_extraLines_oe
commons-geometry_1380,"@Test
    void testFromBounds_square_duplicateLines_oe() {
        // arrange
        final List<Line> duplicateLines = new ArrayList<>();
        duplicateLines.addAll(createSquareBoundingLines(Vector2D.ZERO, 1, 1));
        duplicateLines.addAll(createSquareBoundingLines(Vector2D.ZERO, 1, 1));

        // act
        final ConvexArea area = ConvexArea.fromBounds(duplicateLines);

        // assert
        Assertions.assertFalse(area.isFull());
        Assertions.assertFalse(area.isEmpty());

        Assertions.assertEquals(4, area.getBoundarySize(), TEST_EPS);
        Assertions.assertEquals(1, area.getSize(), TEST_EPS);
        EuclideanTestUtils.assertCoordinatesEqual(Vector2D.of(0.5, 0.5), area.getCentroid(), TEST_EPS);

        final List<LineConvexSubset> segments = area.getBoundaries();
        Assertions.assertEquals(4, segments.size());

        EuclideanTestUtils.assertRegionLocation(area, RegionLocation.INSIDE, Vector2D.of(0.5, 0.5));
        EuclideanTestUtils.assertRegionLocation(area, RegionLocation.BOUNDARY,
                Vector2D.ZERO, Vector2D.of(1, 1),
                Vector2D.of(0.5, 0), Vector2D.of(0.5, 1),
                Vector2D.of(0, 0.5), Vector2D.of(1, 0.5));
        EuclideanTestUtils.assertRegionLocation(area, RegionLocation.OUTSIDE,
                Vector2D.of(-1, -1), Vector2D.of(2, 2));
    }",ConvexAreaTest::testFromBounds_square_duplicateLines_oe
commons-geometry_1381,"@Test
    void testFromBounds_duplicateLines_similarOrientation_oe() {
        // arrange
        final Line a = Lines.fromPointAndAngle(Vector2D.of(0, 1), 0.0, TEST_PRECISION);
        final Line b = Lines.fromPointAndAngle(Vector2D.of(0, 1), 0.0, TEST_PRECISION);
        final Line c = Lines.fromPointAndAngle(Vector2D.of(0, 1), 0.0, TEST_PRECISION);

        // act
        final ConvexArea area = ConvexArea.fromBounds(a, b, c);

        // assert
        Assertions.assertFalse(area.isFull());
        Assertions.assertFalse(area.isEmpty());

        GeometryTestUtils.assertPositiveInfinity(area.getBoundarySize());
        GeometryTestUtils.assertPositiveInfinity(area.getSize());
        Assertions.assertNull(area.getCentroid());

        final List<LineConvexSubset> segments = area.getBoundaries();
        Assertions.assertEquals(1, segments.size());

        EuclideanTestUtils.assertRegionLocation(area, RegionLocation.BOUNDARY, Vector2D.of(0, 1), Vector2D.of(1, 1), Vector2D.of(-1, 1));
        EuclideanTestUtils.assertRegionLocation(area, RegionLocation.INSIDE, Vector2D.of(0, 2), Vector2D.of(1, 2), Vector2D.of(-1, 2));
        EuclideanTestUtils.assertRegionLocation(area, RegionLocation.OUTSIDE, Vector2D.of(0, 0), Vector2D.of(1, 0), Vector2D.of(-1, 0));
    }",ConvexAreaTest::testFromBounds_duplicateLines_similarOrientation_oe
commons-geometry_1382,"@Test
    void testFromBounds_duplicateLines_differentOrientation_oe() {
        // arrange
        final Line a = Lines.fromPointAndAngle(Vector2D.of(0, 1), 0.0, TEST_PRECISION);
        final Line b = Lines.fromPointAndAngle(Vector2D.of(0, 1), Math.PI, TEST_PRECISION);
        final Line c = Lines.fromPointAndAngle(Vector2D.of(0, 1), 0.0, TEST_PRECISION);

        // act/assert
        Assertions.assertThrows(IllegalArgumentException.class, () -> ConvexArea.fromBounds(a, b, c));
    }",ConvexAreaTest::testFromBounds_duplicateLines_differentOrientation_oe
commons-geometry_1383,"@Test
    void testFromBounds_boundsDoNotProduceAConvexRegion_oe() {
        // act/assert
        Assertions.assertThrows(IllegalArgumentException.class, () -> ConvexArea.fromBounds(Arrays.asList(
                Lines.fromPointAndAngle(Vector2D.ZERO, 0.0, TEST_PRECISION),
                Lines.fromPointAndAngle(Vector2D.of(0, -1), Math.PI, TEST_PRECISION),
                Lines.fromPointAndAngle(Vector2D.ZERO, Angle.PI_OVER_TWO, TEST_PRECISION)
        )));
    }",ConvexAreaTest::testFromBounds_boundsDoNotProduceAConvexRegion_oe
commons-geometry_1384,"@Test
    void testCtor_lineOnly_oe() {
        // act
        final EmbeddedTreeLineSubset sub = new EmbeddedTreeLineSubset(DEFAULT_TEST_LINE);

        // assert
        Assertions.assertSame(DEFAULT_TEST_LINE, sub.getLine());
        Assertions.assertSame(TEST_PRECISION, sub.getPrecision());

        Assertions.assertFalse(sub.isFull());
        Assertions.assertTrue(sub.isEmpty());
        Assertions.assertFalse(sub.isInfinite());
        Assertions.assertTrue(sub.isFinite());

        Assertions.assertEquals(0, sub.getSize(), TEST_EPS);
        Assertions.assertNull(sub.getCentroid());
    }",EmbeddedTreeLineSubsetTest::testCtor_lineOnly_oe
commons-geometry_1385,"@Test
    void testCtor_lineAndBoolean_oe() {
        // act
        final EmbeddedTreeLineSubset sub = new EmbeddedTreeLineSubset(DEFAULT_TEST_LINE, true);

        // assert
        Assertions.assertSame(DEFAULT_TEST_LINE, sub.getLine());
        Assertions.assertSame(TEST_PRECISION, sub.getPrecision());

        Assertions.assertTrue(sub.isFull());
        Assertions.assertFalse(sub.isEmpty());
        Assertions.assertTrue(sub.isInfinite());
        Assertions.assertFalse(sub.isFinite());

        GeometryTestUtils.assertPositiveInfinity(sub.getSize());
        Assertions.assertNull(sub.getCentroid());
    }",EmbeddedTreeLineSubsetTest::testCtor_lineAndBoolean_oe
commons-geometry_1386,"@Test
    void testCtor_lineAndRegion_oe() {
        // arrange
        final RegionBSPTree1D tree = RegionBSPTree1D.full();

        // act
        final EmbeddedTreeLineSubset sub = new EmbeddedTreeLineSubset(DEFAULT_TEST_LINE, tree);

        // assert
        Assertions.assertSame(DEFAULT_TEST_LINE, sub.getLine());
        Assertions.assertSame(tree, sub.getSubspaceRegion());
        Assertions.assertSame(TEST_PRECISION, sub.getPrecision());

        Assertions.assertTrue(sub.isFull());
        Assertions.assertFalse(sub.isEmpty());
        Assertions.assertTrue(sub.isInfinite());
        Assertions.assertFalse(sub.isFinite());

        GeometryTestUtils.assertPositiveInfinity(sub.getSize());
        Assertions.assertNull(sub.getCentroid());
    }",EmbeddedTreeLineSubsetTest::testCtor_lineAndRegion_oe
commons-geometry_1387,"@Test
    void testToConvex_full_oe() {
        // arrange
        final EmbeddedTreeLineSubset sub = new EmbeddedTreeLineSubset(DEFAULT_TEST_LINE, true);

        // act
        final List<LineConvexSubset> segments = sub.toConvex();

        // assert
        Assertions.assertEquals(1, segments.size());

        final LineConvexSubset seg = segments.get(0);
        Assertions.assertTrue(seg.isFull());
    }",EmbeddedTreeLineSubsetTest::testToConvex_full_oe
commons-geometry_1388,"@Test
    void testToConvex_empty_oe() {
        // arrange
        final EmbeddedTreeLineSubset sub = new EmbeddedTreeLineSubset(DEFAULT_TEST_LINE, false);

        // act
        final List<LineConvexSubset> segments = sub.toConvex();

        // assert
        Assertions.assertEquals(0, segments.size());
    }",EmbeddedTreeLineSubsetTest::testToConvex_empty_oe
commons-geometry_1389,"@Test
    void testToConvex_finiteAndInfiniteSegments_oe() {
        // arrange
        final EmbeddedTreeLineSubset sub = new EmbeddedTreeLineSubset(DEFAULT_TEST_LINE, false);
        final RegionBSPTree1D tree = sub.getSubspaceRegion();
        tree.add(Interval.max(-2.0, TEST_PRECISION));
        tree.add(Interval.of(-1, 2, TEST_PRECISION));

        // act
        final List<LineConvexSubset> segments = sub.toConvex();

        // assert
        Assertions.assertEquals(2, segments.size());

        Assertions.assertNull(segments.get(0).getStartPoint());
        EuclideanTestUtils.assertCoordinatesEqual(Vector2D.of(-2, 1), segments.get(0).getEndPoint(), TEST_EPS);

        EuclideanTestUtils.assertCoordinatesEqual(Vector2D.of(-1, 1), segments.get(1).getStartPoint(), TEST_EPS);
        EuclideanTestUtils.assertCoordinatesEqual(Vector2D.of(2, 1), segments.get(1).getEndPoint(), TEST_EPS);
    }",EmbeddedTreeLineSubsetTest::testToConvex_finiteAndInfiniteSegments_oe
commons-geometry_1390,"@Test
    void testAdd_lineSegment_oe() {
        // arrange
        final Line line = Lines.fromPointAndAngle(Vector2D.of(0, 1), 0.0, TEST_PRECISION);
        final Line otherLine = Lines.fromPointAndAngle(Vector2D.of(0, 1), 1e-11, TEST_PRECISION);

        final EmbeddedTreeLineSubset subset = new EmbeddedTreeLineSubset(line);

        // act
        subset.add(Lines.subsetFromInterval(line, 2, 4));
        subset.add(Lines.subsetFromInterval(otherLine, 1, 3));
        subset.add(Lines.segmentFromPoints(Vector2D.of(-3, 1), Vector2D.of(-1, 1), TEST_PRECISION));

        // assert
        Assertions.assertFalse(subset.isFull());
        Assertions.assertFalse(subset.isEmpty());

        final List<LineConvexSubset> segments = subset.toConvex();

        EuclideanTestUtils.assertCoordinatesEqual(Vector2D.of(-3, 1), segments.get(0).getStartPoint(), TEST_EPS);
        EuclideanTestUtils.assertCoordinatesEqual(Vector2D.of(-1, 1), segments.get(0).getEndPoint(), TEST_EPS);

        EuclideanTestUtils.assertCoordinatesEqual(Vector2D.of(1, 1), segments.get(1).getStartPoint(), TEST_EPS);
        EuclideanTestUtils.assertCoordinatesEqual(Vector2D.of(4, 1), segments.get(1).getEndPoint(), TEST_EPS);

        Assertions.assertEquals(5, subset.getSize(), TEST_EPS);
        EuclideanTestUtils.assertCoordinatesEqual(Vector2D.of(0.7, 1), subset.getCentroid(), TEST_EPS);
    }",EmbeddedTreeLineSubsetTest::testAdd_lineSegment_oe
commons-geometry_1391,"@Test
    void testAdd_subset_oe() {
        // arrange
        final Line line = Lines.fromPointAndAngle(Vector2D.of(0, 1), 0.0, TEST_PRECISION);

        final EmbeddedTreeLineSubset a = new EmbeddedTreeLineSubset(line);
        final RegionBSPTree1D aTree = a.getSubspaceRegion();
        aTree.add(Interval.max(-3, TEST_PRECISION));
        aTree.add(Interval.of(1, 2, TEST_PRECISION));

        final EmbeddedTreeLineSubset b = new EmbeddedTreeLineSubset(line);
        final RegionBSPTree1D bTree = b.getSubspaceRegion();
        bTree.add(Interval.of(2, 4, TEST_PRECISION));
        bTree.add(Interval.of(-4, -2, TEST_PRECISION));

        final EmbeddedTreeLineSubset subset = new EmbeddedTreeLineSubset(line);

        final int aTreeCount = aTree.count();
        final int bTreeCount = bTree.count();

        // act
        subset.add(a);
        subset.add(b);

        // assert
        Assertions.assertFalse(subset.isFull());
        Assertions.assertFalse(subset.isEmpty());

        final List<LineConvexSubset> segments = subset.toConvex();

        Assertions.assertEquals(2, segments.size());

        Assertions.assertNull(segments.get(0).getStartPoint());
        EuclideanTestUtils.assertCoordinatesEqual(Vector2D.of(-2, 1), segments.get(0).getEndPoint(), TEST_EPS);

        EuclideanTestUtils.assertCoordinatesEqual(Vector2D.of(1, 1), segments.get(1).getStartPoint(), TEST_EPS);
        EuclideanTestUtils.assertCoordinatesEqual(Vector2D.of(4, 1), segments.get(1).getEndPoint(), TEST_EPS);

        Assertions.assertEquals(aTreeCount, aTree.count());
        Assertions.assertEquals(bTreeCount, bTree.count());

        GeometryTestUtils.assertPositiveInfinity(subset.getSize());
        Assertions.assertNull(subset.getCentroid());
    }",EmbeddedTreeLineSubsetTest::testAdd_subset_oe
commons-geometry_1392,"@Test
    void testAdd_argumentsFromDifferentLine_oe() {
        // arrange
        final Line line = Lines.fromPointAndAngle(Vector2D.of(0, 1), 0.0, TEST_PRECISION);
        final Line otherLine = Lines.fromPointAndAngle(Vector2D.of(0, 1), 1e-2, TEST_PRECISION);

        final EmbeddedTreeLineSubset subset = new EmbeddedTreeLineSubset(line);

        // act/assert
        Assertions.assertThrows(IllegalArgumentException.class, () -> subset.add(Lines.subsetFromInterval(otherLine, 0, 1)));
        Assertions.assertThrows(IllegalArgumentException.class, () -> subset.add(new EmbeddedTreeLineSubset(otherLine)));
    }",EmbeddedTreeLineSubsetTest::testAdd_argumentsFromDifferentLine_oe
commons-geometry_1393,"@Test
    void testGetBounds_noBounds_oe() {
        // arrange
        final Line line = Lines.fromPointAndAngle(Vector2D.of(1, 0), 0.25 * Math.PI, TEST_PRECISION);

        final EmbeddedTreeLineSubset full = new EmbeddedTreeLineSubset(line, RegionBSPTree1D.full());
        final EmbeddedTreeLineSubset empty = new EmbeddedTreeLineSubset(line, RegionBSPTree1D.empty());
        final EmbeddedTreeLineSubset halfFull = new EmbeddedTreeLineSubset(line, Interval.min(1.0, TEST_PRECISION).toTree());

        // act/assert
        Assertions.assertNull(full.getBounds());
        Assertions.assertNull(empty.getBounds());
        Assertions.assertNull(halfFull.getBounds());
    }",EmbeddedTreeLineSubsetTest::testGetBounds_noBounds_oe
commons-geometry_1394,"@Test
    void testGetBounds_hasBounds_oe() {
        // arrange
        final Line line = Lines.fromPoints(Vector2D.ZERO, Vector2D.of(1, 1), TEST_PRECISION);

        final EmbeddedTreeLineSubset subset = new EmbeddedTreeLineSubset(line, false);

        final double sqrt2 = Math.sqrt(2);
        subset.getSubspaceRegion().add(Interval.of(-2 * sqrt2, -sqrt2, TEST_PRECISION));
        subset.getSubspaceRegion().add(Interval.of(0, sqrt2, TEST_PRECISION));

        // act
        final Bounds2D bounds = subset.getBounds();

        // assert
        EuclideanTestUtils.assertCoordinatesEqual(Vector2D.of(-2, -2), bounds.getMin(), TEST_EPS);
        EuclideanTestUtils.assertCoordinatesEqual(Vector2D.of(1, 1), bounds.getMax(), TEST_EPS);
    }",EmbeddedTreeLineSubsetTest::testGetBounds_hasBounds_oe
commons-geometry_1395,"@Test
    void testSplit_both_anglePositive_oe() {
        // arrange
        final RegionBSPTree1D subRegion = RegionBSPTree1D.empty();
        subRegion.add(Interval.of(0,  2, TEST_PRECISION));
        subRegion.add(Interval.of(3,  4, TEST_PRECISION));

        final Line line = Lines.fromPointAndAngle(Vector2D.ZERO, 0.0, TEST_PRECISION);
        final EmbeddedTreeLineSubset subset = new EmbeddedTreeLineSubset(line, subRegion);

        final Line splitter = Lines.fromPointAndAngle(Vector2D.of(1, 0), 0.1 * Math.PI, TEST_PRECISION);

        // act
        final Split<EmbeddedTreeLineSubset> split = subset.split(splitter);

        // assert
        Assertions.assertEquals(SplitLocation.BOTH, split.getLocation());

        final List<LineConvexSubset> minusSegments = split.getMinus().toConvex();
        Assertions.assertEquals(1, minusSegments.size());
        checkFiniteSegment(minusSegments.get(0), Vector2D.ZERO, Vector2D.of(1, 0));

        final List<LineConvexSubset> plusSegments = split.getPlus().toConvex();
        Assertions.assertEquals(2, plusSegments.size());
        checkFiniteSegment(plusSegments.get(0), Vector2D.of(1, 0), Vector2D.of(2, 0));
        checkFiniteSegment(plusSegments.get(1), Vector2D.of(3, 0), Vector2D.of(4, 0));
    }",EmbeddedTreeLineSubsetTest::testSplit_both_anglePositive_oe
commons-geometry_1396,"@Test
    void testSplit_both_angleNegative_oe() {
        // arrange
        final RegionBSPTree1D subRegion = RegionBSPTree1D.empty();
        subRegion.add(Interval.of(0,  2, TEST_PRECISION));
        subRegion.add(Interval.of(3,  4, TEST_PRECISION));

        final Line line = Lines.fromPointAndAngle(Vector2D.ZERO, 0.0, TEST_PRECISION);
        final EmbeddedTreeLineSubset subset = new EmbeddedTreeLineSubset(line, subRegion);

        final Line splitter = Lines.fromPointAndAngle(Vector2D.of(1, 0), -0.9 * Math.PI, TEST_PRECISION);

        // act
        final Split<EmbeddedTreeLineSubset> split = subset.split(splitter);

        // assert
        Assertions.assertEquals(SplitLocation.BOTH, split.getLocation());

        final List<LineConvexSubset> minusSegments = split.getMinus().toConvex();
        Assertions.assertEquals(2, minusSegments.size());
        checkFiniteSegment(minusSegments.get(0), Vector2D.of(1, 0), Vector2D.of(2, 0));
        checkFiniteSegment(minusSegments.get(1), Vector2D.of(3, 0), Vector2D.of(4, 0));

        final List<LineConvexSubset> plusSegments = split.getPlus().toConvex();
        Assertions.assertEquals(1, plusSegments.size());
        checkFiniteSegment(plusSegments.get(0), Vector2D.ZERO, Vector2D.of(1, 0));
    }",EmbeddedTreeLineSubsetTest::testSplit_both_angleNegative_oe
commons-geometry_1397,"@Test
    void testSplit_intersection_plusOnly_oe() {
        // arrange
        final RegionBSPTree1D subRegion = RegionBSPTree1D.empty();
        subRegion.add(Interval.of(0,  2, TEST_PRECISION));
        subRegion.add(Interval.of(3,  4, TEST_PRECISION));

        final Line line = Lines.fromPointAndAngle(Vector2D.ZERO, 0.0, TEST_PRECISION);
        final EmbeddedTreeLineSubset subset = new EmbeddedTreeLineSubset(line, subRegion);

        final Line splitter = Lines.fromPointAndAngle(Vector2D.of(-1, 0), 0.1 * Math.PI, TEST_PRECISION);

        // act
        final Split<EmbeddedTreeLineSubset> split = subset.split(splitter);

        // assert
        Assertions.assertEquals(SplitLocation.PLUS, split.getLocation());

        Assertions.assertNull(split.getMinus());
        Assertions.assertSame(subset, split.getPlus());
    }",EmbeddedTreeLineSubsetTest::testSplit_intersection_plusOnly_oe
commons-geometry_1398,"@Test
    void testSplit_intersection_minusOnly_oe() {
        // arrange
        final RegionBSPTree1D subRegion = RegionBSPTree1D.empty();
        subRegion.add(Interval.of(0,  2, TEST_PRECISION));
        subRegion.add(Interval.of(3,  4, TEST_PRECISION));

        final Line line = Lines.fromPointAndAngle(Vector2D.ZERO, 0.0, TEST_PRECISION);
        final EmbeddedTreeLineSubset subset = new EmbeddedTreeLineSubset(line, subRegion);

        final Line splitter = Lines.fromPointAndAngle(Vector2D.of(10, 0), 0.1 * Math.PI, TEST_PRECISION);

        // act
        final Split<EmbeddedTreeLineSubset> split = subset.split(splitter);

        // assert
        Assertions.assertEquals(SplitLocation.MINUS, split.getLocation());

        Assertions.assertSame(subset, split.getMinus());
        Assertions.assertNull(split.getPlus());
    }",EmbeddedTreeLineSubsetTest::testSplit_intersection_minusOnly_oe
commons-geometry_1399,"@Test
    void testSplit_parallel_plus_oe() {
        // arrange
        final RegionBSPTree1D subRegion = RegionBSPTree1D.empty();
        subRegion.add(Interval.of(0,  2, TEST_PRECISION));
        subRegion.add(Interval.of(3,  4, TEST_PRECISION));

        final Line line = Lines.fromPointAndAngle(Vector2D.ZERO, 0.0, TEST_PRECISION);
        final EmbeddedTreeLineSubset subset = new EmbeddedTreeLineSubset(line, subRegion);

        final Line splitter = Lines.fromPointAndAngle(Vector2D.of(0, 1), 0.0, TEST_PRECISION);

        // act
        final Split<EmbeddedTreeLineSubset> split = subset.split(splitter);

        // assert
        Assertions.assertEquals(SplitLocation.PLUS, split.getLocation());

        Assertions.assertNull(split.getMinus());
        Assertions.assertSame(subset, split.getPlus());
    }",EmbeddedTreeLineSubsetTest::testSplit_parallel_plus_oe
commons-geometry_1400,"@Test
    void testSplit_parallel_minus_oe() {
        // arrange
        final RegionBSPTree1D subRegion = RegionBSPTree1D.empty();
        subRegion.add(Interval.of(0,  2, TEST_PRECISION));
        subRegion.add(Interval.of(3,  4, TEST_PRECISION));

        final Line line = Lines.fromPointAndAngle(Vector2D.ZERO, 0.0, TEST_PRECISION);
        final EmbeddedTreeLineSubset subset = new EmbeddedTreeLineSubset(line, subRegion);

        final Line splitter = Lines.fromPointAndAngle(Vector2D.of(0, -1), 0.0, TEST_PRECISION);

        // act
        final Split<EmbeddedTreeLineSubset> split = subset.split(splitter);

        // assert
        Assertions.assertEquals(SplitLocation.MINUS, split.getLocation());

        Assertions.assertSame(subset, split.getMinus());
        Assertions.assertNull(split.getPlus());
    }",EmbeddedTreeLineSubsetTest::testSplit_parallel_minus_oe
commons-geometry_1401,"@Test
    void testSplit_coincident_sameDirection_oe() {
        // arrange
        final RegionBSPTree1D subRegion = RegionBSPTree1D.empty();
        subRegion.add(Interval.of(0,  2, TEST_PRECISION));
        subRegion.add(Interval.of(3,  4, TEST_PRECISION));

        final Line line = Lines.fromPointAndAngle(Vector2D.ZERO, 0.0, TEST_PRECISION);
        final EmbeddedTreeLineSubset subset = new EmbeddedTreeLineSubset(line, subRegion);

        final Line splitter = Lines.fromPointAndAngle(Vector2D.ZERO, 0.0, TEST_PRECISION);

        // act
        final Split<EmbeddedTreeLineSubset> split = subset.split(splitter);

        // assert
        Assertions.assertEquals(SplitLocation.NEITHER, split.getLocation());

        Assertions.assertNull(split.getMinus());
        Assertions.assertNull(split.getPlus());
    }",EmbeddedTreeLineSubsetTest::testSplit_coincident_sameDirection_oe
commons-geometry_1402,"@Test
    void testSplit_coincident_oppositeDirection_oe() {
        // arrange
        final RegionBSPTree1D subRegion = RegionBSPTree1D.empty();
        subRegion.add(Interval.of(0,  2, TEST_PRECISION));
        subRegion.add(Interval.of(3,  4, TEST_PRECISION));

        final Line line = Lines.fromPointAndAngle(Vector2D.ZERO, 0.0, TEST_PRECISION);
        final EmbeddedTreeLineSubset subset = new EmbeddedTreeLineSubset(line, subRegion);

        final Line splitter = Lines.fromPointAndAngle(Vector2D.ZERO, Math.PI, TEST_PRECISION);

        // act
        final Split<EmbeddedTreeLineSubset> split = subset.split(splitter);

        // assert
        Assertions.assertEquals(SplitLocation.NEITHER, split.getLocation());

        Assertions.assertNull(split.getMinus());
        Assertions.assertNull(split.getPlus());
    }",EmbeddedTreeLineSubsetTest::testSplit_coincident_oppositeDirection_oe
commons-geometry_1403,"@Test
    void testTransform_oe() {
        // arrange
        final AffineTransformMatrix2D mat = AffineTransformMatrix2D
                .createRotation(Vector2D.of(0, 1), Angle.PI_OVER_TWO)
                .scale(Vector2D.of(3, 2));

        final EmbeddedTreeLineSubset subset = new EmbeddedTreeLineSubset(Lines.fromPointAndAngle(Vector2D.ZERO, 0.0, TEST_PRECISION));
        subset.getSubspaceRegion().add(Interval.of(0, 1, TEST_PRECISION));
        subset.getSubspaceRegion().add(Interval.min(3, TEST_PRECISION));

        // act
        final EmbeddedTreeLineSubset transformed = subset.transform(mat);

        // assert
        Assertions.assertNotSame(subset, transformed);

        final List<LineConvexSubset> originalSegments = subset.toConvex();
        Assertions.assertEquals(2, originalSegments.size());
        checkFiniteSegment(originalSegments.get(0), Vector2D.ZERO, Vector2D.Unit.PLUS_X);
        EuclideanTestUtils.assertCoordinatesEqual(Vector2D.of(3, 0), originalSegments.get(1).getStartPoint(), TEST_EPS);
        Assertions.assertNull(originalSegments.get(1).getEndPoint());

        final List<LineConvexSubset> transformedSegments = transformed.toConvex();
        Assertions.assertEquals(2, transformedSegments.size());
        checkFiniteSegment(transformedSegments.get(0), Vector2D.of(3, 2), Vector2D.of(3, 4));
        EuclideanTestUtils.assertCoordinatesEqual(Vector2D.of(3, 8), transformedSegments.get(1).getStartPoint(), TEST_EPS);
        Assertions.assertNull(transformedSegments.get(1).getEndPoint());
    }",EmbeddedTreeLineSubsetTest::testTransform_oe
commons-geometry_1404,"@Test
    void testTransform_reflection_oe() {
        // arrange
        final AffineTransformMatrix2D mat = AffineTransformMatrix2D.createScale(Vector2D.of(-1, 2));

        final EmbeddedTreeLineSubset subset =
                new EmbeddedTreeLineSubset(Lines.fromPointAndAngle(Vector2D.of(0, 1), 0.0, TEST_PRECISION));
        subset.getSubspaceRegion().add(Interval.of(0, 1, TEST_PRECISION));

        // act
        final EmbeddedTreeLineSubset transformed = subset.transform(mat);

        // assert
        Assertions.assertNotSame(subset, transformed);

        final List<LineConvexSubset> originalSegments = subset.toConvex();
        Assertions.assertEquals(1, originalSegments.size());
        checkFiniteSegment(originalSegments.get(0), Vector2D.of(0, 1), Vector2D.of(1, 1));

        final List<LineConvexSubset> transformedSegments = transformed.toConvex();
        Assertions.assertEquals(1, transformedSegments.size());
        checkFiniteSegment(transformedSegments.get(0), Vector2D.of(0, 2), Vector2D.of(-1, 2));
    }",EmbeddedTreeLineSubsetTest::testTransform_reflection_oe
commons-geometry_1405,"@Test
    void testClosest_oe() {
        // arrange
        final RegionBSPTree1D subRegion = RegionBSPTree1D.empty();
        subRegion.add(Interval.of(0, 2, TEST_PRECISION));
        subRegion.add(Interval.of(3, 4, TEST_PRECISION));

        final Line line = Lines.fromPointAndAngle(Vector2D.of(0, 2), 0.0, TEST_PRECISION);
        final EmbeddedTreeLineSubset subset = new EmbeddedTreeLineSubset(line, subRegion);

        // act/assert
        EuclideanTestUtils.assertCoordinatesEqual(Vector2D.of(0, 2), subset.closest(Vector2D.of(0, 1)), TEST_EPS);
        EuclideanTestUtils.assertCoordinatesEqual(Vector2D.of(0, 2), subset.closest(Vector2D.of(0, 3)), TEST_EPS);

        EuclideanTestUtils.assertCoordinatesEqual(Vector2D.of(1, 2), subset.closest(Vector2D.of(1, 1)), TEST_EPS);
        EuclideanTestUtils.assertCoordinatesEqual(Vector2D.of(1, 2), subset.closest(Vector2D.of(1, 3)), TEST_EPS);

        EuclideanTestUtils.assertCoordinatesEqual(Vector2D.of(2, 2), subset.closest(Vector2D.of(2, 1)), TEST_EPS);
        EuclideanTestUtils.assertCoordinatesEqual(Vector2D.of(2, 2), subset.closest(Vector2D.of(2, 3)), TEST_EPS);

        EuclideanTestUtils.assertCoordinatesEqual(Vector2D.of(2, 2), subset.closest(Vector2D.of(2.4, 1)), TEST_EPS);
        EuclideanTestUtils.assertCoordinatesEqual(Vector2D.of(2, 2), subset.closest(Vector2D.of(2.4, 3)), TEST_EPS);

        EuclideanTestUtils.assertCoordinatesEqual(Vector2D.of(3, 2), subset.closest(Vector2D.of(2.6, 1)), TEST_EPS);
        EuclideanTestUtils.assertCoordinatesEqual(Vector2D.of(3, 2), subset.closest(Vector2D.of(2.6, 3)), TEST_EPS);

        EuclideanTestUtils.assertCoordinatesEqual(Vector2D.of(4, 2), subset.closest(Vector2D.of(5, 1)), TEST_EPS);
        EuclideanTestUtils.assertCoordinatesEqual(Vector2D.of(4, 2), subset.closest(Vector2D.of(5, 3)), TEST_EPS);
    }",EmbeddedTreeLineSubsetTest::testClosest_oe
commons-geometry_1406,"@Test
    void testClosest_empty_oe() {
        // arrange
        final Line line = Lines.fromPointAndAngle(Vector2D.ZERO, 0.0, TEST_PRECISION);
        final EmbeddedTreeLineSubset subset = new EmbeddedTreeLineSubset(line, RegionBSPTree1D.empty());

        // act/assert
        Assertions.assertNull(subset.closest(Vector2D.ZERO));
    }",EmbeddedTreeLineSubsetTest::testClosest_empty_oe
commons-geometry_1407,"@Test
    void testClassify_oe() {
        // arrange
        final RegionBSPTree1D subRegion = RegionBSPTree1D.empty();
        subRegion.add(Interval.of(0, 2, TEST_PRECISION));
        subRegion.add(Interval.of(3, 4, TEST_PRECISION));

        final Line line = Lines.fromPointAndAngle(Vector2D.of(0, 2), 0.0, TEST_PRECISION);
        final EmbeddedTreeLineSubset subset = new EmbeddedTreeLineSubset(line, subRegion);

        // act/assert
        EuclideanTestUtils.assertRegionLocation(subset, RegionLocation.INSIDE,
                Vector2D.of(1, 2), Vector2D.of(3.5, 2));

        EuclideanTestUtils.assertRegionLocation(subset, RegionLocation.BOUNDARY,
                Vector2D.of(0, 2), Vector2D.of(2, 2), Vector2D.of(3, 2), Vector2D.of(4, 2));

        EuclideanTestUtils.assertRegionLocation(subset, RegionLocation.OUTSIDE,
                Vector2D.of(-1, 2), Vector2D.of(2.5, 2), Vector2D.of(5, 2),
                Vector2D.of(1, 3), Vector2D.of(3.5, 1));
    }",EmbeddedTreeLineSubsetTest::testClassify_oe
commons-geometry_1408,"@Test
    void testToString_oe() {
        // arrange
        final EmbeddedTreeLineSubset sub = new EmbeddedTreeLineSubset(DEFAULT_TEST_LINE);

        // act
        final String str = sub.toString();

        // assert
        Assertions.assertTrue(str.contains(""EmbeddedTreeLineSubset[lineOrigin= ""));
        Assertions.assertTrue(str.contains("", lineDirection= ""));
        Assertions.assertTrue(str.contains("", region= ""));
    }",EmbeddedTreeLineSubsetTest::testToString_oe
commons-geometry_1409,"@Test
    void testFromPointAndDirection_oe() {
        // arrange
        final Vector2D p0 = Vector2D.of(1, 2);
        final Vector2D p1 = Vector2D.of(2, 2);

        // act
        final ReverseRay revRay = Lines.reverseRayFromPointAndDirection(p0, p0.vectorTo(p1), TEST_PRECISION);

        // assert
        Assertions.assertFalse(revRay.isFull());
        Assertions.assertFalse(revRay.isEmpty());
        Assertions.assertTrue(revRay.isInfinite());
        Assertions.assertFalse(revRay.isFinite());

        Assertions.assertNull(revRay.getStartPoint());
        EuclideanTestUtils.assertCoordinatesEqual(p0, revRay.getEndPoint(), TEST_EPS);

        GeometryTestUtils.assertNegativeInfinity(revRay.getSubspaceStart());
        Assertions.assertEquals(1, revRay.getSubspaceEnd(), TEST_EPS);

        GeometryTestUtils.assertPositiveInfinity(revRay.getSize());
        Assertions.assertNull(revRay.getCentroid());
        Assertions.assertNull(revRay.getBounds());
    }",ReverseRayTest::testFromPointAndDirection_oe
commons-geometry_1410,"@Test
    void testFromPointAndDirection_invalidArgs_oe() {
        // arrange
        final Vector2D p = Vector2D.of(0, 2);
        final Vector2D d = Vector2D.of(1e-17, -1e-12);

        // act/assert
        GeometryTestUtils.assertThrowsWithMessage(() -> {
            Lines.reverseRayFromPointAndDirection(p, d, TEST_PRECISION);
        }, IllegalArgumentException.class, ""Line direction cannot be zero"");
    }",ReverseRayTest::testFromPointAndDirection_invalidArgs_oe
commons-geometry_1411,"@Test
    void testFromPoint_oe() {
        // arrange
        final Vector2D p0 = Vector2D.of(1, 1);
        final Vector2D p1 = Vector2D.of(1, 2);
        final Vector2D p3 = Vector2D.of(3, 3);

        final Line line = Lines.fromPoints(p0, p1, TEST_PRECISION);

        // act
        final ReverseRay revRay = Lines.reverseRayFromPoint(line, p3);

        // assert
        Assertions.assertFalse(revRay.isFull());
        Assertions.assertFalse(revRay.isEmpty());
        Assertions.assertTrue(revRay.isInfinite());
        Assertions.assertFalse(revRay.isFinite());

        Assertions.assertNull(revRay.getStartPoint());
        EuclideanTestUtils.assertCoordinatesEqual(Vector2D.of(1, 3), revRay.getEndPoint(), TEST_EPS);

        GeometryTestUtils.assertNegativeInfinity(revRay.getSubspaceStart());
        Assertions.assertEquals(3, revRay.getSubspaceEnd(), TEST_EPS);

        GeometryTestUtils.assertPositiveInfinity(revRay.getSize());
        Assertions.assertNull(revRay.getCentroid());
        Assertions.assertNull(revRay.getBounds());
    }",ReverseRayTest::testFromPoint_oe
commons-geometry_1412,"@Test
    void testFromPoint_invalidArgs_oe() {
        // arrange
        final Vector2D p = Vector2D.of(0, 2);
        final Vector2D d = Vector2D.of(1, 1);
        final Line line = Lines.fromPointAndDirection(p, d, TEST_PRECISION);

        // act/assert
        GeometryTestUtils.assertThrowsWithMessage(() -> {
            Lines.reverseRayFromPoint(line, Vector2D.NaN);
        }, IllegalArgumentException.class, ""Invalid reverse ray end point: (NaN, NaN)"");

        GeometryTestUtils.assertThrowsWithMessage(() -> {
            Lines.reverseRayFromPoint(line, Vector2D.POSITIVE_INFINITY);
        }, IllegalArgumentException.class, ""Invalid reverse ray end point: (Infinity, Infinity)"");

        GeometryTestUtils.assertThrowsWithMessage(() -> {
            Lines.reverseRayFromPoint(line, Vector2D.NEGATIVE_INFINITY);
        }, IllegalArgumentException.class, ""Invalid reverse ray end point: (-Infinity, -Infinity)"");
    }",ReverseRayTest::testFromPoint_invalidArgs_oe
commons-geometry_1413,"@Test
    void testFromLocation_oe() {
        // arrange
        final Vector2D p0 = Vector2D.of(1, 1);
        final Vector2D p1 = Vector2D.of(1, 2);

        final Line line = Lines.fromPoints(p0, p1, TEST_PRECISION);

        // act
        final ReverseRay revRay = Lines.reverseRayFromLocation(line, -2);

        // assert
        Assertions.assertFalse(revRay.isFull());
        Assertions.assertFalse(revRay.isEmpty());
        Assertions.assertTrue(revRay.isInfinite());
        Assertions.assertFalse(revRay.isFinite());

        Assertions.assertNull(revRay.getStartPoint());
        EuclideanTestUtils.assertCoordinatesEqual(Vector2D.of(1, -2), revRay.getEndPoint(), TEST_EPS);

        GeometryTestUtils.assertNegativeInfinity(revRay.getSubspaceStart());
        Assertions.assertEquals(-2, revRay.getSubspaceEnd(), TEST_EPS);

        GeometryTestUtils.assertPositiveInfinity(revRay.getSize());
        Assertions.assertNull(revRay.getCentroid());
        Assertions.assertNull(revRay.getBounds());
    }",ReverseRayTest::testFromLocation_oe
commons-geometry_1414,"@Test
    void testFromLocation_invalidArgs_oe() {
        // arrange
        final Vector2D p = Vector2D.of(0, 2);
        final Vector2D d = Vector2D.of(1, 1);
        final Line line = Lines.fromPointAndDirection(p, d, TEST_PRECISION);

        // act/assert
        GeometryTestUtils.assertThrowsWithMessage(() -> {
            Lines.reverseRayFromLocation(line, Double.NaN);
        }, IllegalArgumentException.class, ""Invalid reverse ray end location: NaN"");

        GeometryTestUtils.assertThrowsWithMessage(() -> {
            Lines.reverseRayFromLocation(line, Double.POSITIVE_INFINITY);
        }, IllegalArgumentException.class, ""Invalid reverse ray end location: Infinity"");

        GeometryTestUtils.assertThrowsWithMessage(() -> {
            Lines.reverseRayFromLocation(line, Double.NEGATIVE_INFINITY);
        }, IllegalArgumentException.class, ""Invalid reverse ray end location: -Infinity"");
    }",ReverseRayTest::testFromLocation_invalidArgs_oe
commons-geometry_1415,"@Test
    void testTransform_oe() {
        // arrange
        final AffineTransformMatrix2D t = AffineTransformMatrix2D.createRotation(-0.5 * Math.PI)
                .translate(Vector2D.Unit.PLUS_X);

        final ReverseRay revRay = Lines.reverseRayFromPointAndDirection(Vector2D.of(1, 0), Vector2D.Unit.PLUS_X, TEST_PRECISION);

        // act
        final ReverseRay result = revRay.transform(t);

        // assert
        EuclideanTestUtils.assertCoordinatesEqual(Vector2D.of(1, -1), result.getEndPoint(), TEST_EPS);
    }",ReverseRayTest::testTransform_oe
commons-geometry_1416,"@Test
    void testTransform_reflection_oe() {
        // arrange
        final AffineTransformMatrix2D t = AffineTransformMatrix2D.createRotation(0.5 * Math.PI)
                .translate(Vector2D.Unit.PLUS_X)
                .scale(1, -1);

        final ReverseRay revRay = Lines.reverseRayFromPointAndDirection(Vector2D.of(2, 3),
                Vector2D.Unit.PLUS_X, TEST_PRECISION);

        // act
        final ReverseRay result = revRay.transform(t);

        // assert
        EuclideanTestUtils.assertCoordinatesEqual(Vector2D.of(-2, -2), result.getEndPoint(), TEST_EPS);
    }",ReverseRayTest::testTransform_reflection_oe
commons-geometry_1417,"@Test
    void testReverse_oe() {
        // arrange
        final Vector2D start = Vector2D.of(1, 2);

        EuclideanTestUtils.permuteSkipZero(-4, 4, 1, (x, y) -> {
            final Vector2D dir = Vector2D.of(x, y);

            final ReverseRay revRay = Lines.reverseRayFromPointAndDirection(start, dir, TEST_PRECISION);

            // act
            final Ray rev = revRay.reverse();

            // assert
            EuclideanTestUtils.assertCoordinatesEqual(revRay.getLine().getOrigin(), rev.getLine().getOrigin(), TEST_EPS);
            Assertions.assertEquals(-1, revRay.getLine().getDirection().dot(rev.getLine().getDirection()), TEST_EPS);

            EuclideanTestUtils.assertCoordinatesEqual(revRay.getEndPoint(), rev.getStartPoint(), TEST_EPS);
        });
    }",ReverseRayTest::testReverse_oe
commons-geometry_1418,"@Test
    void testClosest_oe() {
        // arrange
        final Vector2D p1 = Vector2D.of(0, -1);
        final Vector2D p2 = Vector2D.of(0, 1);
        final ReverseRay revRay = Lines.reverseRayFromPointAndDirection(p2, p1.directionTo(p2), TEST_PRECISION);

        // act/assert
        EuclideanTestUtils.assertCoordinatesEqual(p1, revRay.closest(p1), TEST_EPS);
        EuclideanTestUtils.assertCoordinatesEqual(Vector2D.of(0, -2), revRay.closest(Vector2D.of(0, -2)), TEST_EPS);
        EuclideanTestUtils.assertCoordinatesEqual(Vector2D.of(0, -2), revRay.closest(Vector2D.of(2, -2)), TEST_EPS);
        EuclideanTestUtils.assertCoordinatesEqual(Vector2D.of(0, -1), revRay.closest(Vector2D.of(-1, -1)), TEST_EPS);

        EuclideanTestUtils.assertCoordinatesEqual(p2, revRay.closest(p2), TEST_EPS);
        EuclideanTestUtils.assertCoordinatesEqual(p2, revRay.closest(Vector2D.of(0, 2)), TEST_EPS);
        EuclideanTestUtils.assertCoordinatesEqual(p2, revRay.closest(Vector2D.of(-2, 2)), TEST_EPS);
        EuclideanTestUtils.assertCoordinatesEqual(p2, revRay.closest(Vector2D.of(-1, 1)), TEST_EPS);

        EuclideanTestUtils.assertCoordinatesEqual(Vector2D.ZERO, revRay.closest(Vector2D.ZERO), TEST_EPS);
        EuclideanTestUtils.assertCoordinatesEqual(Vector2D.of(0, 0.5), revRay.closest(Vector2D.of(1, 0.5)), TEST_EPS);
        EuclideanTestUtils.assertCoordinatesEqual(Vector2D.of(0, -0.5), revRay.closest(Vector2D.of(-2, -0.5)), TEST_EPS);
    }",ReverseRayTest::testClosest_oe
commons-geometry_1419,"@Test
    void testClassify_oe() {
        // arrange
        final ReverseRay revRay = Lines.reverseRayFromPointAndDirection(Vector2D.of(1, 1),
                Vector2D.Unit.PLUS_X, TEST_PRECISION);

        // act/assert
        EuclideanTestUtils.assertRegionLocation(revRay, RegionLocation.OUTSIDE,
                Vector2D.of(2, 2), Vector2D.of(2, 0),
                Vector2D.of(2, 1), Vector2D.of(5, 1));

        EuclideanTestUtils.assertRegionLocation(revRay, RegionLocation.BOUNDARY,
                Vector2D.of(1, 1), Vector2D.of(1 + 1e-16, 1));

        EuclideanTestUtils.assertRegionLocation(revRay, RegionLocation.INSIDE,
                Vector2D.of(-2, 1), Vector2D.of(-5, 1 + 1e-16));
    }",ReverseRayTest::testClassify_oe
commons-geometry_1420,"@Test
    void testSplit_smallAngle_pointOnSplitter_oe() {
        // arrange
        final Precision.DoubleEquivalence precision = Precision.doubleEquivalenceOfEpsilon(1e-5);

        final ReverseRay revRay = Lines.reverseRayFromPointAndDirection(
                Vector2D.of(1, 1e-6), Vector2D.of(-1, 1e-2), precision);

        final Line splitter = Lines.fromPointAndAngle(Vector2D.ZERO, 0, precision);

        // act
        final Split<LineConvexSubset> split = revRay.split(splitter);

        // assert
        Assertions.assertEquals(SplitLocation.PLUS, split.getLocation());

        Assertions.assertNull(split.getMinus());
        Assertions.assertSame(revRay, split.getPlus());
    }",ReverseRayTest::testSplit_smallAngle_pointOnSplitter_oe
commons-geometry_1421,"@Test
    void testGetInterval_oe() {
        // arrange
        final ReverseRay revRay = Lines.reverseRayFromPointAndDirection(Vector2D.of(2, -1), Vector2D.Unit.PLUS_X, TEST_PRECISION);

        // act
        final Interval interval = revRay.getInterval();

        // assert
        GeometryTestUtils.assertNegativeInfinity(interval.getMin());
        Assertions.assertEquals(2, interval.getMax(), TEST_EPS);

        Assertions.assertSame(revRay.getLine().getPrecision(), interval.getMaxBoundary().getPrecision());
    }",ReverseRayTest::testGetInterval_oe
commons-geometry_1422,"@Test
    void testToString_oe() {
        // arrange
        final ReverseRay revRay = Lines.reverseRayFromPointAndDirection(Vector2D.ZERO, Vector2D.of(1, 0), TEST_PRECISION);

        // act
        final String str = revRay.toString();

        // assert
        GeometryTestUtils.assertContains(""ReverseRay[direction= (1"", str);
        GeometryTestUtils.assertContains("", endPoint= (0"", str);
    }",ReverseRayTest::testToString_oe
commons-geometry_1423,"@Test
    void testFromNormal_illegalArguments_oe() {
        // act/assert
        Assertions.assertThrows(IllegalArgumentException.class, () -> Planes.fromNormal(Vector3D.ZERO, TEST_PRECISION));
    }",PlaneTest::testFromNormal_illegalArguments_oe
commons-geometry_1424,"@Test
    void testFromPointAndNormal_illegalArguments_oe() {
        // arrange
        final Vector3D pt = Vector3D.of(1, 2, 3);

        // act/assert
        Assertions.assertThrows(IllegalArgumentException.class, () -> Planes.fromPointAndNormal(pt, Vector3D.ZERO, TEST_PRECISION));
    }",PlaneTest::testFromPointAndNormal_illegalArguments_oe
commons-geometry_1425,"@Test
    void testFromPoints_planeContainsSourcePoints_oe() {
        // arrange
        final Vector3D p1 = Vector3D.of(1.2, 3.4, -5.8);
        final Vector3D p2 = Vector3D.of(3.4, -5.8, 1.2);
        final Vector3D p3 = Vector3D.of(-2.0, 4.3, 0.7);

        // act
        final Plane plane  = Planes.fromPoints(p1, p2, p3, TEST_PRECISION);

        // assert
        Assertions.assertTrue(plane.contains(p1));
        Assertions.assertTrue(plane.contains(p2));
        Assertions.assertTrue(plane.contains(p3));
    }",PlaneTest::testFromPoints_planeContainsSourcePoints_oe
commons-geometry_1426,"@Test
    void testFromPoints_illegalArguments_oe() {
        // arrange
        final Vector3D a = Vector3D.of(1, 0, 0);
        final Vector3D b = Vector3D.of(0, 1, 0);

        // act/assert

        Assertions.assertThrows(IllegalArgumentException.class, () -> Planes.fromPoints(a, a, a, TEST_PRECISION));
        Assertions.assertThrows(IllegalArgumentException.class, () -> Planes.fromPoints(a, a, b, TEST_PRECISION));
        Assertions.assertThrows(IllegalArgumentException.class, () -> Planes.fromPoints(a, b, a, TEST_PRECISION));
        Assertions.assertThrows(IllegalArgumentException.class, () -> Planes.fromPoints(b, a, a, TEST_PRECISION));
    }",PlaneTest::testFromPoints_illegalArguments_oe
commons-geometry_1427,"@Test
    void testFromPoints_collection_threePoints_oe() {
        // arrange
        final List<Vector3D> pts = Arrays.asList(
                    Vector3D.of(1, 1, 0),
                    Vector3D.of(1, 1, -1),
                    Vector3D.of(0, 1, 0)
                );

        // act
        final Plane plane = Planes.fromPoints(pts, TEST_PRECISION);

        // assert
        checkPlane(plane, Vector3D.Unit.PLUS_Y, Vector3D.Unit.PLUS_Y);

        Assertions.assertTrue(plane.contains(pts.get(0)));
        Assertions.assertTrue(plane.contains(pts.get(1)));
        Assertions.assertTrue(plane.contains(pts.get(2)));
    }",PlaneTest::testFromPoints_collection_threePoints_oe
commons-geometry_1428,"@Test
    void testFromPoints_collection_someCollinearPoints_oe() {
        // arrange
        final List<Vector3D> pts = Arrays.asList(
                    Vector3D.of(1, 0, 2),
                    Vector3D.of(2, 0, 2),
                    Vector3D.of(3, 0, 2),
                    Vector3D.of(0, 1, 2)
                );

        // act
        final Plane plane = Planes.fromPoints(pts, TEST_PRECISION);

        // assert
        checkPlane(plane, Vector3D.of(0, 0, 2), Vector3D.Unit.PLUS_Z);

        Assertions.assertTrue(plane.contains(pts.get(0)));
        Assertions.assertTrue(plane.contains(pts.get(1)));
        Assertions.assertTrue(plane.contains(pts.get(2)));
        Assertions.assertTrue(plane.contains(pts.get(3)));
    }",PlaneTest::testFromPoints_collection_someCollinearPoints_oe
commons-geometry_1429,"@Test
    void testFromPoints_collection_illegalArguments_oe() {
        // arrange
        final Vector3D a = Vector3D.ZERO;
        final Vector3D b = Vector3D.Unit.PLUS_X;

        // act/assert

        Assertions.assertThrows(IllegalArgumentException.class, () -> Planes.fromPoints(Collections.emptyList(), TEST_PRECISION));
        Assertions.assertThrows(IllegalArgumentException.class, () -> Planes.fromPoints(Collections.singletonList(a), TEST_PRECISION));
        Assertions.assertThrows(IllegalArgumentException.class, () -> Planes.fromPoints(Arrays.asList(a, b), TEST_PRECISION));
    }",PlaneTest::testFromPoints_collection_illegalArguments_oe
commons-geometry_1430,"@Test
    void testFromPoints_collection_allPointsCollinear_oe() {
        // act/assert
        Assertions.assertThrows(IllegalArgumentException.class, () -> Planes.fromPoints(Arrays.asList(
                Vector3D.ZERO,
                Vector3D.Unit.PLUS_X,
                Vector3D.of(2, 0, 0)
        ), TEST_PRECISION));
        Assertions.assertThrows(IllegalArgumentException.class, () -> Planes.fromPoints(Arrays.asList(
                Vector3D.ZERO,
                Vector3D.Unit.PLUS_X,
                Vector3D.of(2, 0, 0),
                Vector3D.of(3, 0, 0)
        ), TEST_PRECISION));
    }",PlaneTest::testFromPoints_collection_allPointsCollinear_oe
commons-geometry_1431,"@Test
    void testFromPoints_collection_notEnoughUniquePoints_oe() {
        // act/assert
        Assertions.assertThrows(IllegalArgumentException.class, () -> Planes.fromPoints(Arrays.asList(
                Vector3D.ZERO,
                Vector3D.ZERO,
                Vector3D.of(1e-12, 1e-12, 0),
                Vector3D.Unit.PLUS_X
        ), TEST_PRECISION));
        Assertions.assertThrows(IllegalArgumentException.class, () -> Planes.fromPoints(Arrays.asList(
                Vector3D.ZERO,
                Vector3D.of(1e-12, 0, 0),
                Vector3D.ZERO
        ), TEST_PRECISION));
    }",PlaneTest::testFromPoints_collection_notEnoughUniquePoints_oe
commons-geometry_1432,"@Test
    void testFromPoints_collection_pointsNotOnSamePlane_oe() {
        // act/assert
        Assertions.assertThrows(IllegalArgumentException.class, () -> Planes.fromPoints(Arrays.asList(
                Vector3D.ZERO,
                Vector3D.Unit.PLUS_X,
                Vector3D.Unit.PLUS_Y,
                Vector3D.Unit.PLUS_Z
        ), TEST_PRECISION));
    }",PlaneTest::testFromPoints_collection_pointsNotOnSamePlane_oe
commons-geometry_1433,"@Test
    void testGetEmbedding_oe() {
        // arrange
        final Vector3D pt = Vector3D.of(1, 2, 3);
        EuclideanTestUtils.permuteSkipZero(-4, 4, 1, (x, y, z) -> {

            final Plane plane = Planes.fromPointAndNormal(pt, Vector3D.of(x, y, z), TEST_PRECISION);

            // act
            final EmbeddingPlane embeddingPlane = plane.getEmbedding();
            final EmbeddingPlane nextEmbeddingPlane = plane.getEmbedding();

            // assert
            Assertions.assertSame(plane.getNormal(), embeddingPlane.getNormal());
            Assertions.assertSame(plane.getNormal(), embeddingPlane.getW());
            Assertions.assertEquals(plane.getOriginOffset(), embeddingPlane.getOriginOffset(), TEST_EPS);
            Assertions.assertSame(plane.getPrecision(), embeddingPlane.getPrecision());

            final Vector3D.Unit u = embeddingPlane.getU();
            final Vector3D.Unit v = embeddingPlane.getV();
            final Vector3D.Unit w = embeddingPlane.getW();

            Assertions.assertEquals(0, u.dot(v), TEST_EPS);
            Assertions.assertEquals(0, u.dot(w), TEST_EPS);
            Assertions.assertEquals(0, v.dot(w), TEST_EPS);

            Assertions.assertNotSame(embeddingPlane, nextEmbeddingPlane);
            Assertions.assertEquals(embeddingPlane, nextEmbeddingPlane);
        });
    }",PlaneTest::testGetEmbedding_oe
commons-geometry_1434,"@Test
    void testContains_point_oe() {
        // arrange
        final Plane plane = Planes.fromPointAndNormal(Vector3D.of(0, 0, 1), Vector3D.of(0, 0, 1), TEST_PRECISION);
        final double halfEps = 0.5 * TEST_EPS;

        // act/assert
        EuclideanTestUtils.permute(-100, 100, 5, (x, y) -> {

            Assertions.assertTrue(plane.contains(Vector3D.of(x, y, 1)));
            Assertions.assertTrue(plane.contains(Vector3D.of(x, y, 1 + halfEps)));
            Assertions.assertTrue(plane.contains(Vector3D.of(x, y, 1 - halfEps)));

            Assertions.assertFalse(plane.contains(Vector3D.of(x, y, 0.5)));
            Assertions.assertFalse(plane.contains(Vector3D.of(x, y, 1.5)));
        });
    }",PlaneTest::testContains_point_oe
commons-geometry_1435,"@Test
    void testContains_line_oe() {
        // arrange
        final Plane plane = Planes.fromPointAndNormal(Vector3D.ZERO, Vector3D.Unit.PLUS_Z, TEST_PRECISION);

        // act/assert
        Assertions.assertTrue(plane.contains(Lines3D.fromPoints(Vector3D.of(1,0,0),Vector3D.of(2,0,0),TEST_PRECISION)));
        Assertions.assertTrue(plane.contains(Lines3D.fromPoints(Vector3D.of(-1,0,0),Vector3D.of(-2,0,0),TEST_PRECISION)));

        Assertions.assertFalse(plane.contains(Lines3D.fromPoints(Vector3D.of(1,0,2),Vector3D.of(2,0,2),TEST_PRECISION)));
        Assertions.assertFalse(plane.contains(Lines3D.fromPoints(Vector3D.ZERO,Vector3D.of(2,0,2),TEST_PRECISION)));
    }",PlaneTest::testContains_line_oe
commons-geometry_1436,"@Test
    void testContains_plane_oe() {
        // arrange
        final Vector3D p1 = Vector3D.of(1.2, 3.4, -5.8);
        final Vector3D p2 = Vector3D.of(3.4, -5.8, 1.2);
        final Vector3D p3 = Vector3D.of(-2.0, 4.3, 0.7);
        final Plane planeA = Planes.fromPoints(p1, p2, p3, TEST_PRECISION);

        // act/assert
        Assertions.assertTrue(planeA.contains(planeA));
        Assertions.assertTrue(planeA.contains(Planes.fromPoints(p1, p3, p2, TEST_PRECISION)));
        Assertions.assertTrue(planeA.contains(Planes.fromPoints(p3, p1, p2, TEST_PRECISION)));
        Assertions.assertTrue(planeA.contains(Planes.fromPoints(p3, p2, p1, TEST_PRECISION)));

        Assertions.assertFalse(planeA.contains(Planes.fromPoints(p1, Vector3D.of(11.4, -3.8, 5.1), p2, TEST_PRECISION)));

        final Vector3D offset = planeA.getNormal().multiply(1e-8);
        Assertions.assertFalse(planeA.contains(Planes.fromPoints(p1.add(offset), p2, p3, TEST_PRECISION)));
        Assertions.assertFalse(planeA.contains(Planes.fromPoints(p1, p2.add(offset), p3, TEST_PRECISION)));
        Assertions.assertFalse(planeA.contains(Planes.fromPoints(p1, p2, p3.add(offset), TEST_PRECISION)));

        Assertions.assertFalse(planeA.contains(Planes.fromPoints(p1.add(offset),p2.add(offset),p3.add(offset),TEST_PRECISION)));
    }",PlaneTest::testContains_plane_oe
commons-geometry_1437,"@Test
    void testReverse_oe() {
        // arrange
        final Vector3D pt = Vector3D.of(0, 0, 1);
        final Plane plane = Planes.fromPointAndNormal(pt, Vector3D.Unit.PLUS_Z, TEST_PRECISION);

        // act
        final Plane reversed = plane.reverse();

        // assert
        checkPlane(reversed, pt, Vector3D.Unit.MINUS_Z);

        Assertions.assertTrue(reversed.contains(Vector3D.of(1, 1, 1)));
        Assertions.assertTrue(reversed.contains(Vector3D.of(-1, -1, 1)));
        Assertions.assertFalse(reversed.contains(Vector3D.ZERO));

        Assertions.assertEquals(1.0, reversed.offset(Vector3D.ZERO), TEST_EPS);
    }",PlaneTest::testReverse_oe
commons-geometry_1438,"@Test
    void testIsParallelAndOffset_line_oe() {
        // arrange
        final Plane plane = Planes.fromPointAndNormal(Vector3D.of(0, 0, 1), Vector3D.of(0, 0, 1), TEST_PRECISION);

        final Line3D parallelLine = Lines3D.fromPoints(Vector3D.of(1, 0, 2), Vector3D.of(2, 0, 2), TEST_PRECISION);
        final Line3D nonParallelLine = Lines3D.fromPoints(Vector3D.of(1, 0, 2), Vector3D.of(2, 0, 1), TEST_PRECISION);
        final Line3D containedLine = Lines3D.fromPoints(Vector3D.of(2, 0, 1), Vector3D.of(1, 0, 1), TEST_PRECISION);

        // act
        Assertions.assertTrue(plane.isParallel(parallelLine));
        Assertions.assertEquals(1.0, plane.offset(parallelLine), TEST_EPS);

        Assertions.assertFalse(plane.isParallel(nonParallelLine));
        Assertions.assertEquals(0.0, plane.offset(nonParallelLine), TEST_EPS);

        Assertions.assertTrue(plane.isParallel(containedLine));
        Assertions.assertEquals(0.0, plane.offset(containedLine), TEST_EPS);
    }",PlaneTest::testIsParallelAndOffset_line_oe
commons-geometry_1439,"@Test
    void testIsParallelAndOffset_plane_oe() {
        // arrange
        final Plane plane = Planes.fromPointAndNormal(Vector3D.of(0, 0, 1), Vector3D.of(0, 0, 1), TEST_PRECISION);
        final Plane parallelPlane = Planes.fromPointAndNormal(Vector3D.of(0, 0, 1), Vector3D.of(0, 0, 1), TEST_PRECISION);
        final Plane parallelPlane2 = Planes.fromPointAndNormal(Vector3D.of(0, 0, 2), Vector3D.of(0, 0, 1), TEST_PRECISION);
        final Plane parallelPlane3 = Planes.fromPointAndNormal(Vector3D.ZERO, Vector3D.of(0, 0, 1), TEST_PRECISION).reverse();
        final Plane nonParallelPlane = Planes.fromPointAndNormal(Vector3D.of(0, 0, 1),
                Vector3D.of(1, 1.5, 1).cross(Vector3D.of(0, 1, 1)), TEST_PRECISION);
        final Plane reversedPlane = plane.reverse();

        // act/assert
        Assertions.assertTrue(plane.isParallel(parallelPlane));
        Assertions.assertEquals(0.0, plane.offset(parallelPlane), TEST_EPS);

        Assertions.assertTrue(plane.isParallel(parallelPlane2));
        Assertions.assertEquals(1.0, plane.offset(parallelPlane2), TEST_EPS);

        Assertions.assertTrue(plane.isParallel(parallelPlane3));
        Assertions.assertEquals(-1.0, plane.offset(parallelPlane3), TEST_EPS);

        Assertions.assertFalse(plane.isParallel(nonParallelPlane));
        Assertions.assertEquals(0.0, plane.offset(nonParallelPlane), TEST_EPS);

        Assertions.assertTrue(plane.isParallel(reversedPlane));
        Assertions.assertEquals(0.0, plane.offset(nonParallelPlane), TEST_EPS);
    }",PlaneTest::testIsParallelAndOffset_plane_oe
commons-geometry_1440,"@Test
    void testOffset_point_oe() {
        // arrange
        final Vector3D p1 = Vector3D.of(1, 1, 1);
        final Plane plane = Planes.fromPointAndNormal(p1, Vector3D.of(0.2, 0, 0), TEST_PRECISION);

        // act/assert
        Assertions.assertEquals(-5.0, plane.offset(Vector3D.of(-4, 0, 0)), TEST_EPS);
        Assertions.assertEquals(+5.0, plane.offset(Vector3D.of(6, 10, -12)), TEST_EPS);
        Assertions.assertEquals(0.3,plane.offset(Vector3D.Sum.of(p1).addScaled(0.3,plane.getNormal()).get()),TEST_EPS);
        Assertions.assertEquals(-0.3,plane.offset(Vector3D.Sum.of(p1).addScaled(-0.3,plane.getNormal()).get()),TEST_EPS);
    }",PlaneTest::testOffset_point_oe
commons-geometry_1441,"@Test
    void testProject_point_oe() {
        // arrange
        final Vector3D pt = Vector3D.of(-3, -2, -1);
        EuclideanTestUtils.permuteSkipZero(-4, 4, 1, (nx, ny, nz) -> {

            final Plane plane = Planes.fromPointAndNormal(pt, Vector3D.of(nx, ny, nz), TEST_PRECISION);
            EuclideanTestUtils.permute(-4, 4, 1, (x, y, z) -> {

                final Vector3D p = Vector3D.of(x, y, z);

                // act
                final Vector3D proj = plane.project(p);

                // assert
                Assertions.assertTrue(plane.contains(proj));
                Assertions.assertEquals(0, plane.getOrigin().vectorTo(proj).dot(plane.getNormal()), TEST_EPS);
            });
        });
    }",PlaneTest::testProject_point_oe
commons-geometry_1442,"@Test
    void testProject_line_oe() {
        // arrange
        final Plane plane = Planes.fromPointAndNormal(Vector3D.Unit.PLUS_Z, Vector3D.Unit.PLUS_Z, TEST_PRECISION);
        final Line3D line = Lines3D.fromPoints(Vector3D.of(1, 0, 1), Vector3D.of(2, 0, 2), TEST_PRECISION);

        // act
        final Line3D projected = plane.project(line);

        // assert
        final Line3D expectedProjection = Lines3D.fromPoints(Vector3D.of(1, 0, 1), Vector3D.of(2, 0, 1), TEST_PRECISION);
        Assertions.assertEquals(expectedProjection, projected);

        Assertions.assertTrue(plane.contains(projected));

        Assertions.assertTrue(projected.contains(Vector3D.of(1, 0, 1)));
        Assertions.assertTrue(projected.contains(Vector3D.of(2, 0, 1)));
    }",PlaneTest::testProject_line_oe
commons-geometry_1443,"@Test
    void testTransform_asymmetricScaling_oe() {
        // arrange
        final Vector3D pt = Vector3D.of(0, 1, 0);
        final Plane plane = Planes.fromPointAndNormal(pt, Vector3D.of(1, 1, 0), TEST_PRECISION);

        final AffineTransformMatrix3D t = AffineTransformMatrix3D.createScale(2, 1, 1);

        // act
        final Plane result = plane.transform(t);

        // assert
        final Vector3D expectedNormal = Vector3D.Unit.from(1, 2, 0);
        final Vector3D expectedOrigin = result.project(Vector3D.ZERO);

        checkPlane(result, expectedOrigin, expectedNormal);

        final Vector3D transformedPt = t.apply(Vector3D.of(0.5, 0.5, 1));
        Assertions.assertTrue(result.contains(transformedPt));
        Assertions.assertFalse(plane.contains(transformedPt));
    }",PlaneTest::testTransform_asymmetricScaling_oe
commons-geometry_1444,"@Test
    void testTransform_negateOneComponent_oe() {
        // arrange
        final Vector3D pt = Vector3D.of(0, 0, 1);
        final Plane plane = Planes.fromPointAndNormal(pt, Vector3D.Unit.PLUS_Z, TEST_PRECISION);

        final AffineTransformMatrix3D transform = AffineTransformMatrix3D.createScale(-1, 1,  1);

        // act
        final Plane result = plane.transform(transform);

        // assert
        checkPlane(result, Vector3D.of(0, 0, 1), Vector3D.Unit.MINUS_Z);

        Assertions.assertFalse(transform.preservesOrientation());
        EuclideanTestUtils.assertCoordinatesEqual(Vector3D.Unit.PLUS_Z,
                transform.normalTransform().apply(plane.getNormal()), TEST_EPS);
    }",PlaneTest::testTransform_negateOneComponent_oe
commons-geometry_1445,"@Test
    void testTransform_consistency_oe() {
        // arrange
        final Vector3D pt = Vector3D.of(1, 2, 3);
        final Vector3D normal = Vector3D.Unit.of(1, 1, 1);

        final Plane plane = Planes.fromPointAndNormal(pt, normal, TEST_PRECISION);

        final Vector3D p1 = plane.project(Vector3D.of(4, 5, 6));
        final Vector3D p2 = plane.project(Vector3D.of(-7, -8, -9));
        final Vector3D p3 = plane.project(Vector3D.of(10, -11, 12));

        final Vector3D notOnPlane1 = plane.getOrigin().add(plane.getNormal());
        final Vector3D notOnPlane2 = plane.getOrigin().subtract(plane.getNormal());

        EuclideanTestUtils.permuteSkipZero(-4, 4, 1, (a, b, c) -> {
            final AffineTransformMatrix3D t = AffineTransformMatrix3D.identity()
                    .rotate(Vector3D.of(-1, 2, 3),
                            QuaternionRotation.fromAxisAngle(Vector3D.Unit.PLUS_X, 0.3 * a))
                    .scale(Math.max(a, 1), Math.max(b, 1), Math.max(c, 1))
                    .translate(c, b, a);

            // act
            final Plane result = plane.transform(t);

            // assert
            Vector3D expectedNormal = t.normalTransform().apply(plane.getNormal()).normalize();
            if (!t.preservesOrientation()) {
                expectedNormal = expectedNormal.negate();
            }

            EuclideanTestUtils.assertCoordinatesEqual(expectedNormal, result.getNormal(), TEST_EPS);

            Assertions.assertTrue(result.contains(t.apply(p1)));
            Assertions.assertTrue(result.contains(t.apply(p2)));
            Assertions.assertTrue(result.contains(t.apply(p3)));

            Assertions.assertFalse(result.contains(t.apply(notOnPlane1)));
            Assertions.assertFalse(result.contains(t.apply(notOnPlane2)));
        });
    }",PlaneTest::testTransform_consistency_oe
commons-geometry_1446,"@Test
    void testRotate_oe() {
        // arrange
        final Vector3D p1 = Vector3D.of(1.2, 3.4, -5.8);
        final Vector3D p2 = Vector3D.of(3.4, -5.8, 1.2);
        final Vector3D p3 = Vector3D.of(-2.0, 4.3, 0.7);
        Plane plane  = Planes.fromPoints(p1, p2, p3, TEST_PRECISION);
        final Vector3D oldNormal = plane.getNormal();

        // act/assert
        plane = plane.rotate(p2, QuaternionRotation.fromAxisAngle(p2.subtract(p1), 1.7));
        Assertions.assertTrue(plane.contains(p1));
        Assertions.assertTrue(plane.contains(p2));
        Assertions.assertFalse(plane.contains(p3));

        plane = plane.rotate(p2, QuaternionRotation.fromAxisAngle(oldNormal, 0.1));
        Assertions.assertFalse(plane.contains(p1));
        Assertions.assertTrue(plane.contains(p2));
        Assertions.assertFalse(plane.contains(p3));

        plane = plane.rotate(p1, QuaternionRotation.fromAxisAngle(oldNormal, 0.1));
        Assertions.assertFalse(plane.contains(p1));
        Assertions.assertFalse(plane.contains(p2));
        Assertions.assertFalse(plane.contains(p3));
    }",PlaneTest::testRotate_oe
commons-geometry_1447,"@Test
    void testTranslate_oe() {
        // arrange
        final Vector3D p1 = Vector3D.of(1.2, 3.4, -5.8);
        final Vector3D p2 = Vector3D.of(3.4, -5.8, 1.2);
        final Vector3D p3 = Vector3D.of(-2.0, 4.3, 0.7);
        Plane plane  = Planes.fromPoints(p1, p2, p3, TEST_PRECISION);

        // act/assert
        plane = plane.translate(plane.getNormal().orthogonal().multiply(2.0));
        Assertions.assertTrue(plane.contains(p1));
        Assertions.assertTrue(plane.contains(p2));
        Assertions.assertTrue(plane.contains(p3));

        plane = plane.translate(plane.getNormal().multiply(-1.2));
        Assertions.assertFalse(plane.contains(p1));
        Assertions.assertFalse(plane.contains(p2));
        Assertions.assertFalse(plane.contains(p3));

        plane = plane.translate(plane.getNormal().multiply(+1.2));
        Assertions.assertTrue(plane.contains(p1));
        Assertions.assertTrue(plane.contains(p2));
        Assertions.assertTrue(plane.contains(p3));
    }",PlaneTest::testTranslate_oe
commons-geometry_1448,"@Test
    void testIntersection_withLine_oe() {
        // arrange
        final Plane plane = Planes.fromPointAndNormal(Vector3D.of(1, 2, 3), Vector3D.of(-4, 1, -5), TEST_PRECISION);
        final Line3D line = Lines3D.fromPoints(Vector3D.of(0.2, -3.5, 0.7), Vector3D.of(1.2, -2.5, -0.3), TEST_PRECISION);

        // act
        final Vector3D point = plane.intersection(line);

        // assert
        Assertions.assertTrue(plane.contains(point));
        Assertions.assertTrue(line.contains(point));
        Assertions.assertNull(plane.intersection(Lines3D.fromPoints(Vector3D.of(10,10,10),Vector3D.of(10,10,10).add(plane.getNormal().orthogonal()),TEST_PRECISION)));
    }",PlaneTest::testIntersection_withLine_oe
commons-geometry_1449,"@Test
    void testIntersection_withLine_noIntersection_oe() {
        // arrange
        final Vector3D pt = Vector3D.of(1, 2, 3);
        final Vector3D normal = Vector3D.of(-4, 1, -5);

        final Plane plane = Planes.fromPointAndNormal(pt, normal, TEST_PRECISION);
        final Vector3D u = plane.getNormal().orthogonal();
        final Vector3D v = plane.getNormal().cross(u);

        // act/assert
        Assertions.assertNull(plane.intersection(Lines3D.fromPoints(pt, pt.add(u), TEST_PRECISION)));

        final Vector3D offsetPt = pt.add(plane.getNormal());
        Assertions.assertNull(plane.intersection(Lines3D.fromPoints(offsetPt, offsetPt.add(v), TEST_PRECISION)));
    }",PlaneTest::testIntersection_withLine_noIntersection_oe
commons-geometry_1450,"@Test
    void testIntersection_withPlane_oe() {
        // arrange
        final Vector3D p1 = Vector3D.of(1.2, 3.4, -5.8);
        final Vector3D p2 = Vector3D.of(3.4, -5.8, 1.2);
        final Plane planeA = Planes.fromPoints(p1, p2, Vector3D.of(-2.0, 4.3, 0.7), TEST_PRECISION);
        final Plane planeB = Planes.fromPoints(p1, Vector3D.of(11.4, -3.8, 5.1), p2, TEST_PRECISION);

        // act
        final Line3D line = planeA.intersection(planeB);

        // assert
        Assertions.assertTrue(line.contains(p1));
        Assertions.assertTrue(line.contains(p2));
        EuclideanTestUtils.assertCoordinatesEqual(planeA.getNormal().cross(planeB.getNormal()).normalize(),
                line.getDirection(), TEST_EPS);

        Assertions.assertNull(planeA.intersection(planeA));
    }",PlaneTest::testIntersection_withPlane_oe
commons-geometry_1451,"@Test
    void testIntersection_withPlane_noIntersection_oe() {
        // arrange
        final Plane plane = Planes.fromPointAndNormal(Vector3D.Unit.PLUS_Z, Vector3D.Unit.PLUS_Z, TEST_PRECISION);

        // act/assert
        Assertions.assertNull(plane.intersection(plane));
        Assertions.assertNull(plane.intersection(plane.reverse()));

        Assertions.assertNull(plane.intersection(Planes.fromPointAndNormal(Vector3D.ZERO, Vector3D.Unit.PLUS_Z, TEST_PRECISION)));
        Assertions.assertNull(plane.intersection(Planes.fromPointAndNormal(Vector3D.of(0, 0, 2), Vector3D.Unit.PLUS_Z, TEST_PRECISION)));
    }",PlaneTest::testIntersection_withPlane_noIntersection_oe
commons-geometry_1452,"@Test
    void testIntersection_threePlanes_oe() {
        // arrange
        final Vector3D pt = Vector3D.of(1.2, 3.4, -5.8);
        final Plane a = Planes.fromPointAndNormal(pt, Vector3D.of(1, 3, 3), TEST_PRECISION);
        final Plane b = Planes.fromPointAndNormal(pt, Vector3D.of(-2, 4, 0), TEST_PRECISION);
        final Plane c = Planes.fromPointAndNormal(pt, Vector3D.of(7, 0, -4), TEST_PRECISION);

        // act
        final Vector3D result = Plane.intersection(a, b, c);

        // assert
        EuclideanTestUtils.assertCoordinatesEqual(pt, result, TEST_EPS);
    }",PlaneTest::testIntersection_threePlanes_oe
commons-geometry_1453,"@Test
    void testIntersection_threePlanes_intersectInLine_oe() {
        // arrange
        final Plane a = Planes.fromPointAndNormal(Vector3D.ZERO, Vector3D.of(1, 0, 0), TEST_PRECISION);
        final Plane b = Planes.fromPointAndNormal(Vector3D.ZERO, Vector3D.of(1, 0.5, 0), TEST_PRECISION);
        final Plane c = Planes.fromPointAndNormal(Vector3D.ZERO, Vector3D.of(1, 1, 0), TEST_PRECISION);

        // act
        final Vector3D result = Plane.intersection(a, b, c);

        // assert
        Assertions.assertNull(result);
    }",PlaneTest::testIntersection_threePlanes_intersectInLine_oe
commons-geometry_1454,"@Test
    void testIntersection_threePlanes_twoParallel_oe() {
        // arrange
        final Plane a = Planes.fromPointAndNormal(Vector3D.ZERO, Vector3D.Unit.PLUS_Z, TEST_PRECISION);
        final Plane b = Planes.fromPointAndNormal(Vector3D.ZERO, Vector3D.Unit.PLUS_X, TEST_PRECISION);
        final Plane c = Planes.fromPointAndNormal(Vector3D.of(0, 0, 1), Vector3D.Unit.PLUS_Z, TEST_PRECISION);

        // act
        final Vector3D result = Plane.intersection(a, b, c);

        // assert
        Assertions.assertNull(result);
    }",PlaneTest::testIntersection_threePlanes_twoParallel_oe
commons-geometry_1455,"@Test
    void testIntersection_threePlanes_allParallel_oe() {
        // arrange
        final Plane a = Planes.fromPointAndNormal(Vector3D.ZERO, Vector3D.Unit.PLUS_Z, TEST_PRECISION);
        final Plane b = Planes.fromPointAndNormal(Vector3D.of(0, 0, 1), Vector3D.Unit.PLUS_Z, TEST_PRECISION);
        final Plane c = Planes.fromPointAndNormal(Vector3D.of(0, 0, 2), Vector3D.Unit.PLUS_Z, TEST_PRECISION);

        // act
        final Vector3D result = Plane.intersection(a, b, c);

        // assert
        Assertions.assertNull(result);
    }",PlaneTest::testIntersection_threePlanes_allParallel_oe
commons-geometry_1456,"@Test
    void testIntersection_threePlanes_coincidentPlanes_oe() {
        // arrange
        final Plane a = Planes.fromPointAndNormal(Vector3D.ZERO, Vector3D.Unit.PLUS_Z, TEST_PRECISION);
        final Plane b = Planes.fromPointAndNormal(Vector3D.ZERO, Vector3D.Unit.PLUS_Z, TEST_PRECISION);
        final Plane c = b.reverse();

        // act
        final Vector3D result = Plane.intersection(a, b, c);

        // assert
        Assertions.assertNull(result);
    }",PlaneTest::testIntersection_threePlanes_coincidentPlanes_oe
commons-geometry_1457,"@Test
    void testSpan_oe() {
        // arrange
        final Plane plane = Planes.fromPointAndNormal(Vector3D.ZERO, Vector3D.Unit.PLUS_Z, TEST_PRECISION);

        // act
        final PlaneConvexSubset sub = plane.span();

        // assert
        Assertions.assertNotSame(plane, sub.getPlane());
        EuclideanTestUtils.assertCoordinatesEqual(plane.getOrigin(), sub.getPlane().getOrigin(), TEST_EPS);
        EuclideanTestUtils.assertCoordinatesEqual(plane.getNormal(), sub.getPlane().getNormal(), TEST_EPS);

        Assertions.assertTrue(sub.isFull());

        Assertions.assertTrue(sub.contains(Vector3D.ZERO));
        Assertions.assertTrue(sub.contains(Vector3D.of(1, 1, 0)));

        Assertions.assertFalse(sub.contains(Vector3D.of(0, 0, 1)));
    }",PlaneTest::testSpan_oe
commons-geometry_1458,"@Test
    void testSimilarOrientation_oe() {
        // arrange
        final Plane plane = Planes.fromNormal(Vector3D.of(1, 0, 0), TEST_PRECISION);

        // act/assert
        Assertions.assertTrue(plane.similarOrientation(plane));
        Assertions.assertTrue(plane.similarOrientation(Planes.fromNormal(Vector3D.of(1, 1, 0), TEST_PRECISION)));
        Assertions.assertTrue(plane.similarOrientation(Planes.fromNormal(Vector3D.of(1, -1, 0), TEST_PRECISION)));

        Assertions.assertFalse(plane.similarOrientation(Planes.fromNormal(Vector3D.of(0, 1, 0), TEST_PRECISION)));
        Assertions.assertFalse(plane.similarOrientation(Planes.fromNormal(Vector3D.of(-1, 1, 0), TEST_PRECISION)));
        Assertions.assertFalse(plane.similarOrientation(Planes.fromNormal(Vector3D.of(-1, 1, 0), TEST_PRECISION)));
        Assertions.assertFalse(plane.similarOrientation(Planes.fromNormal(Vector3D.of(0, -1, 0), TEST_PRECISION)));
    }",PlaneTest::testSimilarOrientation_oe
commons-geometry_1459,"@Test
    void testEq_oe() {
        // arrange
        final double eps = 1e-3;
        final Precision.DoubleEquivalence precision = Precision.doubleEquivalenceOfEpsilon(eps);

        final Vector3D pt = Vector3D.of(1, 2, 3);
        final Vector3D normal = Vector3D.Unit.PLUS_X;

        final Vector3D ptPrime = Vector3D.of(1.0001, 2.0001, 3.0001);
        final Vector3D normalPrime = Vector3D.Unit.of(1, 1e-4, 0);

        final Plane a = Planes.fromPointAndNormal(pt, normal, precision);

        final Plane b = Planes.fromPointAndNormal(Vector3D.of(2, 2, 3), normal, precision);
        final Plane c = Planes.fromPointAndNormal(pt, Vector3D.Unit.MINUS_X, precision);
        final Plane d = Planes.fromPointAndNormal(pt, normal, TEST_PRECISION);

        final Plane e = Planes.fromPointAndNormal(ptPrime, normalPrime, Precision.doubleEquivalenceOfEpsilon(eps));

        // act/assert
        Assertions.assertTrue(a.eq(a, precision));

        Assertions.assertFalse(a.eq(b, precision));
        Assertions.assertFalse(a.eq(c, precision));

        Assertions.assertTrue(a.eq(d, precision));
        Assertions.assertTrue(a.eq(e, precision));
        Assertions.assertTrue(e.eq(a, precision));
    }",PlaneTest::testEq_oe
commons-geometry_1460,"@Test
    void testHashCode_oe() {
        // arrange
        final Vector3D pt = Vector3D.of(1, 2, 3);
        final Vector3D normal = Vector3D.Unit.PLUS_X;

        final Plane a = Planes.fromPointAndNormal(pt, normal, TEST_PRECISION);
        final Plane b = Planes.fromPointAndNormal(Vector3D.of(2, 2, 3), normal, TEST_PRECISION);
        final Plane c = Planes.fromPointAndNormal(pt, Vector3D.of(1, 1, 0), TEST_PRECISION);
        final Plane d = Planes.fromPointAndNormal(pt, normal, Precision.doubleEquivalenceOfEpsilon(1e-8));
        final Plane e = Planes.fromPointAndNormal(pt, normal, TEST_PRECISION);

        // act/assert
        final int hash = a.hashCode();

        Assertions.assertEquals(hash, a.hashCode());

        Assertions.assertNotEquals(hash, b.hashCode());
        Assertions.assertNotEquals(hash, c.hashCode());
        Assertions.assertNotEquals(hash, d.hashCode());

        Assertions.assertEquals(hash, e.hashCode());
    }",PlaneTest::testHashCode_oe
commons-geometry_1461,"@Test
    void testEquals_oe() {
        // arrange
        final Vector3D pt = Vector3D.of(1, 2, 3);
        final Vector3D normal = Vector3D.Unit.PLUS_X;

        final Plane a = Planes.fromPointAndNormal(pt, normal, TEST_PRECISION);
        final Plane b = Planes.fromPointAndNormal(Vector3D.of(2, 2, 3), normal, TEST_PRECISION);
        final Plane c = Planes.fromPointAndNormal(pt, Vector3D.Unit.MINUS_X, TEST_PRECISION);
        final Plane d = Planes.fromPointAndNormal(pt, normal, Precision.doubleEquivalenceOfEpsilon(1e-8));
        final Plane e = Planes.fromPointAndNormal(pt, normal, TEST_PRECISION);

        // act/assert
        GeometryTestUtils.assertSimpleEqualsCases(a);

        Assertions.assertNotEquals(a, b);
        Assertions.assertNotEquals(a, c);
        Assertions.assertNotEquals(a, d);

        Assertions.assertEquals(a, e);
        Assertions.assertEquals(e, a);
    }",PlaneTest::testEquals_oe
commons-geometry_1462,"@Test
    void testToString_oe() {
        // arrange
        final Plane plane = Planes.fromPointAndNormal(Vector3D.ZERO, Vector3D.Unit.PLUS_Z, TEST_PRECISION);

        // act
        final String str = plane.toString();

        // assert
        Assertions.assertTrue(str.startsWith(""Plane[""));
        Assertions.assertTrue(str.matches("".*origin= \\(0(\\.0)?, 0(\\.0)?\\, 0(\\.0)?\\).*""));
        Assertions.assertTrue(str.matches("".*normal= \\(0(\\.0)?, 0(\\.0)?\\, 1(\\.0)?\\).*""));
    }",PlaneTest::testToString_oe
commons-geometry_1463,"@Test
    void testGetDimension_oe() {
        // arrange
        final SphericalCoordinates s = SphericalCoordinates.of(0, 0, 0);

        // act/assert
        Assertions.assertEquals(3, s.getDimension());
    }",SphericalCoordinatesTest::testGetDimension_oe
commons-geometry_1464,"@Test
    void testNaN_oe() {
        // act/assert
        Assertions.assertTrue(SphericalCoordinates.of(0, 0, Double.NaN).isNaN());
        Assertions.assertTrue(SphericalCoordinates.of(0, Double.NaN, 0).isNaN());
        Assertions.assertTrue(SphericalCoordinates.of(Double.NaN, 0, 0).isNaN());

        Assertions.assertFalse(SphericalCoordinates.of(1, 1, 1).isNaN());
        Assertions.assertFalse(SphericalCoordinates.of(1, 1, Double.NEGATIVE_INFINITY).isNaN());
        Assertions.assertFalse(SphericalCoordinates.of(1, Double.POSITIVE_INFINITY, 1).isNaN());
        Assertions.assertFalse(SphericalCoordinates.of(Double.NEGATIVE_INFINITY, 1, 1).isNaN());
    }",SphericalCoordinatesTest::testNaN_oe
commons-geometry_1465,"@Test
    void testInfinite_oe() {
        // act/assert
        Assertions.assertTrue(SphericalCoordinates.of(0, 0, Double.NEGATIVE_INFINITY).isInfinite());
        Assertions.assertTrue(SphericalCoordinates.of(0, Double.NEGATIVE_INFINITY, 0).isInfinite());
        Assertions.assertTrue(SphericalCoordinates.of(Double.NEGATIVE_INFINITY, 0, 0).isInfinite());
        Assertions.assertTrue(SphericalCoordinates.of(0, 0, Double.POSITIVE_INFINITY).isInfinite());
        Assertions.assertTrue(SphericalCoordinates.of(0, Double.POSITIVE_INFINITY, 0).isInfinite());
        Assertions.assertTrue(SphericalCoordinates.of(Double.POSITIVE_INFINITY, 0, 0).isInfinite());

        Assertions.assertFalse(SphericalCoordinates.of(1, 1, 1).isInfinite());
        Assertions.assertFalse(SphericalCoordinates.of(0, 0, Double.NaN).isInfinite());
        Assertions.assertFalse(SphericalCoordinates.of(0, Double.NEGATIVE_INFINITY, Double.NaN).isInfinite());
        Assertions.assertFalse(SphericalCoordinates.of(Double.NaN, 0, Double.NEGATIVE_INFINITY).isInfinite());
        Assertions.assertFalse(SphericalCoordinates.of(Double.POSITIVE_INFINITY, Double.NaN, 0).isInfinite());
        Assertions.assertFalse(SphericalCoordinates.of(0, Double.NaN, Double.POSITIVE_INFINITY).isInfinite());
    }",SphericalCoordinatesTest::testInfinite_oe
commons-geometry_1466,"@Test
    void testFinite_oe() {
        // act/assert
        Assertions.assertTrue(SphericalCoordinates.of(1, 1, 1).isFinite());

        Assertions.assertFalse(SphericalCoordinates.of(0, 0, Double.NEGATIVE_INFINITY).isFinite());
        Assertions.assertFalse(SphericalCoordinates.of(0, Double.NEGATIVE_INFINITY, 0).isFinite());
        Assertions.assertFalse(SphericalCoordinates.of(Double.NEGATIVE_INFINITY, 0, 0).isFinite());
        Assertions.assertFalse(SphericalCoordinates.of(0, 0, Double.POSITIVE_INFINITY).isFinite());
        Assertions.assertFalse(SphericalCoordinates.of(0, Double.POSITIVE_INFINITY, 0).isFinite());
        Assertions.assertFalse(SphericalCoordinates.of(Double.POSITIVE_INFINITY, 0, 0).isFinite());

        Assertions.assertFalse(SphericalCoordinates.of(0, 0, Double.NaN).isFinite());
        Assertions.assertFalse(SphericalCoordinates.of(0, Double.NEGATIVE_INFINITY, Double.NaN).isFinite());
        Assertions.assertFalse(SphericalCoordinates.of(Double.NaN, 0, Double.NEGATIVE_INFINITY).isFinite());
        Assertions.assertFalse(SphericalCoordinates.of(Double.POSITIVE_INFINITY, Double.NaN, 0).isFinite());
        Assertions.assertFalse(SphericalCoordinates.of(0, Double.NaN, Double.POSITIVE_INFINITY).isFinite());
    }",SphericalCoordinatesTest::testFinite_oe
commons-geometry_1467,"@Test
    void testHashCode_oe() {
        // arrange
        final SphericalCoordinates a = SphericalCoordinates.of(1, 2, 3);
        final SphericalCoordinates b = SphericalCoordinates.of(10, 2, 3);
        final SphericalCoordinates c = SphericalCoordinates.of(1, 20, 3);
        final SphericalCoordinates d = SphericalCoordinates.of(1, 2, 30);

        final SphericalCoordinates e = SphericalCoordinates.of(1, 2, 3);

        // act/assert
        Assertions.assertEquals(a.hashCode(), a.hashCode());
        Assertions.assertEquals(a.hashCode(), e.hashCode());

        Assertions.assertNotEquals(a.hashCode(), b.hashCode());
        Assertions.assertNotEquals(a.hashCode(), c.hashCode());
        Assertions.assertNotEquals(a.hashCode(), d.hashCode());
    }",SphericalCoordinatesTest::testHashCode_oe
commons-geometry_1468,"@Test
    void testHashCode_NaNInstancesHaveSameHashCode_oe() {
        // arrange
        final SphericalCoordinates a = SphericalCoordinates.of(1, 2, Double.NaN);
        final SphericalCoordinates b = SphericalCoordinates.of(1, Double.NaN, 3);
        final SphericalCoordinates c = SphericalCoordinates.of(Double.NaN, 2, 3);

        // act/assert
        Assertions.assertEquals(a.hashCode(), b.hashCode());
        Assertions.assertEquals(b.hashCode(), c.hashCode());
    }",SphericalCoordinatesTest::testHashCode_NaNInstancesHaveSameHashCode_oe
commons-geometry_1469,"@Test
    void testEquals_oe() {
        // arrange
        final SphericalCoordinates a = SphericalCoordinates.of(1, 2, 3);
        final SphericalCoordinates b = SphericalCoordinates.of(10, 2, 3);
        final SphericalCoordinates c = SphericalCoordinates.of(1, 20, 3);
        final SphericalCoordinates d = SphericalCoordinates.of(1, 2, 30);

        final SphericalCoordinates e = SphericalCoordinates.of(1, 2, 3);

        // act/assert
        GeometryTestUtils.assertSimpleEqualsCases(a);
        Assertions.assertEquals(a, e);

        Assertions.assertNotEquals(a, b);
        Assertions.assertNotEquals(a, c);
        Assertions.assertNotEquals(a, d);
    }",SphericalCoordinatesTest::testEquals_oe
commons-geometry_1470,"@Test
    void testEquals_NaNInstancesEqual_oe() {
        // arrange
        final SphericalCoordinates a = SphericalCoordinates.of(1, 2, Double.NaN);
        final SphericalCoordinates b = SphericalCoordinates.of(1, Double.NaN, 3);
        final SphericalCoordinates c = SphericalCoordinates.of(Double.NaN, 2, 3);

        // act/assert
        Assertions.assertEquals(a, b);
        Assertions.assertEquals(b, c);
    }",SphericalCoordinatesTest::testEquals_NaNInstancesEqual_oe
commons-geometry_1471,"@Test
    void testEqualsAndHashCode_signedZeroConsistency_oe() {
        // arrange
        final SphericalCoordinates a = SphericalCoordinates.of(0.0, -0.0, 0.0);
        final SphericalCoordinates b = SphericalCoordinates.of(-0.0, 0.0, -0.0);
        final SphericalCoordinates c = SphericalCoordinates.of(0.0, -0.0, 0.0);
        final SphericalCoordinates d = SphericalCoordinates.of(-0.0, 0.0, -0.0);

        // act/assert
        Assertions.assertFalse(a.equals(b));
        Assertions.assertNotEquals(a.hashCode(), b.hashCode());

        Assertions.assertTrue(a.equals(c));
        Assertions.assertEquals(a.hashCode(), c.hashCode());

        Assertions.assertTrue(b.equals(d));
        Assertions.assertEquals(b.hashCode(), d.hashCode());
    }",SphericalCoordinatesTest::testEqualsAndHashCode_signedZeroConsistency_oe
commons-geometry_1472,"@Test
    void testToString_oe() {
        // arrange
        final SphericalCoordinates sph = SphericalCoordinates.of(1, 2, 3);
        final Pattern pattern = Pattern.compile(""\\(1.{0,2}, 2.{0,2}, 3.{0,2}\\)"");

        // act
        final String str = sph.toString();

        // assert
        Assertions.assertTrue(pattern.matcher(str).matches(), ""Expected string "" + str + "" to match regex "" + pattern);
    }",SphericalCoordinatesTest::testToString_oe
commons-geometry_1473,"@Test
    void testParse_failure_oe() {
        // act/assert
        Assertions.assertThrows(IllegalArgumentException.class, () -> SphericalCoordinates.parse(""abc""));
    }",SphericalCoordinatesTest::testParse_failure_oe
commons-geometry_1474,"@Test
    void testNormalizeAzimuth_oe() {
        // act/assert
        Assertions.assertEquals(0.0, SphericalCoordinates.normalizeAzimuth(0), EPS);

        Assertions.assertEquals(Angle.PI_OVER_TWO, SphericalCoordinates.normalizeAzimuth(Angle.PI_OVER_TWO), EPS);
        Assertions.assertEquals(Math.PI, SphericalCoordinates.normalizeAzimuth(Math.PI), EPS);
        Assertions.assertEquals(THREE_PI_OVER_TWO, SphericalCoordinates.normalizeAzimuth(THREE_PI_OVER_TWO), EPS);
        Assertions.assertEquals(0.0, SphericalCoordinates.normalizeAzimuth(Angle.TWO_PI), EPS);

        Assertions.assertEquals(THREE_PI_OVER_TWO, SphericalCoordinates.normalizeAzimuth(-Angle.PI_OVER_TWO), EPS);
        Assertions.assertEquals(Math.PI, SphericalCoordinates.normalizeAzimuth(-Math.PI), EPS);
        Assertions.assertEquals(Angle.PI_OVER_TWO, SphericalCoordinates.normalizeAzimuth(-Math.PI - Angle.PI_OVER_TWO), EPS);
        Assertions.assertEquals(0.0, SphericalCoordinates.normalizeAzimuth(-Angle.TWO_PI), EPS);
    }",SphericalCoordinatesTest::testNormalizeAzimuth_oe
commons-geometry_1475,"@Test
    void testNormalizeAzimuth_NaNAndInfinite_oe() {
        // act/assert
        Assertions.assertEquals(Double.NaN, SphericalCoordinates.normalizeAzimuth(Double.NaN), EPS);
        Assertions.assertEquals(Double.NEGATIVE_INFINITY, SphericalCoordinates.normalizeAzimuth(Double.NEGATIVE_INFINITY), EPS);
        Assertions.assertEquals(Double.POSITIVE_INFINITY, SphericalCoordinates.normalizeAzimuth(Double.POSITIVE_INFINITY), EPS);
    }",SphericalCoordinatesTest::testNormalizeAzimuth_NaNAndInfinite_oe
commons-geometry_1476,"@Test
    void testNormalizePolar_oe() {
        // act/assert
        Assertions.assertEquals(0.0, SphericalCoordinates.normalizePolar(0), EPS);

        Assertions.assertEquals(Angle.PI_OVER_TWO, SphericalCoordinates.normalizePolar(Angle.PI_OVER_TWO), EPS);
        Assertions.assertEquals(Math.PI, SphericalCoordinates.normalizePolar(Math.PI), EPS);
        Assertions.assertEquals(Angle.PI_OVER_TWO, SphericalCoordinates.normalizePolar(Math.PI + Angle.PI_OVER_TWO), EPS);
        Assertions.assertEquals(0.0, SphericalCoordinates.normalizePolar(Angle.TWO_PI), EPS);

        Assertions.assertEquals(Angle.PI_OVER_TWO, SphericalCoordinates.normalizePolar(-Angle.PI_OVER_TWO), EPS);
        Assertions.assertEquals(Math.PI, SphericalCoordinates.normalizePolar(-Math.PI), EPS);
        Assertions.assertEquals(Angle.PI_OVER_TWO, SphericalCoordinates.normalizePolar(-Math.PI - Angle.PI_OVER_TWO), EPS);
        Assertions.assertEquals(0.0, SphericalCoordinates.normalizePolar(-Angle.TWO_PI), EPS);
    }",SphericalCoordinatesTest::testNormalizePolar_oe
commons-geometry_1477,"@Test
    void testNormalizePolar_NaNAndInfinite_oe() {
        // act/assert
        Assertions.assertEquals(Double.NaN, SphericalCoordinates.normalizePolar(Double.NaN), EPS);
        Assertions.assertEquals(Double.NEGATIVE_INFINITY, SphericalCoordinates.normalizePolar(Double.NEGATIVE_INFINITY), EPS);
        Assertions.assertEquals(Double.POSITIVE_INFINITY, SphericalCoordinates.normalizePolar(Double.POSITIVE_INFINITY), EPS);
    }",SphericalCoordinatesTest::testNormalizePolar_NaNAndInfinite_oe
commons-geometry_1478,"@Test
    void testCtor_default_oe() {
        // act
        final RegionBSPTree3D tree = new RegionBSPTree3D();

        // assert
        Assertions.assertFalse(tree.isFull());
        Assertions.assertTrue(tree.isEmpty());
    }",RegionBSPTree3DTest::testCtor_default_oe
commons-geometry_1479,"@Test
    void testCtor_boolean_oe() {
        // act
        final RegionBSPTree3D a = new RegionBSPTree3D(true);
        final RegionBSPTree3D b = new RegionBSPTree3D(false);

        // assert
        Assertions.assertTrue(a.isFull());
        Assertions.assertFalse(a.isEmpty());

        Assertions.assertFalse(b.isFull());
        Assertions.assertTrue(b.isEmpty());
    }",RegionBSPTree3DTest::testCtor_boolean_oe
commons-geometry_1480,"@Test
    void testEmpty_oe() {
        // act
        final RegionBSPTree3D tree = RegionBSPTree3D.empty();

        // assert
        Assertions.assertFalse(tree.isFull());
        Assertions.assertTrue(tree.isEmpty());

        Assertions.assertNull(tree.getCentroid());
        Assertions.assertEquals(0.0, tree.getSize(), TEST_EPS);
        Assertions.assertEquals(0, tree.getBoundarySize(), TEST_EPS);

        EuclideanTestUtils.assertRegionLocation(tree, RegionLocation.OUTSIDE,
                Vector3D.of(-Double.MAX_VALUE, -Double.MAX_VALUE, -Double.MAX_VALUE),
                Vector3D.of(-100, -100, -100),
                Vector3D.of(0, 0, 0),
                Vector3D.of(100, 100, 100),
                Vector3D.of(Double.MAX_VALUE, Double.MAX_VALUE, Double.MAX_VALUE));
    }",RegionBSPTree3DTest::testEmpty_oe
commons-geometry_1481,"@Test
    void testFull_oe() {
        // act
        final RegionBSPTree3D tree = RegionBSPTree3D.full();

        // assert
        Assertions.assertTrue(tree.isFull());
        Assertions.assertFalse(tree.isEmpty());

        Assertions.assertNull(tree.getCentroid());
        GeometryTestUtils.assertPositiveInfinity(tree.getSize());
        Assertions.assertEquals(0, tree.getBoundarySize(), TEST_EPS);

        EuclideanTestUtils.assertRegionLocation(tree, RegionLocation.INSIDE,
                Vector3D.of(-Double.MAX_VALUE, -Double.MAX_VALUE, -Double.MAX_VALUE),
                Vector3D.of(-100, -100, -100),
                Vector3D.of(0, 0, 0),
                Vector3D.of(100, 100, 100),
                Vector3D.of(Double.MAX_VALUE, Double.MAX_VALUE, Double.MAX_VALUE));
    }",RegionBSPTree3DTest::testFull_oe
commons-geometry_1482,"@Test
    void testPartitionedRegionBuilder_halfSpace_oe() {
        // act
        final RegionBSPTree3D tree = RegionBSPTree3D.partitionedRegionBuilder()
                .insertPartition(
                    Planes.fromPointAndNormal(Vector3D.ZERO, Vector3D.Unit.PLUS_Z, TEST_PRECISION))
                .insertBoundary(
                        Planes.fromPointAndNormal(Vector3D.ZERO, Vector3D.Unit.MINUS_Z, TEST_PRECISION).span())
                .build();

        // assert
        Assertions.assertFalse(tree.isFull());
        Assertions.assertTrue(tree.isInfinite());

        EuclideanTestUtils.assertRegionLocation(tree, RegionLocation.INSIDE, Vector3D.of(0, 0, 1));
        EuclideanTestUtils.assertRegionLocation(tree, RegionLocation.BOUNDARY, Vector3D.ZERO);
        EuclideanTestUtils.assertRegionLocation(tree, RegionLocation.OUTSIDE, Vector3D.of(0, 0, -1));
    }",RegionBSPTree3DTest::testPartitionedRegionBuilder_halfSpace_oe
commons-geometry_1483,"@Test
    void testPartitionedRegionBuilder_insertPartitionAfterBoundary_oe() {
        // arrange
        final PartitionedRegionBuilder3D builder = RegionBSPTree3D.partitionedRegionBuilder();
        builder.insertBoundary(Planes.triangleFromVertices(
                Vector3D.ZERO, Vector3D.of(1, 0, 0), Vector3D.of(0, 1, 0), TEST_PRECISION));

        final Plane partition = Planes.fromNormal(Vector3D.Unit.PLUS_Z, TEST_PRECISION);

        final String msg = ""Cannot insert partitions after boundaries have been inserted"";

        // act/assert
        GeometryTestUtils.assertThrowsWithMessage(() -> {
            builder.insertPartition(partition);
        }, IllegalStateException.class, msg);

        GeometryTestUtils.assertThrowsWithMessage(() -> {
            builder.insertPartition(partition.span());
        }, IllegalStateException.class, msg);

        GeometryTestUtils.assertThrowsWithMessage(() -> {
            builder.insertAxisAlignedPartitions(Vector3D.ZERO, TEST_PRECISION);
        }, IllegalStateException.class, msg);

        GeometryTestUtils.assertThrowsWithMessage(() -> {
            builder.insertAxisAlignedGrid(Bounds3D.from(Vector3D.ZERO, Vector3D.of(1, 1, 1)), 1, TEST_PRECISION);
        }, IllegalStateException.class, msg);
    }",RegionBSPTree3DTest::testPartitionedRegionBuilder_insertPartitionAfterBoundary_oe
commons-geometry_1484,"@Test
    void testCopy_oe() {
        // arrange
        final RegionBSPTree3D tree = new RegionBSPTree3D(true);
        tree.getRoot().cut(Planes.fromNormal(Vector3D.Unit.PLUS_Z, TEST_PRECISION));

        // act
        final RegionBSPTree3D copy = tree.copy();

        // assert
        Assertions.assertNotSame(tree, copy);
        Assertions.assertEquals(3, copy.count());
    }",RegionBSPTree3DTest::testCopy_oe
commons-geometry_1485,"@Test
    void testBoundaries_oe() {
        // arrange
        final RegionBSPTree3D tree = createRect(Vector3D.ZERO, Vector3D.of(1, 1, 1));

        // act
        final List<PlaneConvexSubset> facets = new ArrayList<>();
        tree.boundaries().forEach(facets::add);

        // assert
        Assertions.assertEquals(6, facets.size());
    }",RegionBSPTree3DTest::testBoundaries_oe
commons-geometry_1486,"@Test
    void testGetBoundaries_oe() {
        // arrange
        final RegionBSPTree3D tree = createRect(Vector3D.ZERO, Vector3D.of(1, 1, 1));

        // act
        final List<PlaneConvexSubset> facets = tree.getBoundaries();

        // assert
        Assertions.assertEquals(6, facets.size());
    }",RegionBSPTree3DTest::testGetBoundaries_oe
commons-geometry_1487,"@Test
    void testBoundaryStream_oe() {
        // arrange
        final RegionBSPTree3D tree = createRect(Vector3D.ZERO, Vector3D.of(1, 1, 1));

        // act
        final List<PlaneConvexSubset> facets = tree.boundaryStream().collect(Collectors.toList());

        // assert
        Assertions.assertEquals(6, facets.size());
    }",RegionBSPTree3DTest::testBoundaryStream_oe
commons-geometry_1488,"@Test
    void testBoundaryStream_noBoundaries_oe() {
        // arrange
        final RegionBSPTree3D tree = RegionBSPTree3D.full();

        // act
        final List<PlaneConvexSubset> facets = tree.boundaryStream().collect(Collectors.toList());

        // assert
        Assertions.assertEquals(0, facets.size());
    }",RegionBSPTree3DTest::testBoundaryStream_noBoundaries_oe
commons-geometry_1489,"@Test
    void testTriangleStream_noBoundaries_oe() {
        // arrange
        final RegionBSPTree3D full = RegionBSPTree3D.full();
        final RegionBSPTree3D empty = RegionBSPTree3D.empty();

        // act/assert
        Assertions.assertEquals(0, full.triangleStream().count());
        Assertions.assertEquals(0, empty.triangleStream().count());
    }",RegionBSPTree3DTest::testTriangleStream_noBoundaries_oe
commons-geometry_1490,"@Test
    void testTriangleStream_oe() {
        // arrange
        final RegionBSPTree3D tree = createRect(Vector3D.ZERO, Vector3D.of(1, 1, 1));

        // act
        final List<Triangle3D> tris = tree.triangleStream().collect(Collectors.toList());

        // assert
        Assertions.assertEquals(12, tris.size());
    }",RegionBSPTree3DTest::testTriangleStream_oe
commons-geometry_1491,"@Test
    void testTriangleStream_roundTrip_oe() {
        // arrange
        final RegionBSPTree3D a = createRect(Vector3D.ZERO, Vector3D.of(1, 1, 1));
        final RegionBSPTree3D b = createRect(Vector3D.of(0.5, 0.5, 0.5), Vector3D.of(1.5, 1.5, 1.5));

        final RegionBSPTree3D tree = RegionBSPTree3D.empty();
        tree.union(a);
        tree.union(b);

        // act
        final List<Triangle3D> tris = tree.triangleStream().collect(Collectors.toList());
        final RegionBSPTree3D result = RegionBSPTree3D.from(tris);

        // assert
        Assertions.assertEquals(15.0 / 8.0, result.getSize(), TEST_EPS);
        EuclideanTestUtils.assertCoordinatesEqual(Vector3D.of(0.75, 0.75, 0.75), result.getCentroid(), TEST_EPS);
    }",RegionBSPTree3DTest::testTriangleStream_roundTrip_oe
commons-geometry_1492,"@Test
    void testToTriangleMesh_oe() {
        // arrange
        final RegionBSPTree3D tree = createRect(Vector3D.ZERO, Vector3D.of(1, 1, 1));

        // act
        final TriangleMesh mesh = tree.toTriangleMesh(TEST_PRECISION);

        // assert
        Assertions.assertEquals(8, mesh.getVertexCount());
        Assertions.assertEquals(12, mesh.getFaceCount());

        final Bounds3D bounds = mesh.getBounds();
        EuclideanTestUtils.assertCoordinatesEqual(Vector3D.ZERO, bounds.getMin(), TEST_EPS);
        EuclideanTestUtils.assertCoordinatesEqual(Vector3D.of(1, 1, 1), bounds.getMax(), TEST_EPS);

        final RegionBSPTree3D otherTree = mesh.toTree();
        Assertions.assertEquals(1, otherTree.getSize(), TEST_EPS);
        Assertions.assertEquals(6, otherTree.getBoundarySize(), TEST_EPS);
        EuclideanTestUtils.assertCoordinatesEqual(Vector3D.of(0.5, 0.5, 0.5), otherTree.getCentroid(), TEST_EPS);
    }",RegionBSPTree3DTest::testToTriangleMesh_oe
commons-geometry_1493,"@Test
    void testToTriangleMesh_empty_oe() {
        // arrange
        final RegionBSPTree3D tree = RegionBSPTree3D.empty();

        // act
        final TriangleMesh mesh = tree.toTriangleMesh(TEST_PRECISION);

        // assert
        // no boundaries
        Assertions.assertEquals(0, mesh.getVertexCount());
        Assertions.assertEquals(0, mesh.getFaceCount());
    }",RegionBSPTree3DTest::testToTriangleMesh_empty_oe
commons-geometry_1494,"@Test
    void testToTriangleMesh_full_oe() {
        // arrange
        final RegionBSPTree3D tree = RegionBSPTree3D.full();

        // act
        final TriangleMesh mesh = tree.toTriangleMesh(TEST_PRECISION);

        // assert
        // no boundaries
        Assertions.assertEquals(0, mesh.getVertexCount());
        Assertions.assertEquals(0, mesh.getFaceCount());
    }",RegionBSPTree3DTest::testToTriangleMesh_full_oe
commons-geometry_1495,"@Test
    void testToTriangleMesh_infiniteBoundary_oe() {
        // arrange
        final RegionBSPTree3D tree = RegionBSPTree3D.empty();
        tree.getRoot().insertCut(Planes.fromNormal(Vector3D.Unit.PLUS_Z, TEST_PRECISION));

        // act/assert
        Assertions.assertThrows(IllegalStateException.class, () -> tree.toTriangleMesh(TEST_PRECISION));
    }",RegionBSPTree3DTest::testToTriangleMesh_infiniteBoundary_oe
commons-geometry_1496,"@Test
    void testGetBounds_hasBounds_oe() {
        // arrange
        final RegionBSPTree3D tree = createRect(Vector3D.ZERO, Vector3D.of(1, 1, 1));

        // act
        final Bounds3D bounds = tree.getBounds();

        // assert
        EuclideanTestUtils.assertCoordinatesEqual(Vector3D.ZERO, bounds.getMin(), TEST_EPS);
        EuclideanTestUtils.assertCoordinatesEqual(Vector3D.of(1, 1, 1), bounds.getMax(), TEST_EPS);
    }",RegionBSPTree3DTest::testGetBounds_hasBounds_oe
commons-geometry_1497,"@Test
    void testGetBounds_noBounds_oe() {
        // act/assert
        Assertions.assertNull(RegionBSPTree3D.empty().getBounds());
        Assertions.assertNull(RegionBSPTree3D.full().getBounds());

        final RegionBSPTree3D halfFull = RegionBSPTree3D.empty();
        halfFull.getRoot().insertCut(Planes.fromPointAndNormal(Vector3D.ZERO, Vector3D.Unit.PLUS_Z, TEST_PRECISION));
        Assertions.assertNull(halfFull.getBounds());
    }",RegionBSPTree3DTest::testGetBounds_noBounds_oe
commons-geometry_1498,"@Test
    void testToList_oe() {
        // arrange
        final RegionBSPTree3D tree = Parallelepiped.axisAligned(
                Vector3D.ZERO, Vector3D.of(1, 3, 3), TEST_PRECISION).toTree();

        // act
        final BoundaryList3D list = tree.toList();

        // assert
        Assertions.assertEquals(6, list.count());
        Assertions.assertEquals(9, list.toTree().getSize());
    }",RegionBSPTree3DTest::testToList_oe
commons-geometry_1499,"@Test
    void testToList_fullAndEmpty_oe() {
        // act/assert
        Assertions.assertEquals(0, RegionBSPTree3D.full().toList().count());
        Assertions.assertEquals(0, RegionBSPTree3D.empty().toList().count());
    }",RegionBSPTree3DTest::testToList_fullAndEmpty_oe
commons-geometry_1500,"@Test
    void testToTree_returnsSameInstance_oe() {
        // arrange
        final RegionBSPTree3D tree = createRect(Vector3D.ZERO, Vector3D.of(1, 2, 1));

        // act/assert
        Assertions.assertSame(tree, tree.toTree());
    }",RegionBSPTree3DTest::testToTree_returnsSameInstance_oe
commons-geometry_1501,"@Test
    void testHalfSpace_oe() {
        // act
        final RegionBSPTree3D tree = RegionBSPTree3D.empty();
        tree.insert(Planes.fromPointAndNormal(Vector3D.ZERO, Vector3D.Unit.PLUS_Y, TEST_PRECISION).span());

        // assert
        Assertions.assertFalse(tree.isEmpty());
        Assertions.assertFalse(tree.isFull());

        EuclideanTestUtils.assertPositiveInfinity(tree.getSize());
        EuclideanTestUtils.assertPositiveInfinity(tree.getBoundarySize());
        Assertions.assertNull(tree.getCentroid());

        EuclideanTestUtils.assertRegionLocation(tree, RegionLocation.INSIDE,
                Vector3D.of(-Double.MAX_VALUE, -Double.MAX_VALUE, -Double.MAX_VALUE),
                Vector3D.of(-100, -100, -100));
        EuclideanTestUtils.assertRegionLocation(tree, RegionLocation.BOUNDARY, Vector3D.of(0, 0, 0));
        EuclideanTestUtils.assertRegionLocation(tree, RegionLocation.OUTSIDE,
                Vector3D.of(100, 100, 100),
                Vector3D.of(Double.MAX_VALUE, Double.MAX_VALUE, Double.MAX_VALUE));
    }",RegionBSPTree3DTest::testHalfSpace_oe
commons-geometry_1502,"@Test
    void testGeometricProperties_mixedCutRules_oe() {
        // act
        final RegionBSPTree3D tree = RegionBSPTree3D.empty();

        final Vector3D min = Vector3D.ZERO;
        final Vector3D max = Vector3D.of(1, 1, 1);

        final Plane top = Planes.fromPointAndNormal(max, Vector3D.Unit.PLUS_Z, TEST_PRECISION);
        final Plane bottom = Planes.fromPointAndNormal(min, Vector3D.Unit.MINUS_Z, TEST_PRECISION);
        final Plane left = Planes.fromPointAndNormal(min, Vector3D.Unit.MINUS_X, TEST_PRECISION);
        final Plane right = Planes.fromPointAndNormal(max, Vector3D.Unit.PLUS_X, TEST_PRECISION);
        final Plane front = Planes.fromPointAndNormal(min, Vector3D.Unit.MINUS_Y, TEST_PRECISION);
        final Plane back = Planes.fromPointAndNormal(max, Vector3D.Unit.PLUS_Y, TEST_PRECISION);

        final Plane diag = Planes.fromPointAndNormal(Vector3D.of(0.5, 0.5, 0.5), Vector3D.of(0.5, -0.5, 0), TEST_PRECISION);
        final Plane midCut = Planes.fromPointAndNormal(Vector3D.of(0.5, 0.5, 0.5), Vector3D.Unit.PLUS_Z, TEST_PRECISION);

        tree.getRoot()
            .cut(diag, RegionCutRule.INHERIT);

        tree.getRoot()
            .getMinus().cut(top)
            .getMinus().cut(bottom.reverse(), RegionCutRule.PLUS_INSIDE)
            .getPlus().cut(left, RegionCutRule.MINUS_INSIDE)
            .getMinus().cut(back.reverse(), RegionCutRule.PLUS_INSIDE)
            .getPlus().cut(midCut, RegionCutRule.INHERIT);

        tree.getRoot()
            .getPlus().cut(top.reverse(), RegionCutRule.PLUS_INSIDE)
            .getPlus().cut(bottom)
            .getMinus().cut(right, RegionCutRule.MINUS_INSIDE)
            .getMinus().cut(front.reverse(), RegionCutRule.PLUS_INSIDE)
            .getPlus().cut(midCut, RegionCutRule.INHERIT);

        // assert
        Assertions.assertFalse(tree.isEmpty());
        Assertions.assertFalse(tree.isFull());

        Assertions.assertEquals(1, tree.getSize(), TEST_EPS);
        Assertions.assertEquals(6, tree.getBoundarySize(), TEST_EPS);
        EuclideanTestUtils.assertCoordinatesEqual(Vector3D.of(0.5, 0.5, 0.5), tree.getCentroid(), TEST_EPS);

        EuclideanTestUtils.assertRegionLocation(tree, RegionLocation.INSIDE, Vector3D.of(0.5, 0.5, 0.5));
        EuclideanTestUtils.assertRegionLocation(tree, RegionLocation.BOUNDARY, min, max);
        EuclideanTestUtils.assertRegionLocation(tree, RegionLocation.OUTSIDE,
                Vector3D.of(2, 2, 2), Vector3D.of(2, 2, -2),
                Vector3D.of(2, -2, 2), Vector3D.of(2, -2, -2),
                Vector3D.of(-2, 2, 2), Vector3D.of(-2, 2, -2),
                Vector3D.of(-2, -2, 2), Vector3D.of(-2, -2, -2));
    }",RegionBSPTree3DTest::testGeometricProperties_mixedCutRules_oe
commons-geometry_1503,"@Test
    void testFrom_boundaries_oe() {
        // act
        final RegionBSPTree3D tree = RegionBSPTree3D.from(Arrays.asList(
                    Planes.convexPolygonFromVertices(Arrays.asList(
                            Vector3D.ZERO, Vector3D.Unit.PLUS_X, Vector3D.Unit.PLUS_Y), TEST_PRECISION),
                    Planes.convexPolygonFromVertices(Arrays.asList(
                            Vector3D.ZERO, Vector3D.Unit.MINUS_Z, Vector3D.Unit.PLUS_X), TEST_PRECISION)
                ));

        // assert
        Assertions.assertFalse(tree.isFull());
        Assertions.assertFalse(tree.isEmpty());

        Assertions.assertEquals(RegionLocation.OUTSIDE, tree.getRoot().getLocation());

        EuclideanTestUtils.assertRegionLocation(tree, RegionLocation.INSIDE,
                Vector3D.of(1, 1, -1), Vector3D.of(-1, 1, -1));
        EuclideanTestUtils.assertRegionLocation(tree, RegionLocation.OUTSIDE,
                Vector3D.of(1, 1, 1), Vector3D.of(-1, 1, 1), Vector3D.of(1, -1, 1),
                Vector3D.of(-1, -1, 1), Vector3D.of(1, -1, -1), Vector3D.of(-1, -1, -1));
    }",RegionBSPTree3DTest::testFrom_boundaries_oe
commons-geometry_1504,"@Test
    void testFrom_boundaries_fullIsTrue_oe() {
        // act
        final RegionBSPTree3D tree = RegionBSPTree3D.from(Arrays.asList(
                    Planes.convexPolygonFromVertices(Arrays.asList(
                            Vector3D.ZERO, Vector3D.Unit.PLUS_X, Vector3D.Unit.PLUS_Y), TEST_PRECISION),
                    Planes.convexPolygonFromVertices(Arrays.asList(
                            Vector3D.ZERO, Vector3D.Unit.MINUS_Z, Vector3D.Unit.PLUS_X), TEST_PRECISION)
                ), true);

        // assert
        Assertions.assertFalse(tree.isFull());
        Assertions.assertFalse(tree.isEmpty());

        Assertions.assertEquals(RegionLocation.INSIDE, tree.getRoot().getLocation());

        EuclideanTestUtils.assertRegionLocation(tree, RegionLocation.INSIDE,
                Vector3D.of(1, 1, -1), Vector3D.of(-1, 1, -1));
        EuclideanTestUtils.assertRegionLocation(tree, RegionLocation.OUTSIDE,
                Vector3D.of(1, 1, 1), Vector3D.of(-1, 1, 1), Vector3D.of(1, -1, 1),
                Vector3D.of(-1, -1, 1), Vector3D.of(1, -1, -1), Vector3D.of(-1, -1, -1));
    }",RegionBSPTree3DTest::testFrom_boundaries_fullIsTrue_oe
commons-geometry_1505,"@Test
    void testFrom_boundaries_noBoundaries_oe() {
        // act/assert
        Assertions.assertTrue(RegionBSPTree3D.from(Collections.emptyList()).isEmpty());
        Assertions.assertTrue(RegionBSPTree3D.from(Collections.emptyList(), true).isFull());
        Assertions.assertTrue(RegionBSPTree3D.from(Collections.emptyList(), false).isEmpty());
    }",RegionBSPTree3DTest::testFrom_boundaries_noBoundaries_oe
commons-geometry_1506,"@Test
    void testFromConvexVolume_full_oe() {
        // arrange
        final ConvexVolume volume = ConvexVolume.full();

        // act
        final RegionBSPTree3D tree = volume.toTree();
        Assertions.assertNull(tree.getCentroid());

        // assert
        Assertions.assertTrue(tree.isFull());
    }",RegionBSPTree3DTest::testFromConvexVolume_full_oe
commons-geometry_1507,"@Test
    void testFromConvexVolume_infinite_oe() {
        // arrange
        final ConvexVolume volume = ConvexVolume.fromBounds(Planes.fromNormal(Vector3D.Unit.PLUS_Z, TEST_PRECISION));

        // act
        final RegionBSPTree3D tree = volume.toTree();

        // assert
        GeometryTestUtils.assertPositiveInfinity(tree.getSize());
        GeometryTestUtils.assertPositiveInfinity(tree.getBoundarySize());
        Assertions.assertNull(tree.getCentroid());

        EuclideanTestUtils.assertRegionLocation(tree, RegionLocation.OUTSIDE, Vector3D.of(0, 0, 1));
        EuclideanTestUtils.assertRegionLocation(tree, RegionLocation.BOUNDARY, Vector3D.ZERO);
        EuclideanTestUtils.assertRegionLocation(tree, RegionLocation.INSIDE, Vector3D.of(0, 0, -1));
    }",RegionBSPTree3DTest::testFromConvexVolume_infinite_oe
commons-geometry_1508,"@Test
    void testFromConvexVolume_finite_oe() {
        // arrange
        final ConvexVolume volume = ConvexVolume.fromBounds(
                    Planes.fromPointAndNormal(Vector3D.ZERO, Vector3D.Unit.MINUS_X, TEST_PRECISION),
                    Planes.fromPointAndNormal(Vector3D.ZERO, Vector3D.Unit.MINUS_Y, TEST_PRECISION),
                    Planes.fromPointAndNormal(Vector3D.ZERO, Vector3D.Unit.MINUS_Z, TEST_PRECISION),

                    Planes.fromPointAndNormal(Vector3D.of(1, 1, 1), Vector3D.Unit.PLUS_X, TEST_PRECISION),
                    Planes.fromPointAndNormal(Vector3D.of(1, 1, 1), Vector3D.Unit.PLUS_Y, TEST_PRECISION),
                    Planes.fromPointAndNormal(Vector3D.of(1, 1, 1), Vector3D.Unit.PLUS_Z, TEST_PRECISION)
                );

        // act
        final RegionBSPTree3D tree = volume.toTree();

        // assert
        Assertions.assertEquals(1, tree.getSize(), TEST_EPS);
        Assertions.assertEquals(6, tree.getBoundarySize(), TEST_EPS);
        EuclideanTestUtils.assertCoordinatesEqual(Vector3D.of(0.5, 0.5, 0.5), tree.getCentroid(), TEST_EPS);

        EuclideanTestUtils.assertRegionLocation(tree, RegionLocation.OUTSIDE,
                Vector3D.of(-1, 0.5, 0.5), Vector3D.of(2, 0.5, 0.5),
                Vector3D.of(0.5, -1, 0.5), Vector3D.of(0.5, 2, 0.5),
                Vector3D.of(0.5, 0.5, -1), Vector3D.of(0.5, 0.5, 2));
        EuclideanTestUtils.assertRegionLocation(tree, RegionLocation.BOUNDARY, Vector3D.ZERO);
        EuclideanTestUtils.assertRegionLocation(tree, RegionLocation.INSIDE, Vector3D.of(0.5, 0.5, 0.5));
    }",RegionBSPTree3DTest::testFromConvexVolume_finite_oe
commons-geometry_1509,"@Test
    void testLinecastFirst_multipleDirections_oe() {
        // arrange
        final RegionBSPTree3D tree = createRect(Vector3D.of(-1, -1, -1), Vector3D.of(1, 1, 1));

        final Line3D xPlus = Lines3D.fromPoints(Vector3D.ZERO, Vector3D.of(1, 0, 0), TEST_PRECISION);
        final Line3D xMinus = Lines3D.fromPoints(Vector3D.ZERO, Vector3D.of(-1, 0, 0), TEST_PRECISION);

        final Line3D yPlus = Lines3D.fromPoints(Vector3D.ZERO, Vector3D.of(0, 1, 0), TEST_PRECISION);
        final Line3D yMinus = Lines3D.fromPoints(Vector3D.ZERO, Vector3D.of(0, -1, 0), TEST_PRECISION);

        final Line3D zPlus = Lines3D.fromPoints(Vector3D.ZERO, Vector3D.of(0, 0, 1), TEST_PRECISION);
        final Line3D zMinus = Lines3D.fromPoints(Vector3D.ZERO, Vector3D.of(0, 0, -1), TEST_PRECISION);

        // act/assert
        EuclideanTestUtils.assertCoordinatesEqual(Vector3D.of(-1, 0, 0),
                tree.linecastFirst(xPlus.rayFrom(Vector3D.of(-1.1, 0, 0))).getNormal(), TEST_EPS);
        EuclideanTestUtils.assertCoordinatesEqual(Vector3D.of(-1, 0, 0),
                tree.linecastFirst(xPlus.rayFrom(Vector3D.of(-1, 0, 0))).getNormal(), TEST_EPS);
        EuclideanTestUtils.assertCoordinatesEqual(Vector3D.of(1, 0, 0),
                tree.linecastFirst(xPlus.rayFrom(Vector3D.of(-0.9, 0, 0))).getNormal(), TEST_EPS);
        Assertions.assertNull(tree.linecastFirst(xPlus.rayFrom(Vector3D.of(1.1, 0, 0))));

        EuclideanTestUtils.assertCoordinatesEqual(Vector3D.of(1, 0, 0),
                tree.linecastFirst(xMinus.rayFrom(Vector3D.of(1.1, 0, 0))).getNormal(), TEST_EPS);
        EuclideanTestUtils.assertCoordinatesEqual(Vector3D.of(1, 0, 0),
                tree.linecastFirst(xMinus.rayFrom(Vector3D.of(1, 0, 0))).getNormal(), TEST_EPS);
        EuclideanTestUtils.assertCoordinatesEqual(Vector3D.of(-1, 0, 0),
                tree.linecastFirst(xMinus.rayFrom(Vector3D.of(0.9, 0, 0))).getNormal(), TEST_EPS);
        Assertions.assertNull(tree.linecastFirst(xMinus.rayFrom(Vector3D.of(-1.1, 0, 0))));

        EuclideanTestUtils.assertCoordinatesEqual(Vector3D.of(0, -1, 0),
                tree.linecastFirst(yPlus.rayFrom(Vector3D.of(0, -1.1, 0))).getNormal(), TEST_EPS);
        EuclideanTestUtils.assertCoordinatesEqual(Vector3D.of(0, -1, 0),
                tree.linecastFirst(yPlus.rayFrom(Vector3D.of(0, -1, 0))).getNormal(), TEST_EPS);
        EuclideanTestUtils.assertCoordinatesEqual(Vector3D.of(0, 1, 0),
                tree.linecastFirst(yPlus.rayFrom(Vector3D.of(0, -0.9, 0))).getNormal(), TEST_EPS);
        Assertions.assertNull(tree.linecastFirst(yPlus.rayFrom(Vector3D.of(0, 1.1, 0))));

        EuclideanTestUtils.assertCoordinatesEqual(Vector3D.of(0, 1, 0),
                tree.linecastFirst(yMinus.rayFrom(Vector3D.of(0, 1.1, 0))).getNormal(), TEST_EPS);
        EuclideanTestUtils.assertCoordinatesEqual(Vector3D.of(0, 1, 0),
                tree.linecastFirst(yMinus.rayFrom(Vector3D.of(0, 1, 0))).getNormal(), TEST_EPS);
        EuclideanTestUtils.assertCoordinatesEqual(Vector3D.of(0, -1, 0),
                tree.linecastFirst(yMinus.rayFrom(Vector3D.of(0, 0.9, 0))).getNormal(), TEST_EPS);
        Assertions.assertNull(tree.linecastFirst(yMinus.rayFrom(Vector3D.of(0, -1.1, 0))));

        EuclideanTestUtils.assertCoordinatesEqual(Vector3D.of(0, 0, -1),
                tree.linecastFirst(zPlus.rayFrom(Vector3D.of(0, 0, -1.1))).getNormal(), TEST_EPS);
        EuclideanTestUtils.assertCoordinatesEqual(Vector3D.of(0, 0, -1),
                tree.linecastFirst(zPlus.rayFrom(Vector3D.of(0, 0, -1))).getNormal(), TEST_EPS);
        EuclideanTestUtils.assertCoordinatesEqual(Vector3D.of(0, 0, 1),
                tree.linecastFirst(zPlus.rayFrom(Vector3D.of(0, 0, -0.9))).getNormal(), TEST_EPS);
        Assertions.assertNull(tree.linecastFirst(zPlus.rayFrom(Vector3D.of(0, 0, 1.1))));

        EuclideanTestUtils.assertCoordinatesEqual(Vector3D.of(0, 0, 1),
                tree.linecastFirst(zMinus.rayFrom(Vector3D.of(0, 0, 1.1))).getNormal(), TEST_EPS);
        EuclideanTestUtils.assertCoordinatesEqual(Vector3D.of(0, 0, 1),
                tree.linecastFirst(zMinus.rayFrom(Vector3D.of(0, 0, 1))).getNormal(), TEST_EPS);
        EuclideanTestUtils.assertCoordinatesEqual(Vector3D.of(0, 0, -1),
                tree.linecastFirst(zMinus.rayFrom(Vector3D.of(0, 0, 0.9))).getNormal(), TEST_EPS);
        Assertions.assertNull(tree.linecastFirst(zMinus.rayFrom(Vector3D.of(0, 0, -1.1))));
    }",RegionBSPTree3DTest::testLinecastFirst_multipleDirections_oe
commons-geometry_1510,"@Test
    void testLinecastFirst_linePassesThroughVertex_oe() {
        // arrange
        final Vector3D lowerCorner = Vector3D.ZERO;
        final Vector3D upperCorner = Vector3D.of(1, 1, 1);
        final Vector3D center = lowerCorner.lerp(upperCorner, 0.5);

        final RegionBSPTree3D tree = createRect(lowerCorner, upperCorner);

        final Line3D upDiagonal = Lines3D.fromPoints(lowerCorner, upperCorner, TEST_PRECISION);
        final Line3D downDiagonal = upDiagonal.reverse();

        // act/assert
        final LinecastPoint3D upFromOutsideResult = tree.linecastFirst(upDiagonal.rayFrom(Vector3D.of(-1, -1, -1)));
        Assertions.assertNotNull(upFromOutsideResult);
        EuclideanTestUtils.assertCoordinatesEqual(lowerCorner, upFromOutsideResult.getPoint(), TEST_EPS);

        final LinecastPoint3D upFromCenterResult = tree.linecastFirst(upDiagonal.rayFrom(center));
        Assertions.assertNotNull(upFromCenterResult);
        EuclideanTestUtils.assertCoordinatesEqual(upperCorner, upFromCenterResult.getPoint(), TEST_EPS);

        final LinecastPoint3D downFromOutsideResult = tree.linecastFirst(downDiagonal.rayFrom(Vector3D.of(2, 2, 2)));
        Assertions.assertNotNull(downFromOutsideResult);
        EuclideanTestUtils.assertCoordinatesEqual(upperCorner, downFromOutsideResult.getPoint(), TEST_EPS);

        final LinecastPoint3D downFromCenterResult = tree.linecastFirst(downDiagonal.rayFrom(center));
        Assertions.assertNotNull(downFromCenterResult);
        EuclideanTestUtils.assertCoordinatesEqual(lowerCorner, downFromCenterResult.getPoint(), TEST_EPS);
    }",RegionBSPTree3DTest::testLinecastFirst_linePassesThroughVertex_oe
commons-geometry_1511,"@Test
    void testLinecastFirst_lineParallelToFace_oe() {
        // arrange - setup box
        final Vector3D lowerCorner = Vector3D.ZERO;
        final Vector3D upperCorner = Vector3D.of(1, 1, 1);

        final RegionBSPTree3D tree = createRect(lowerCorner, upperCorner);

        final Vector3D firstPointOnLine = Vector3D.of(0.5, -1.0, 0);
        final Vector3D secondPointOnLine = Vector3D.of(0.5, 2.0, 0);
        final Line3D bottomLine = Lines3D.fromPoints(firstPointOnLine, secondPointOnLine, TEST_PRECISION);

        final Vector3D expectedIntersection1 = Vector3D.of(0.5, 0, 0.0);
        final Vector3D expectedIntersection2 = Vector3D.of(0.5, 1.0, 0.0);

        // act/assert
        LinecastPoint3D bottom = tree.linecastFirst(bottomLine.rayFrom(firstPointOnLine));
        Assertions.assertNotNull(bottom);
        EuclideanTestUtils.assertCoordinatesEqual(expectedIntersection1, bottom.getPoint(), TEST_EPS);

        bottom = tree.linecastFirst(bottomLine.rayFrom(Vector3D.of(0.5, 0.1, 0.0)));
        Assertions.assertNotNull(bottom);
        final Vector3D intersection = bottom.getPoint();
        Assertions.assertNotNull(intersection);
        EuclideanTestUtils.assertCoordinatesEqual(expectedIntersection2, intersection, TEST_EPS);
    }",RegionBSPTree3DTest::testLinecastFirst_lineParallelToFace_oe
commons-geometry_1512,"@Test
    void testLinecastFirst_rayPointOnFace_oe() {
        // arrange
        final Vector3D lowerCorner = Vector3D.ZERO;
        final Vector3D upperCorner = Vector3D.of(1, 1, 1);

        final RegionBSPTree3D tree = createRect(lowerCorner, upperCorner);

        final Vector3D pt = Vector3D.of(0.5, 0.5, 0);
        final Line3D intoBoxLine = Lines3D.fromPoints(pt, pt.add(Vector3D.Unit.PLUS_Z), TEST_PRECISION);
        final Line3D outOfBoxLine = Lines3D.fromPoints(pt, pt.add(Vector3D.Unit.MINUS_Z), TEST_PRECISION);

        // act/assert
        final LinecastPoint3D intoBoxResult = tree.linecastFirst(intoBoxLine.rayFrom(pt));
        EuclideanTestUtils.assertCoordinatesEqual(pt, intoBoxResult.getPoint(), TEST_EPS);

        final LinecastPoint3D outOfBoxResult = tree.linecastFirst(outOfBoxLine.rayFrom(pt));
        EuclideanTestUtils.assertCoordinatesEqual(pt, outOfBoxResult.getPoint(), TEST_EPS);
    }",RegionBSPTree3DTest::testLinecastFirst_rayPointOnFace_oe
commons-geometry_1513,"@Test
    void testLinecastFirst_rayPointOnVertex_oe() {
        // arrange
        final Vector3D lowerCorner = Vector3D.ZERO;
        final Vector3D upperCorner = Vector3D.of(1, 1, 1);

        final RegionBSPTree3D tree = createRect(lowerCorner, upperCorner);

        final Line3D intoBoxLine = Lines3D.fromPoints(lowerCorner, upperCorner, TEST_PRECISION);
        final Line3D outOfBoxLine = intoBoxLine.reverse();

        // act/assert
        final LinecastPoint3D intoBoxResult = tree.linecastFirst(intoBoxLine.rayFrom(lowerCorner));
        EuclideanTestUtils.assertCoordinatesEqual(lowerCorner, intoBoxResult.getPoint(), TEST_EPS);

        final LinecastPoint3D outOfBoxResult = tree.linecastFirst(outOfBoxLine.rayFrom(lowerCorner));
        EuclideanTestUtils.assertCoordinatesEqual(lowerCorner, outOfBoxResult.getPoint(), TEST_EPS);
    }",RegionBSPTree3DTest::testLinecastFirst_rayPointOnVertex_oe
commons-geometry_1514,"@Test
    void testLinecastFirst_onlyReturnsPointsWithinSegment_oe() {
        // arrange
        final Vector3D lowerCorner = Vector3D.ZERO;
        final Vector3D upperCorner = Vector3D.of(1, 1, 1);

        final RegionBSPTree3D tree = createRect(lowerCorner, upperCorner);

        final Line3D line = Lines3D.fromPointAndDirection(Vector3D.of(0.5, 0.5, 0.5), Vector3D.Unit.PLUS_X, TEST_PRECISION);

        // act/assert
        EuclideanTestUtils.assertCoordinatesEqual(Vector3D.Unit.MINUS_X,
                tree.linecastFirst(line.span()).getNormal(), TEST_EPS);
        EuclideanTestUtils.assertCoordinatesEqual(Vector3D.Unit.PLUS_X,
                tree.linecastFirst(line.reverse().span()).getNormal(), TEST_EPS);

        EuclideanTestUtils.assertCoordinatesEqual(Vector3D.Unit.MINUS_X,
                tree.linecastFirst(line.segment(Vector3D.of(-2, 0.5, 0.5), Vector3D.of(0.5, 0.5, 0.5))).getNormal(), TEST_EPS);
        EuclideanTestUtils.assertCoordinatesEqual(Vector3D.Unit.MINUS_X,
                tree.linecastFirst(line.segment(Vector3D.of(-2, 0.5, 0.5), Vector3D.of(0, 0.5, 0.5))).getNormal(), TEST_EPS);

        EuclideanTestUtils.assertCoordinatesEqual(Vector3D.Unit.PLUS_X,
                tree.linecastFirst(line.segment(Vector3D.of(0.5, 0.5, 0.5), Vector3D.of(2, 0.5, 0.5))).getNormal(), TEST_EPS);
        EuclideanTestUtils.assertCoordinatesEqual(Vector3D.Unit.PLUS_X,
                tree.linecastFirst(line.segment(Vector3D.of(0.5, 0.5, 0.5), Vector3D.of(1, 0.5, 0.5))).getNormal(), TEST_EPS);

        Assertions.assertNull(tree.linecastFirst(line.segment(Vector3D.of(-2, 0.5, 0.5), Vector3D.of(-1, 0.5, 0.5))));
        Assertions.assertNull(tree.linecastFirst(line.segment(Vector3D.of(-2, 0.5, 0.5), Vector3D.of(-1, 0.5, 0.5))));
        Assertions.assertNull(tree.linecastFirst(line.segment(Vector3D.of(0.25, 0.5, 0.5), Vector3D.of(0.75, 0.5, 0.5))));
    }",RegionBSPTree3DTest::testLinecastFirst_onlyReturnsPointsWithinSegment_oe
commons-geometry_1515,"@Test
    void testInvertedRegion_oe() {
        // arrange
        final RegionBSPTree3D tree = createRect(Vector3D.of(-0.5, -0.5, -0.5), Vector3D.of(0.5, 0.5, 0.5));

        // act
        tree.complement();

        // assert
        Assertions.assertFalse(tree.isEmpty());
        Assertions.assertFalse(tree.isFull());

        EuclideanTestUtils.assertPositiveInfinity(tree.getSize());
        Assertions.assertEquals(6, tree.getBoundarySize(), TEST_EPS);
        Assertions.assertNull(tree.getCentroid());

        EuclideanTestUtils.assertRegionLocation(tree, RegionLocation.INSIDE,
                Vector3D.of(-Double.MAX_VALUE, -Double.MAX_VALUE, -Double.MAX_VALUE),
                Vector3D.of(-100, -100, -100),
                Vector3D.of(100, 100, 100),
                Vector3D.of(Double.MAX_VALUE, Double.MAX_VALUE, Double.MAX_VALUE));
        EuclideanTestUtils.assertRegionLocation(tree, RegionLocation.OUTSIDE,
                Vector3D.of(0, 0, 0));
    }",RegionBSPTree3DTest::testInvertedRegion_oe
commons-geometry_1516,"@Test
    void testUnitBox_oe() {
        // act
        final RegionBSPTree3D tree = createRect(Vector3D.of(-0.5, -0.5, -0.5), Vector3D.of(0.5, 0.5, 0.5));

        // assert
        Assertions.assertFalse(tree.isEmpty());
        Assertions.assertFalse(tree.isFull());

        Assertions.assertEquals(1.0, tree.getSize(), TEST_EPS);
        Assertions.assertEquals(6.0, tree.getBoundarySize(), TEST_EPS);
        EuclideanTestUtils.assertCoordinatesEqual(Vector3D.ZERO, tree.getCentroid(), TEST_EPS);

        EuclideanTestUtils.assertRegionLocation(tree, RegionLocation.OUTSIDE,
                Vector3D.of(-1, 0, 0),
                Vector3D.of(1, 0, 0),
                Vector3D.of(0, -1, 0),
                Vector3D.of(0, 1, 0),
                Vector3D.of(0, 0, -1),
                Vector3D.of(0, 0, 1),

                Vector3D.of(1, 1, 1),
                Vector3D.of(1, 1, -1),
                Vector3D.of(1, -1, 1),
                Vector3D.of(1, -1, -1),
                Vector3D.of(-1, 1, 1),
                Vector3D.of(-1, 1, -1),
                Vector3D.of(-1, -1, 1),
                Vector3D.of(-1, -1, -1));

        EuclideanTestUtils.assertRegionLocation(tree, RegionLocation.BOUNDARY,
                Vector3D.of(0.5, 0, 0),
                Vector3D.of(-0.5, 0, 0),
                Vector3D.of(0, 0.5, 0),
                Vector3D.of(0, -0.5, 0),
                Vector3D.of(0, 0, 0.5),
                Vector3D.of(0, 0, -0.5),

                Vector3D.of(0.5, 0.5, 0.5),
                Vector3D.of(0.5, 0.5, -0.5),
                Vector3D.of(0.5, -0.5, 0.5),
                Vector3D.of(0.5, -0.5, -0.5),
                Vector3D.of(-0.5, 0.5, 0.5),
                Vector3D.of(-0.5, 0.5, -0.5),
                Vector3D.of(-0.5, -0.5, 0.5),
                Vector3D.of(-0.5, -0.5, -0.5));

        EuclideanTestUtils.assertRegionLocation(tree, RegionLocation.INSIDE,
                Vector3D.of(0, 0, 0),

                Vector3D.of(0.4, 0.4, 0.4),
                Vector3D.of(0.4, 0.4, -0.4),
                Vector3D.of(0.4, -0.4, 0.4),
                Vector3D.of(0.4, -0.4, -0.4),
                Vector3D.of(-0.4, 0.4, 0.4),
                Vector3D.of(-0.4, 0.4, -0.4),
                Vector3D.of(-0.4, -0.4, 0.4),
                Vector3D.of(-0.4, -0.4, -0.4));
    }",RegionBSPTree3DTest::testUnitBox_oe
commons-geometry_1517,"@Test
    void testTwoBoxes_disjoint_oe() {
        // act
        final RegionBSPTree3D tree = RegionBSPTree3D.empty();
        tree.union(createRect(Vector3D.of(-0.5, -0.5, -0.5), Vector3D.of(0.5, 0.5, 0.5)));
        tree.union(createRect(Vector3D.of(1.5, -0.5, -0.5), Vector3D.of(2.5, 0.5, 0.5)));

        // assert
        Assertions.assertFalse(tree.isEmpty());
        Assertions.assertFalse(tree.isFull());

        Assertions.assertEquals(2.0, tree.getSize(), TEST_EPS);
        Assertions.assertEquals(12.0, tree.getBoundarySize(), TEST_EPS);
        EuclideanTestUtils.assertCoordinatesEqual(Vector3D.of(1, 0, 0), tree.getCentroid(), TEST_EPS);

        EuclideanTestUtils.assertRegionLocation(tree, RegionLocation.OUTSIDE,
                Vector3D.of(-1, 0, 0),
                Vector3D.of(1, 0, 0),
                Vector3D.of(3, 0, 0));

        EuclideanTestUtils.assertRegionLocation(tree, RegionLocation.INSIDE,
                Vector3D.of(0, 0, 0),
                Vector3D.of(2, 0, 0));
    }",RegionBSPTree3DTest::testTwoBoxes_disjoint_oe
commons-geometry_1518,"@Test
    void testTwoBoxes_sharedSide_oe() {
        // act
        final RegionBSPTree3D tree = RegionBSPTree3D.empty();
        tree.union(createRect(Vector3D.of(-0.5, -0.5, -0.5), Vector3D.of(0.5, 0.5, 0.5)));
        tree.union(createRect(Vector3D.of(0.5, -0.5, -0.5), Vector3D.of(1.5, 0.5, 0.5)));

        // assert
        Assertions.assertFalse(tree.isEmpty());
        Assertions.assertFalse(tree.isFull());

        Assertions.assertEquals(2.0, tree.getSize(), TEST_EPS);
        Assertions.assertEquals(10.0, tree.getBoundarySize(), TEST_EPS);
        EuclideanTestUtils.assertCoordinatesEqual(Vector3D.of(0.5, 0, 0), tree.getCentroid(), TEST_EPS);

        EuclideanTestUtils.assertRegionLocation(tree, RegionLocation.OUTSIDE,
                Vector3D.of(-1, 0, 0),
                Vector3D.of(2, 0, 0));

        EuclideanTestUtils.assertRegionLocation(tree, RegionLocation.INSIDE,
                Vector3D.of(0, 0, 0),
                Vector3D.of(1, 0, 0));
    }",RegionBSPTree3DTest::testTwoBoxes_sharedSide_oe
commons-geometry_1519,"@Test
    void testTwoBoxes_separationLessThanTolerance_oe() {
        // arrange
        final double eps = 1e-6;
        final Precision.DoubleEquivalence precision = Precision.doubleEquivalenceOfEpsilon(eps);

        // act
        final RegionBSPTree3D tree = RegionBSPTree3D.empty();
        tree.union(createRect(Vector3D.of(-0.5, -0.5, -0.5), Vector3D.of(0.5, 0.5, 0.5), precision));
        tree.union(createRect(Vector3D.of(0.5 + 1e-7, -0.5, -0.5), Vector3D.of(1.5 + 1e-7, 0.5, 0.5), precision));

        // assert
        Assertions.assertFalse(tree.isEmpty());
        Assertions.assertFalse(tree.isFull());

        Assertions.assertEquals(2.0, tree.getSize(), eps);
        Assertions.assertEquals(10.0, tree.getBoundarySize(), eps);
        EuclideanTestUtils.assertCoordinatesEqual(Vector3D.of(0.5 + 5.4166e-8, 0, 0), tree.getCentroid(), TEST_EPS);

        EuclideanTestUtils.assertRegionLocation(tree, RegionLocation.OUTSIDE,
                Vector3D.of(-1, 0, 0),
                Vector3D.of(2, 0, 0));

        EuclideanTestUtils.assertRegionLocation(tree, RegionLocation.INSIDE,
                Vector3D.of(0, 0, 0),
                Vector3D.of(1, 0, 0));
    }",RegionBSPTree3DTest::testTwoBoxes_separationLessThanTolerance_oe
commons-geometry_1520,"@Test
    void testTwoBoxes_sharedEdge_oe() {
        // act
        final RegionBSPTree3D tree = RegionBSPTree3D.empty();
        tree.union(createRect(Vector3D.of(-0.5, -0.5, -0.5), Vector3D.of(0.5, 0.5, 0.5)));
        tree.union(createRect(Vector3D.of(0.5, 0.5, -0.5), Vector3D.of(1.5, 1.5, 0.5)));

        // assert
        Assertions.assertFalse(tree.isEmpty());
        Assertions.assertFalse(tree.isFull());

        Assertions.assertEquals(2.0, tree.getSize(), TEST_EPS);
        Assertions.assertEquals(12.0, tree.getBoundarySize(), TEST_EPS);
        EuclideanTestUtils.assertCoordinatesEqual(Vector3D.of(0.5, 0.5, 0), tree.getCentroid(), TEST_EPS);


        EuclideanTestUtils.assertRegionLocation(tree, RegionLocation.OUTSIDE,
                Vector3D.of(-1, 0, 0),
                Vector3D.of(1, 0, 0),
                Vector3D.of(0, 1, 0),
                Vector3D.of(2, 1, 0));

        EuclideanTestUtils.assertRegionLocation(tree, RegionLocation.INSIDE,
                Vector3D.of(0, 0, 0),
                Vector3D.of(1, 1, 0));
    }",RegionBSPTree3DTest::testTwoBoxes_sharedEdge_oe
commons-geometry_1521,"@Test
    void testTwoBoxes_sharedPoint_oe() {
        // act
        final RegionBSPTree3D tree = RegionBSPTree3D.empty();
        tree.union(createRect(Vector3D.of(-0.5, -0.5, -0.5), Vector3D.of(0.5, 0.5, 0.5)));
        tree.union(createRect(Vector3D.of(0.5, 0.5, 0.5), Vector3D.of(1.5, 1.5, 1.5)));

        // assert
        Assertions.assertFalse(tree.isEmpty());
        Assertions.assertFalse(tree.isFull());

        Assertions.assertEquals(2.0, tree.getSize(), TEST_EPS);
        Assertions.assertEquals(12.0, tree.getBoundarySize(), TEST_EPS);
        EuclideanTestUtils.assertCoordinatesEqual(Vector3D.of(0.5, 0.5, 0.5), tree.getCentroid(), TEST_EPS);

        EuclideanTestUtils.assertRegionLocation(tree, RegionLocation.OUTSIDE,
                Vector3D.of(-1, 0, 0),
                Vector3D.of(1, 0, 0),
                Vector3D.of(0, 1, 1),
                Vector3D.of(2, 1, 1));

        EuclideanTestUtils.assertRegionLocation(tree, RegionLocation.INSIDE,
                Vector3D.of(0, 0, 0),
                Vector3D.of(1, 1, 1));
    }",RegionBSPTree3DTest::testTwoBoxes_sharedPoint_oe
commons-geometry_1522,"@Test
    void testTetrahedron_oe() {
        // arrange
        final Vector3D vertex1 = Vector3D.of(1, 2, 3);
        final Vector3D vertex2 = Vector3D.of(2, 2, 4);
        final Vector3D vertex3 = Vector3D.of(2, 3, 3);
        final Vector3D vertex4 = Vector3D.of(1, 3, 4);

        final List<PlaneConvexSubset> boundaries = Arrays.asList(
                Planes.convexPolygonFromVertices(Arrays.asList(vertex3, vertex2, vertex1), TEST_PRECISION),
                Planes.convexPolygonFromVertices(Arrays.asList(vertex2, vertex3, vertex4), TEST_PRECISION),
                Planes.convexPolygonFromVertices(Arrays.asList(vertex4, vertex3, vertex1), TEST_PRECISION),
                Planes.convexPolygonFromVertices(Arrays.asList(vertex1, vertex2, vertex4), TEST_PRECISION)
            );

        // act
        final RegionBSPTree3D tree = RegionBSPTree3D.full();
        tree.insert(boundaries);

        // assert
        Assertions.assertEquals(1.0 / 3.0, tree.getSize(), TEST_EPS);
        Assertions.assertEquals(2.0 * Math.sqrt(3.0), tree.getBoundarySize(), TEST_EPS);
        EuclideanTestUtils.assertCoordinatesEqual(Vector3D.of(1.5, 2.5, 3.5), tree.getCentroid(), TEST_EPS);

        final double third = 1.0 / 3.0;
        EuclideanTestUtils.assertRegionLocation(tree, RegionLocation.BOUNDARY,
            vertex1, vertex2, vertex3, vertex4,
            Vector3D.Sum.create().addScaled(third, vertex1).addScaled(third, vertex2).addScaled(third, vertex3).get(),
            Vector3D.Sum.create().addScaled(third, vertex2).addScaled(third, vertex3).addScaled(third, vertex4).get(),
            Vector3D.Sum.create().addScaled(third, vertex3).addScaled(third, vertex4).addScaled(third, vertex1).get(),
            Vector3D.Sum.create().addScaled(third, vertex4).addScaled(third, vertex1).addScaled(third, vertex2).get()
        );
        EuclideanTestUtils.assertRegionLocation(tree, RegionLocation.OUTSIDE,
            Vector3D.of(1, 2, 4),
            Vector3D.of(2, 2, 3),
            Vector3D.of(2, 3, 4),
            Vector3D.of(1, 3, 3)
        );
    }",RegionBSPTree3DTest::testTetrahedron_oe
commons-geometry_1523,"@Test
    void testSphere_oe() {
        // arrange
        // (use a high tolerance value here since the sphere is only an approximation)
        final double approximationTolerance = 0.2;
        final double radius = 1.0;

        // act
        final RegionBSPTree3D tree = createSphere(Vector3D.of(1, 2, 3), radius, 8, 16);

        // assert
        Assertions.assertFalse(tree.isEmpty());
        Assertions.assertFalse(tree.isFull());

        Assertions.assertEquals(sphereVolume(radius), tree.getSize(), approximationTolerance);
        Assertions.assertEquals(sphereSurface(radius), tree.getBoundarySize(), approximationTolerance);
        EuclideanTestUtils.assertCoordinatesEqual(Vector3D.of(1, 2, 3), tree.getCentroid(), TEST_EPS);

        EuclideanTestUtils.assertRegionLocation(tree, RegionLocation.OUTSIDE,
                Vector3D.of(-0.1, 2, 3),
                Vector3D.of(2.1, 2, 3),
                Vector3D.of(1, 0.9, 3),
                Vector3D.of(1, 3.1, 3),
                Vector3D.of(1, 2, 1.9),
                Vector3D.of(1, 2, 4.1),
                Vector3D.of(1.6, 2.6, 3.6));

        EuclideanTestUtils.assertRegionLocation(tree, RegionLocation.INSIDE,
                Vector3D.of(1, 2, 3),
                Vector3D.of(0.1, 2, 3),
                Vector3D.of(1.9, 2, 3),
                Vector3D.of(1, 2.1, 3),
                Vector3D.of(1, 2.9, 3),
                Vector3D.of(1, 2, 2.1),
                Vector3D.of(1, 2, 3.9),
                Vector3D.of(1.5, 2.5, 3.5));
    }",RegionBSPTree3DTest::testSphere_oe
commons-geometry_1524,"@Test
    void testBoolean_union_oe() throws IOException {
        // arrange
        final double tolerance = 0.05;
        final double size = 1.0;
        final double radius = size * 0.5;
        final RegionBSPTree3D box = createRect(Vector3D.ZERO, Vector3D.of(size, size, size));
        final RegionBSPTree3D sphere = createSphere(Vector3D.of(size * 0.5, size * 0.5, size), radius, 8, 16);

        // act
        final RegionBSPTree3D result = RegionBSPTree3D.empty();
        result.union(box, sphere);

        // assert
        Assertions.assertFalse(result.isEmpty());
        Assertions.assertFalse(result.isFull());

        Assertions.assertEquals(cubeVolume(size)+(sphereVolume(radius)* 0.5),result.getSize(),tolerance);
        Assertions.assertEquals(cubeSurface(size)- circleSurface(radius)+(0.5 * sphereSurface(radius)),result.getBoundarySize(),tolerance);

        EuclideanTestUtils.assertRegionLocation(result, RegionLocation.OUTSIDE,
                Vector3D.of(-0.1, 0.5, 0.5),
                Vector3D.of(1.1, 0.5, 0.5),
                Vector3D.of(0.5, -0.1, 0.5),
                Vector3D.of(0.5, 1.1, 0.5),
                Vector3D.of(0.5, 0.5, -0.1),
                Vector3D.of(0.5, 0.5, 1.6));

        EuclideanTestUtils.assertRegionLocation(result, RegionLocation.INSIDE,
                Vector3D.of(0.1, 0.5, 0.5),
                Vector3D.of(0.9, 0.5, 0.5),
                Vector3D.of(0.5, 0.1, 0.5),
                Vector3D.of(0.5, 0.9, 0.5),
                Vector3D.of(0.5, 0.5, 0.1),
                Vector3D.of(0.5, 0.5, 1.4));
    }",RegionBSPTree3DTest::testBoolean_union_oe
commons-geometry_1525,"@Test
    void testUnion_self_oe() {
        // arrange
        final double tolerance = 0.2;
        final double radius = 1.0;

        final RegionBSPTree3D sphere = createSphere(Vector3D.ZERO, radius, 8, 16);

        final RegionBSPTree3D copy = RegionBSPTree3D.empty();
        copy.copy(sphere);

        // act
        final RegionBSPTree3D result = RegionBSPTree3D.empty();
        result.union(sphere, copy);

        // assert
        Assertions.assertFalse(result.isEmpty());
        Assertions.assertFalse(result.isFull());

        Assertions.assertEquals(sphereVolume(radius), result.getSize(), tolerance);
        Assertions.assertEquals(sphereSurface(radius), result.getBoundarySize(), tolerance);
        EuclideanTestUtils.assertCoordinatesEqual(Vector3D.ZERO, result.getCentroid(), TEST_EPS);

        EuclideanTestUtils.assertRegionLocation(result, RegionLocation.OUTSIDE,
                Vector3D.of(-1.1, 0, 0),
                Vector3D.of(1.1, 0, 0),
                Vector3D.of(0, -1.1, 0),
                Vector3D.of(0, 1.1, 0),
                Vector3D.of(0, 0, -1.1),
                Vector3D.of(0, 0, 1.1));

        EuclideanTestUtils.assertRegionLocation(result, RegionLocation.INSIDE,
                Vector3D.of(-0.9, 0, 0),
                Vector3D.of(0.9, 0, 0),
                Vector3D.of(0, -0.9, 0),
                Vector3D.of(0, 0.9, 0),
                Vector3D.of(0, 0, -0.9),
                Vector3D.of(0, 0, 0.9),
                Vector3D.ZERO);
    }",RegionBSPTree3DTest::testUnion_self_oe
commons-geometry_1526,"@Test
    void testBoolean_intersection_oe() throws IOException {
        // arrange
        final double tolerance = 0.05;
        final double size = 1.0;
        final double radius = size * 0.5;
        final RegionBSPTree3D box = createRect(Vector3D.ZERO, Vector3D.of(size, size, size));
        final RegionBSPTree3D sphere = createSphere(Vector3D.of(size * 0.5, size * 0.5, size), radius, 8, 16);

        // act
        final RegionBSPTree3D result = RegionBSPTree3D.empty();
        result.intersection(box, sphere);

        // assert
        Assertions.assertFalse(result.isEmpty());
        Assertions.assertFalse(result.isFull());

        Assertions.assertEquals(sphereVolume(radius) * 0.5, result.getSize(), tolerance);
        Assertions.assertEquals(circleSurface(radius)+(0.5 * sphereSurface(radius)),result.getBoundarySize(),tolerance);

        EuclideanTestUtils.assertRegionLocation(result, RegionLocation.OUTSIDE,
                Vector3D.of(-0.1, 0.5, 1.0),
                Vector3D.of(1.1, 0.5, 1.0),
                Vector3D.of(0.5, -0.1, 1.0),
                Vector3D.of(0.5, 1.1, 1.0),
                Vector3D.of(0.5, 0.5, 0.4),
                Vector3D.of(0.5, 0.5, 1.1));

        EuclideanTestUtils.assertRegionLocation(result, RegionLocation.INSIDE,
                Vector3D.of(0.1, 0.5, 0.9),
                Vector3D.of(0.9, 0.5, 0.9),
                Vector3D.of(0.5, 0.1, 0.9),
                Vector3D.of(0.5, 0.9, 0.9),
                Vector3D.of(0.5, 0.5, 0.6),
                Vector3D.of(0.5, 0.5, 0.9));
    }",RegionBSPTree3DTest::testBoolean_intersection_oe
commons-geometry_1527,"@Test
    void testIntersection_self_oe() {
        // arrange
        final double tolerance = 0.2;
        final double radius = 1.0;

        final RegionBSPTree3D sphere = createSphere(Vector3D.ZERO, radius, 8, 16);
        final RegionBSPTree3D copy = RegionBSPTree3D.empty();
        copy.copy(sphere);

        // act
        final RegionBSPTree3D result = RegionBSPTree3D.empty();
        result.intersection(sphere, copy);

        // assert
        Assertions.assertFalse(result.isEmpty());
        Assertions.assertFalse(result.isFull());

        Assertions.assertEquals(sphereVolume(radius), result.getSize(), tolerance);
        Assertions.assertEquals(sphereSurface(radius), result.getBoundarySize(), tolerance);
        EuclideanTestUtils.assertCoordinatesEqual(Vector3D.ZERO, result.getCentroid(), TEST_EPS);

        EuclideanTestUtils.assertRegionLocation(result, RegionLocation.OUTSIDE,
                Vector3D.of(-1.1, 0, 0),
                Vector3D.of(1.1, 0, 0),
                Vector3D.of(0, -1.1, 0),
                Vector3D.of(0, 1.1, 0),
                Vector3D.of(0, 0, -1.1),
                Vector3D.of(0, 0, 1.1));

        EuclideanTestUtils.assertRegionLocation(result, RegionLocation.INSIDE,
                Vector3D.of(-0.9, 0, 0),
                Vector3D.of(0.9, 0, 0),
                Vector3D.of(0, -0.9, 0),
                Vector3D.of(0, 0.9, 0),
                Vector3D.of(0, 0, -0.9),
                Vector3D.of(0, 0, 0.9),
                Vector3D.ZERO);
    }",RegionBSPTree3DTest::testIntersection_self_oe
commons-geometry_1528,"@Test
    void testBoolean_xor_twoCubes_oe() throws IOException {
        // arrange
        final double size = 1.0;
        final RegionBSPTree3D box1 = createRect(Vector3D.ZERO, Vector3D.of(size, size, size));
        final RegionBSPTree3D box2 = createRect(Vector3D.of(0.5, 0.5, 0.5), Vector3D.of(0.5 + size, 0.5 + size, 0.5 + size));

        // act
        final RegionBSPTree3D result = RegionBSPTree3D.empty();
        result.xor(box1, box2);

        // assert
        Assertions.assertFalse(result.isEmpty());
        Assertions.assertFalse(result.isFull());

        Assertions.assertEquals((2 * cubeVolume(size)) - (2 * cubeVolume(size * 0.5)), result.getSize(), TEST_EPS);
        Assertions.assertEquals(2 * cubeSurface(size), result.getBoundarySize(), TEST_EPS);

        EuclideanTestUtils.assertRegionLocation(result, RegionLocation.OUTSIDE,
                Vector3D.of(-0.1, -0.1, -0.1),
                Vector3D.of(0.75, 0.75, 0.75),
                Vector3D.of(1.6, 1.6, 1.6));

        EuclideanTestUtils.assertRegionLocation(result, RegionLocation.BOUNDARY,
                Vector3D.of(0, 0, 0),
                Vector3D.of(0.5, 0.5, 0.5),
                Vector3D.of(1, 1, 1),
                Vector3D.of(1.5, 1.5, 1.5));

        EuclideanTestUtils.assertRegionLocation(result, RegionLocation.INSIDE,
                Vector3D.of(0.1, 0.1, 0.1),
                Vector3D.of(0.4, 0.4, 0.4),
                Vector3D.of(1.1, 1.1, 1.1),
                Vector3D.of(1.4, 1.4, 1.4));
    }",RegionBSPTree3DTest::testBoolean_xor_twoCubes_oe
commons-geometry_1529,"@Test
    void testBoolean_xor_cubeAndSphere_oe() throws IOException {
        // arrange
        final double tolerance = 0.05;
        final double size = 1.0;
        final double radius = size * 0.5;
        final RegionBSPTree3D box = createRect(Vector3D.ZERO, Vector3D.of(size, size, size));
        final RegionBSPTree3D sphere = createSphere(Vector3D.of(size * 0.5, size * 0.5, size), radius, 8, 16);

        // act
        final RegionBSPTree3D result = RegionBSPTree3D.empty();
        result.xor(box, sphere);

        // assert
        Assertions.assertFalse(result.isEmpty());
        Assertions.assertFalse(result.isFull());

        Assertions.assertEquals(cubeVolume(size), result.getSize(), tolerance);
        Assertions.assertEquals(cubeSurface(size)+(sphereSurface(radius)),result.getBoundarySize(),tolerance);

        EuclideanTestUtils.assertRegionLocation(result, RegionLocation.OUTSIDE,
                Vector3D.of(-0.1, 0.5, 0.5),
                Vector3D.of(1.1, 0.5, 0.5),
                Vector3D.of(0.5, -0.1, 0.5),
                Vector3D.of(0.5, 1.1, 0.5),
                Vector3D.of(0.5, 0.5, -0.1),
                Vector3D.of(0.5, 0.5, 1.6),
                Vector3D.of(0.5, 0.5, 0.9));

        EuclideanTestUtils.assertRegionLocation(result, RegionLocation.INSIDE,
                Vector3D.of(0.1, 0.5, 0.5),
                Vector3D.of(0.9, 0.5, 0.5),
                Vector3D.of(0.5, 0.1, 0.5),
                Vector3D.of(0.5, 0.9, 0.5),
                Vector3D.of(0.5, 0.5, 0.1),
                Vector3D.of(0.5, 0.5, 1.4));
    }",RegionBSPTree3DTest::testBoolean_xor_cubeAndSphere_oe
commons-geometry_1530,"@Test
    void testXor_self_oe() {
        // arrange
        final double radius = 1.0;

        final RegionBSPTree3D sphere = createSphere(Vector3D.ZERO, radius, 8, 16);
        final RegionBSPTree3D copy = RegionBSPTree3D.empty();
        copy.copy(sphere);

        // act
        final RegionBSPTree3D result = RegionBSPTree3D.empty();
        result.xor(sphere, copy);

        // assert
        Assertions.assertTrue(result.isEmpty());
        Assertions.assertFalse(result.isFull());

        Assertions.assertEquals(0.0, result.getSize(), TEST_EPS);
        Assertions.assertEquals(0.0, result.getBoundarySize(), TEST_EPS);
        Assertions.assertNull(result.getCentroid());

        EuclideanTestUtils.assertRegionLocation(result, RegionLocation.OUTSIDE,
                Vector3D.of(-1.1, 0, 0),
                Vector3D.of(1.1, 0, 0),
                Vector3D.of(0, -1.1, 0),
                Vector3D.of(0, 1.1, 0),
                Vector3D.of(0, 0, -1.1),
                Vector3D.of(0, 0, 1.1),
                Vector3D.of(-0.9, 0, 0),
                Vector3D.of(0.9, 0, 0),
                Vector3D.of(0, -0.9, 0),
                Vector3D.of(0, 0.9, 0),
                Vector3D.of(0, 0, -0.9),
                Vector3D.of(0, 0, 0.9),
                Vector3D.ZERO);
    }",RegionBSPTree3DTest::testXor_self_oe
commons-geometry_1531,"@Test
    void testBoolean_difference_oe() throws IOException {
        // arrange
        final double tolerance = 0.05;
        final double size = 1.0;
        final double radius = size * 0.5;
        final RegionBSPTree3D box = createRect(Vector3D.ZERO, Vector3D.of(size, size, size));
        final RegionBSPTree3D sphere = createSphere(Vector3D.of(size * 0.5, size * 0.5, size), radius, 8, 16);

        // act
        final RegionBSPTree3D result = RegionBSPTree3D.empty();
        result.difference(box, sphere);

        // assert
        Assertions.assertFalse(result.isEmpty());
        Assertions.assertFalse(result.isFull());

        Assertions.assertEquals(cubeVolume(size) - (sphereVolume(radius) * 0.5), result.getSize(), tolerance);
        Assertions.assertEquals(cubeSurface(size)- circleSurface(radius)+(0.5 * sphereSurface(radius)),result.getBoundarySize(),tolerance);

        EuclideanTestUtils.assertRegionLocation(result, RegionLocation.OUTSIDE,
                Vector3D.of(-0.1, 0.5, 1.0),
                Vector3D.of(1.1, 0.5, 1.0),
                Vector3D.of(0.5, -0.1, 1.0),
                Vector3D.of(0.5, 1.1, 1.0),
                Vector3D.of(0.5, 0.5, -0.1),
                Vector3D.of(0.5, 0.5, 0.6));

        EuclideanTestUtils.assertRegionLocation(result, RegionLocation.INSIDE,
                Vector3D.of(0.1, 0.5, 0.4),
                Vector3D.of(0.9, 0.5, 0.4),
                Vector3D.of(0.5, 0.1, 0.4),
                Vector3D.of(0.5, 0.9, 0.4),
                Vector3D.of(0.5, 0.5, 0.1),
                Vector3D.of(0.5, 0.5, 0.4));
    }",RegionBSPTree3DTest::testBoolean_difference_oe
commons-geometry_1532,"@Test
    void testDifference_self_oe() {
        // arrange
        final double radius = 1.0;

        final RegionBSPTree3D sphere = createSphere(Vector3D.ZERO, radius, 8, 16);
        final RegionBSPTree3D copy = sphere.copy();

        // act
        final RegionBSPTree3D result = RegionBSPTree3D.empty();
        result.difference(sphere, copy);

        // assert
        Assertions.assertTrue(result.isEmpty());
        Assertions.assertFalse(result.isFull());

        Assertions.assertEquals(0.0, result.getSize(), TEST_EPS);
        Assertions.assertEquals(0.0, result.getBoundarySize(), TEST_EPS);
        Assertions.assertNull(result.getCentroid());

        EuclideanTestUtils.assertRegionLocation(result, RegionLocation.OUTSIDE,
                Vector3D.of(-1.1, 0, 0),
                Vector3D.of(1.1, 0, 0),
                Vector3D.of(0, -1.1, 0),
                Vector3D.of(0, 1.1, 0),
                Vector3D.of(0, 0, -1.1),
                Vector3D.of(0, 0, 1.1),
                Vector3D.of(-0.9, 0, 0),
                Vector3D.of(0.9, 0, 0),
                Vector3D.of(0, -0.9, 0),
                Vector3D.of(0, 0.9, 0),
                Vector3D.of(0, 0, -0.9),
                Vector3D.of(0, 0, 0.9),
                Vector3D.ZERO);
    }",RegionBSPTree3DTest::testDifference_self_oe
commons-geometry_1533,"@Test
    void testBoolean_multiple_oe() throws IOException {
        // arrange
        final double tolerance = 0.05;
        final double size = 1.0;
        final double radius = size * 0.5;
        final RegionBSPTree3D box = createRect(Vector3D.ZERO, Vector3D.of(size, size, size));
        final RegionBSPTree3D sphereToAdd = createSphere(Vector3D.of(size * 0.5, size * 0.5, size), radius, 8, 16);
        final RegionBSPTree3D sphereToRemove1 = createSphere(Vector3D.of(size * 0.5, 0, size * 0.5), radius, 8, 16);
        final RegionBSPTree3D sphereToRemove2 = createSphere(Vector3D.of(size * 0.5, 1, size * 0.5), radius, 8, 16);

        // act
        final RegionBSPTree3D result = RegionBSPTree3D.empty();
        result.union(box, sphereToAdd);
        result.difference(sphereToRemove1);
        result.difference(sphereToRemove2);

        // assert
        Assertions.assertFalse(result.isEmpty());
        Assertions.assertFalse(result.isFull());

        Assertions.assertEquals(cubeVolume(size)-(sphereVolume(radius)* 0.5),result.getSize(),tolerance);
        Assertions.assertEquals(cubeSurface(size)-(3.0 * circleSurface(radius))+(1.5 * sphereSurface(radius)),result.getBoundarySize(),tolerance);

        EuclideanTestUtils.assertRegionLocation(result, RegionLocation.OUTSIDE,
                Vector3D.of(-0.1, 0.5, 0.5),
                Vector3D.of(1.1, 0.5, 0.5),
                Vector3D.of(0.5, 0.4, 0.5),
                Vector3D.of(0.5, 0.6, 0.5),
                Vector3D.of(0.5, 0.5, -0.1),
                Vector3D.of(0.5, 0.5, 1.6));

        EuclideanTestUtils.assertRegionLocation(result, RegionLocation.INSIDE,
                Vector3D.of(0.1, 0.5, 0.1),
                Vector3D.of(0.9, 0.5, 0.1),
                Vector3D.of(0.5, 0.4, 0.1),
                Vector3D.of(0.5, 0.6, 0.1),
                Vector3D.of(0.5, 0.5, 0.1),
                Vector3D.of(0.5, 0.5, 1.4));
    }",RegionBSPTree3DTest::testBoolean_multiple_oe
commons-geometry_1534,"@Test
    void testToConvex_empty_oe() {
        // act
        final List<ConvexVolume> result = RegionBSPTree3D.empty().toConvex();

        // assert
        Assertions.assertEquals(0, result.size());
    }",RegionBSPTree3DTest::testToConvex_empty_oe
commons-geometry_1535,"@Test
    void testToConvex_singleBox_oe() {
        // arrange
        final RegionBSPTree3D tree = createRect(Vector3D.of(1, 2, 3), Vector3D.of(2, 3, 4));

        // act
        final List<ConvexVolume> result = tree.toConvex();

        // assert
        Assertions.assertEquals(1, result.size());

        final ConvexVolume vol = result.get(0);
        Assertions.assertEquals(1, vol.getSize(), TEST_EPS);
        EuclideanTestUtils.assertCoordinatesEqual(Vector3D.of(1.5, 2.5, 3.5), vol.getCentroid(), TEST_EPS);
    }",RegionBSPTree3DTest::testToConvex_singleBox_oe
commons-geometry_1536,"@Test
    void testToConvex_multipleBoxes_oe() {
        // arrange
        final RegionBSPTree3D tree = createRect(Vector3D.of(4, 5, 6), Vector3D.of(5, 6, 7));
        tree.union(createRect(Vector3D.ZERO, Vector3D.of(2, 1, 1)));

        // act
        final List<ConvexVolume> result = tree.toConvex();

        // assert
        Assertions.assertEquals(2, result.size());

        final boolean smallFirst = result.get(0).getSize() < result.get(1).getSize();

        final ConvexVolume small = smallFirst ? result.get(0) : result.get(1);
        final ConvexVolume large = smallFirst ? result.get(1) : result.get(0);

        Assertions.assertEquals(1, small.getSize(), TEST_EPS);
        EuclideanTestUtils.assertCoordinatesEqual(Vector3D.of(4.5, 5.5, 6.5), small.getCentroid(), TEST_EPS);

        Assertions.assertEquals(2, large.getSize(), TEST_EPS);
        EuclideanTestUtils.assertCoordinatesEqual(Vector3D.of(1, 0.5, 0.5), large.getCentroid(), TEST_EPS);
    }",RegionBSPTree3DTest::testToConvex_multipleBoxes_oe
commons-geometry_1537,"@Test
    void testSplit_oe() {
        // arrange
        final RegionBSPTree3D tree = createRect(Vector3D.of(-0.5, -0.5, -0.5), Vector3D.of(0.5, 0.5, 0.5));

        final Plane splitter = Planes.fromNormal(Vector3D.Unit.PLUS_X, TEST_PRECISION);

        // act
        final Split<RegionBSPTree3D> split = tree.split(splitter);

        // assert
        Assertions.assertEquals(SplitLocation.BOTH, split.getLocation());

        final RegionBSPTree3D minus = split.getMinus();
        Assertions.assertEquals(0.5, minus.getSize(), TEST_EPS);
        EuclideanTestUtils.assertCoordinatesEqual(Vector3D.of(-0.25, 0, 0), minus.getCentroid(), TEST_EPS);

        final RegionBSPTree3D plus = split.getPlus();
        Assertions.assertEquals(0.5, plus.getSize(), TEST_EPS);
        EuclideanTestUtils.assertCoordinatesEqual(Vector3D.of(0.25, 0, 0), plus.getCentroid(), TEST_EPS);
    }",RegionBSPTree3DTest::testSplit_oe
commons-geometry_1538,"@Test
    void testGetNodeRegion_oe() {
        // arrange
        final RegionBSPTree3D tree = createRect(Vector3D.ZERO, Vector3D.of(1, 1, 1));

        // act/assert
        final ConvexVolume rootVol = tree.getRoot().getNodeRegion();
        GeometryTestUtils.assertPositiveInfinity(rootVol.getSize());
        Assertions.assertNull(rootVol.getCentroid());

        final ConvexVolume plusVol = tree.getRoot().getPlus().getNodeRegion();
        GeometryTestUtils.assertPositiveInfinity(plusVol.getSize());
        Assertions.assertNull(plusVol.getCentroid());

        final ConvexVolume centerVol = tree.findNode(Vector3D.of(0.5, 0.5, 0.5)).getNodeRegion();
        Assertions.assertEquals(1, centerVol.getSize(), TEST_EPS);
        EuclideanTestUtils.assertCoordinatesEqual(Vector3D.of(0.5, 0.5, 0.5), centerVol.getCentroid(), TEST_EPS);
    }",RegionBSPTree3DTest::testGetNodeRegion_oe
commons-geometry_1539,"@Test
    void testSlightlyConcavePrism_oe() {
        // arrange
        final Vector3D[] vertices = {
            Vector3D.of(0, 0, 0),
            Vector3D.of(2, 1e-7, 0),
            Vector3D.of(4, 0, 0),
            Vector3D.of(2, 2, 0),
            Vector3D.of(0, 0, 2),
            Vector3D.of(2, 1e-7, 2),
            Vector3D.of(4, 0, 2),
            Vector3D.of(2, 2, 2)
        };

        final int[][] facets = {
            {4, 5, 6, 7},
            {3, 2, 1, 0},
            {0, 1, 5, 4},
            {1, 2, 6, 5},
            {2, 3, 7, 6},
            {3, 0, 4, 7}
        };

        final List<PlaneConvexSubset> faces = indexedFacetsToBoundaries(vertices, facets);

        // act
        final RegionBSPTree3D tree = RegionBSPTree3D.full();
        tree.insert(faces);

        // assert
        Assertions.assertFalse(tree.isFull());
        Assertions.assertFalse(tree.isEmpty());

        EuclideanTestUtils.assertRegionLocation(tree, RegionLocation.INSIDE, Vector3D.of(2, 1, 1));
        EuclideanTestUtils.assertRegionLocation(tree, RegionLocation.OUTSIDE,
                Vector3D.of(2, 1, 3), Vector3D.of(2, 1, -3),
                Vector3D.of(2, -1, 1), Vector3D.of(2, 3, 1),
                Vector3D.of(-1, 1, 1), Vector3D.of(4, 1, 1));
    }",RegionBSPTree3DTest::testSlightlyConcavePrism_oe
commons-geometry_1540,"@Test
    void testCtor_plane_oe() {
        // act
        final EmbeddedTreePlaneSubset ps = new EmbeddedTreePlaneSubset(XY_PLANE);

        // assert
        Assertions.assertFalse(ps.isFull());
        Assertions.assertTrue(ps.isEmpty());

        Assertions.assertEquals(0, ps.getSize(), TEST_EPS);
    }",EmbeddedTreePlaneSubsetTest::testCtor_plane_oe
commons-geometry_1541,"@Test
    void testCtor_plane_booleanFalse_oe() {
        // act
        final EmbeddedTreePlaneSubset ps = new EmbeddedTreePlaneSubset(XY_PLANE, false);

        // assert
        Assertions.assertFalse(ps.isFull());
        Assertions.assertTrue(ps.isEmpty());

        Assertions.assertEquals(0, ps.getSize(), TEST_EPS);
    }",EmbeddedTreePlaneSubsetTest::testCtor_plane_booleanFalse_oe
commons-geometry_1542,"@Test
    void testCtor_plane_booleanTrue_oe() {
        // act
        final EmbeddedTreePlaneSubset ps = new EmbeddedTreePlaneSubset(XY_PLANE, true);

        // assert
        Assertions.assertTrue(ps.isFull());
        Assertions.assertFalse(ps.isEmpty());

        GeometryTestUtils.assertPositiveInfinity(ps.getSize());
    }",EmbeddedTreePlaneSubsetTest::testCtor_plane_booleanTrue_oe
commons-geometry_1543,"@Test
    void testSpaceConversion_oe() {
        // arrange
        final EmbeddingPlane plane = Planes.fromPointAndPlaneVectors(Vector3D.of(1, 0, 0),
                Vector3D.Unit.PLUS_Y, Vector3D.Unit.PLUS_Z, TEST_PRECISION);

        final EmbeddedTreePlaneSubset ps = new EmbeddedTreePlaneSubset(plane, true);

        // act/assert
        EuclideanTestUtils.assertCoordinatesEqual(Vector2D.of(1, 2), ps.toSubspace(Vector3D.of(-5, 1, 2)), TEST_EPS);
        EuclideanTestUtils.assertCoordinatesEqual(Vector3D.of(1, -2, 4), ps.toSpace(Vector2D.of(-2, 4)), TEST_EPS);
    }",EmbeddedTreePlaneSubsetTest::testSpaceConversion_oe
commons-geometry_1544,"@Test
    void testToConvex_full_oe() {
        // act
        final EmbeddedTreePlaneSubset ps = new EmbeddedTreePlaneSubset(XY_PLANE, true);

        // act
        final List<PlaneConvexSubset> convex = ps.toConvex();

        // assert
        Assertions.assertEquals(1, convex.size());
        Assertions.assertTrue(convex.get(0).isFull());
    }",EmbeddedTreePlaneSubsetTest::testToConvex_full_oe
commons-geometry_1545,"@Test
    void testToConvex_empty_oe() {
        // arrange
        final EmbeddedTreePlaneSubset ps = new EmbeddedTreePlaneSubset(XY_PLANE, false);

        // act
        final List<PlaneConvexSubset> convex = ps.toConvex();

        // assert
        Assertions.assertEquals(0, convex.size());
    }",EmbeddedTreePlaneSubsetTest::testToConvex_empty_oe
commons-geometry_1546,"@Test
    void testToConvex_nonConvexRegion_oe() {
        // act
        final ConvexArea a = ConvexArea.convexPolygonFromVertices(Arrays.asList(
                    Vector2D.of(0, 0), Vector2D.of(1, 0),
                    Vector2D.of(1, 1), Vector2D.of(0, 1)
                ), TEST_PRECISION);
        final ConvexArea b = ConvexArea.convexPolygonFromVertices(Arrays.asList(
                    Vector2D.of(1, 0), Vector2D.of(2, 0),
                    Vector2D.of(2, 1), Vector2D.of(1, 1)
                ), TEST_PRECISION);

        final EmbeddedTreePlaneSubset ps = new EmbeddedTreePlaneSubset(XY_PLANE, false);
        ps.add(Planes.subsetFromConvexArea(XY_PLANE, a));
        ps.add(Planes.subsetFromConvexArea(XY_PLANE, b));

        // act
        final List<PlaneConvexSubset> convex = ps.toConvex();

        // assert
        Assertions.assertEquals(2, convex.size());
        Assertions.assertEquals(1, convex.get(0).getSize(), TEST_EPS);
        Assertions.assertEquals(1, convex.get(1).getSize(), TEST_EPS);
    }",EmbeddedTreePlaneSubsetTest::testToConvex_nonConvexRegion_oe
commons-geometry_1547,"@Test
    void testToTriangles_empty_oe() {
        // arrange
        final EmbeddedTreePlaneSubset ps = new EmbeddedTreePlaneSubset(XY_PLANE, false);

        // act
        final List<Triangle3D> tris = ps.toTriangles();

        // assert
        Assertions.assertEquals(0, tris.size());
    }",EmbeddedTreePlaneSubsetTest::testToTriangles_empty_oe
commons-geometry_1548,"@Test
    void testToTriangles_infinite_oe() {
        // arrange
        final Pattern pattern = Pattern.compile(""^Cannot convert infinite plane subset to triangles: .*"");

        // act/assert
        GeometryTestUtils.assertThrowsWithMessage(() -> {
            new EmbeddedTreePlaneSubset(XY_PLANE, true).toTriangles();
        }, IllegalStateException.class, pattern);

        GeometryTestUtils.assertThrowsWithMessage(() -> {
            final EmbeddedTreePlaneSubset halfSpace = new EmbeddedTreePlaneSubset(XY_PLANE, false);
            halfSpace.getSubspaceRegion().getRoot()
                .insertCut(Lines.fromPointAndAngle(Vector2D.ZERO, 0, TEST_PRECISION));

            halfSpace.toTriangles();
        }, IllegalStateException.class, pattern);

        GeometryTestUtils.assertThrowsWithMessage(() -> {
            final RegionBSPTree2D tree = RegionBSPTree2D.empty();
            tree.insert(Lines.segmentFromPoints(Vector2D.ZERO, Vector2D.of(1, 0), TEST_PRECISION));
            tree.insert(Lines.segmentFromPoints(Vector2D.ZERO, Vector2D.of(0, 1), TEST_PRECISION));

            final EmbeddedTreePlaneSubset halfSpaceWithVertices = new EmbeddedTreePlaneSubset(XY_PLANE, tree);

            halfSpaceWithVertices.toTriangles();
        }, IllegalStateException.class, pattern);
    }",EmbeddedTreePlaneSubsetTest::testToTriangles_infinite_oe
commons-geometry_1549,"@Test
    void testToTriangles_finite_oe() {
        // arrange
        final Vector3D p1 = Vector3D.ZERO;
        final Vector3D p2 = Vector3D.of(1, 0, 0);
        final Vector3D p3 = Vector3D.of(2, 1, 0);
        final Vector3D p4 = Vector3D.of(1.5, 1, 0);

        final EmbeddedTreePlaneSubset ps = new EmbeddedTreePlaneSubset(XY_PLANE);
        ps.add(Planes.convexPolygonFromVertices(Arrays.asList(
                    p1, p2, p3, p4
                ), TEST_PRECISION));

        // act
        final List<Triangle3D> tris = ps.toTriangles();

        // assert
        Assertions.assertEquals(2, tris.size());

        EuclideanTestUtils.assertVertexLoopSequence(Arrays.asList(p4, p1, p2),
                tris.get(0).getVertices(), TEST_PRECISION);
        EuclideanTestUtils.assertVertexLoopSequence(Arrays.asList(p4, p2, p3),
                tris.get(1).getVertices(), TEST_PRECISION);
    }",EmbeddedTreePlaneSubsetTest::testToTriangles_finite_oe
commons-geometry_1550,"@Test
    void testToTriangles_finite_disjoint_oe() {
        // arrange
        final EmbeddedTreePlaneSubset ps = new EmbeddedTreePlaneSubset(XY_PLANE);
        ps.add(Planes.convexPolygonFromVertices(Arrays.asList(
                    Vector3D.ZERO, Vector3D.of(1, 0, 0),
                    Vector3D.of(2, 1, 0), Vector3D.of(1.5, 1, 0)
                ), TEST_PRECISION));

        ps.add(Planes.convexPolygonFromVertices(Arrays.asList(
                Vector3D.of(-1, -1, 0), Vector3D.of(0, -1, 0), Vector3D.of(-1, 0, 0)
            ), TEST_PRECISION));

        // act
        final List<Triangle3D> tris = ps.toTriangles();

        // assert
        Assertions.assertEquals(3, tris.size());
    }",EmbeddedTreePlaneSubsetTest::testToTriangles_finite_disjoint_oe
commons-geometry_1551,"@Test
    void testGetBounds_noBounds_oe() {
        // arrange
        final EmbeddingPlane plane = Planes.fromPointAndPlaneVectors(Vector3D.of(0, 0, 1),
                Vector3D.Unit.PLUS_Y, Vector3D.Unit.MINUS_X, TEST_PRECISION);

        final EmbeddedTreePlaneSubset full = new EmbeddedTreePlaneSubset(plane, true);
        final EmbeddedTreePlaneSubset empty = new EmbeddedTreePlaneSubset(plane, false);

        final EmbeddedTreePlaneSubset halfPlane = new EmbeddedTreePlaneSubset(plane, false);
        halfPlane.getSubspaceRegion().getRoot().insertCut(Lines.fromPointAndAngle(Vector2D.ZERO, 0, TEST_PRECISION));

        // act/assert
        Assertions.assertNull(full.getBounds());
        Assertions.assertNull(empty.getBounds());
        Assertions.assertNull(halfPlane.getBounds());
    }",EmbeddedTreePlaneSubsetTest::testGetBounds_noBounds_oe
commons-geometry_1552,"@Test
    void testGetBounds_hasBounds_oe() {
        // arrange
        final EmbeddingPlane plane = Planes.fromPointAndPlaneVectors(Vector3D.of(0, 0, 1),
                Vector3D.Unit.PLUS_Y, Vector3D.Unit.MINUS_X, TEST_PRECISION);

        final EmbeddedTreePlaneSubset ps = new EmbeddedTreePlaneSubset(plane, false);
        ps.getSubspaceRegion().add(ConvexArea.convexPolygonFromVertices(Arrays.asList(
                    Vector2D.of(1, 1), Vector2D.of(2, 1), Vector2D.of(1, 2)
                ), TEST_PRECISION));

        // act
        final Bounds3D bounds = ps.getBounds();

        // assert
        EuclideanTestUtils.assertCoordinatesEqual(Vector3D.of(-2, 1, 1), bounds.getMin(), TEST_EPS);
        EuclideanTestUtils.assertCoordinatesEqual(Vector3D.of(-1, 2, 1), bounds.getMax(), TEST_EPS);
    }",EmbeddedTreePlaneSubsetTest::testGetBounds_hasBounds_oe
commons-geometry_1553,"@Test
    void testSplit_empty_oe() {
        // arrange
        final EmbeddedTreePlaneSubset ps = new EmbeddedTreePlaneSubset(XY_PLANE, false);

        final Plane splitter = Planes.fromNormal(Vector3D.Unit.PLUS_X, TEST_PRECISION);

        // act
        final Split<EmbeddedTreePlaneSubset> split = ps.split(splitter);

        // assert
        Assertions.assertEquals(SplitLocation.NEITHER, split.getLocation());

        Assertions.assertNull(split.getMinus());
        Assertions.assertNull(split.getPlus());
    }",EmbeddedTreePlaneSubsetTest::testSplit_empty_oe
commons-geometry_1554,"@Test
    void testSplit_halfSpace_oe() {
        // arrange
        final EmbeddedTreePlaneSubset ps = new EmbeddedTreePlaneSubset(XY_PLANE, false);
        ps.getSubspaceRegion().getRoot().cut(
                Lines.fromPointAndAngle(Vector2D.ZERO, 0.0, TEST_PRECISION));

        final Plane splitter = Planes.fromNormal(Vector3D.Unit.PLUS_X, TEST_PRECISION);

        // act
        final Split<EmbeddedTreePlaneSubset> split = ps.split(splitter);

        // assert
        Assertions.assertEquals(SplitLocation.BOTH, split.getLocation());

        final EmbeddedTreePlaneSubset minus = split.getMinus();
        checkPoints(minus, RegionLocation.INSIDE, Vector3D.of(-1, 1, 0));
        checkPoints(minus, RegionLocation.OUTSIDE, Vector3D.of(1, 1, 0), Vector3D.of(0, -1, 0));

        final EmbeddedTreePlaneSubset plus = split.getPlus();
        checkPoints(plus, RegionLocation.OUTSIDE, Vector3D.of(-1, 1, 0), Vector3D.of(0, -1, 0));
        checkPoints(plus, RegionLocation.INSIDE, Vector3D.of(1, 1, 0));
    }",EmbeddedTreePlaneSubsetTest::testSplit_halfSpace_oe
commons-geometry_1555,"@Test
    void testSplit_both_oe() {
        // arrange
        final EmbeddedTreePlaneSubset ps = new EmbeddedTreePlaneSubset(XY_PLANE, false);
        ps.getSubspaceRegion().union(
                Parallelogram.axisAligned(Vector2D.of(-1, -1), Vector2D.of(1, 1), TEST_PRECISION).toTree());

        final Plane splitter = Planes.fromNormal(Vector3D.Unit.PLUS_X, TEST_PRECISION);

        // act
        final Split<EmbeddedTreePlaneSubset> split = ps.split(splitter);

        // assert
        Assertions.assertEquals(SplitLocation.BOTH, split.getLocation());

        final EmbeddedTreePlaneSubset minus = split.getMinus();
        checkPoints(minus, RegionLocation.INSIDE, Vector3D.of(-0.5, 0, 0));
        checkPoints(minus, RegionLocation.OUTSIDE,
                Vector3D.of(0.5, 0, 0), Vector3D.of(1.5, 0, 0),
                Vector3D.of(0, 1.5, 0), Vector3D.of(0, -1.5, 0));

        final EmbeddedTreePlaneSubset plus = split.getPlus();
        checkPoints(plus, RegionLocation.INSIDE, Vector3D.of(0.5, 0, 0));
        checkPoints(plus, RegionLocation.OUTSIDE,
                Vector3D.of(-0.5, 0, 0), Vector3D.of(1.5, 0, 0),
                Vector3D.of(0, 1.5, 0), Vector3D.of(0, -1.5, 0));
    }",EmbeddedTreePlaneSubsetTest::testSplit_both_oe
commons-geometry_1556,"@Test
    void testSplit_intersects_plusOnly_oe() {
        // arrange
        final EmbeddedTreePlaneSubset ps = new EmbeddedTreePlaneSubset(XY_PLANE, false);
        ps.getSubspaceRegion().union(
                Parallelogram.axisAligned(Vector2D.of(-1, -1), Vector2D.of(1, 1), TEST_PRECISION).toTree());

        final Plane splitter = Planes.fromPointAndNormal(Vector3D.of(0, 0, 1), Vector3D.of(0.1, 0, 1), TEST_PRECISION);

        // act
        final Split<EmbeddedTreePlaneSubset> split = ps.split(splitter);

        // assert
        Assertions.assertEquals(SplitLocation.MINUS, split.getLocation());

        Assertions.assertSame(ps, split.getMinus());
        Assertions.assertNull(split.getPlus());
    }",EmbeddedTreePlaneSubsetTest::testSplit_intersects_plusOnly_oe
commons-geometry_1557,"@Test
    void testSplit_intersects_minusOnly_oe() {
        // arrange
        final EmbeddedTreePlaneSubset ps = new EmbeddedTreePlaneSubset(XY_PLANE, false);
        ps.getSubspaceRegion().union(
                Parallelogram.axisAligned(Vector2D.of(-1, -1), Vector2D.of(1, 1), TEST_PRECISION).toTree());

        final Plane splitter = Planes.fromPointAndNormal(Vector3D.of(0, 0, 1), Vector3D.of(0.1, 0, -1), TEST_PRECISION);

        // act
        final Split<EmbeddedTreePlaneSubset> split = ps.split(splitter);

        // assert
        Assertions.assertEquals(SplitLocation.PLUS, split.getLocation());

        Assertions.assertNull(split.getMinus());
        Assertions.assertSame(ps, split.getPlus());
    }",EmbeddedTreePlaneSubsetTest::testSplit_intersects_minusOnly_oe
commons-geometry_1558,"@Test
    void testSplit_parallel_plusOnly_oe() {
        // arrange
        final EmbeddedTreePlaneSubset ps = new EmbeddedTreePlaneSubset(XY_PLANE, false);
        ps.getSubspaceRegion().union(
                Parallelogram.axisAligned(Vector2D.of(-1, -1), Vector2D.of(1, 1), TEST_PRECISION).toTree());

        final Plane splitter = Planes.fromPointAndNormal(Vector3D.of(0, 0, 1), Vector3D.Unit.PLUS_Z, TEST_PRECISION);

        // act
        final Split<EmbeddedTreePlaneSubset> split = ps.split(splitter);

        // assert
        Assertions.assertEquals(SplitLocation.MINUS, split.getLocation());

        Assertions.assertSame(ps, split.getMinus());
        Assertions.assertNull(split.getPlus());
    }",EmbeddedTreePlaneSubsetTest::testSplit_parallel_plusOnly_oe
commons-geometry_1559,"@Test
    void testSplit_parallel_minusOnly_oe() {
        // arrange
        final EmbeddedTreePlaneSubset ps = new EmbeddedTreePlaneSubset(XY_PLANE, false);
        ps.getSubspaceRegion().union(
                Parallelogram.axisAligned(Vector2D.of(-1, -1), Vector2D.of(1, 1), TEST_PRECISION).toTree());

        final Plane splitter = Planes.fromPointAndNormal(Vector3D.of(0, 0, 1), Vector3D.Unit.MINUS_Z, TEST_PRECISION);

        // act
        final Split<EmbeddedTreePlaneSubset> split = ps.split(splitter);

        // assert
        Assertions.assertEquals(SplitLocation.PLUS, split.getLocation());

        Assertions.assertNull(split.getMinus());
        Assertions.assertSame(ps, split.getPlus());
    }",EmbeddedTreePlaneSubsetTest::testSplit_parallel_minusOnly_oe
commons-geometry_1560,"@Test
    void testSplit_coincident_oe() {
        // arrange
        final EmbeddedTreePlaneSubset ps = new EmbeddedTreePlaneSubset(XY_PLANE, false);
        ps.getSubspaceRegion().union(
                Parallelogram.axisAligned(Vector2D.of(-1, -1), Vector2D.of(1, 1), TEST_PRECISION).toTree());

        // act
        final Split<EmbeddedTreePlaneSubset> split = ps.split(ps.getPlane());

        // assert
        Assertions.assertEquals(SplitLocation.NEITHER, split.getLocation());

        Assertions.assertNull(split.getMinus());
        Assertions.assertNull(split.getPlus());
    }",EmbeddedTreePlaneSubsetTest::testSplit_coincident_oe
commons-geometry_1561,"@Test
    void testTransform_empty_oe() {
        // arrange
        final EmbeddedTreePlaneSubset ps = new EmbeddedTreePlaneSubset(XY_PLANE, false);

        final AffineTransformMatrix3D transform = AffineTransformMatrix3D.createTranslation(Vector3D.Unit.PLUS_Z);

        // act
        final EmbeddedTreePlaneSubset result = ps.transform(transform);

        // assert
        Assertions.assertNotSame(ps, result);

        final Plane resultPlane = result.getPlane();
        EuclideanTestUtils.assertCoordinatesEqual(Vector3D.of(0, 0, 1), resultPlane.getOrigin(), TEST_EPS);
        EuclideanTestUtils.assertCoordinatesEqual(Vector3D.Unit.PLUS_Z, resultPlane.getNormal(), TEST_EPS);

        Assertions.assertFalse(result.isFull());
        Assertions.assertTrue(result.isEmpty());
    }",EmbeddedTreePlaneSubsetTest::testTransform_empty_oe
commons-geometry_1562,"@Test
    void testTransform_full_oe() {
        // arrange
        final EmbeddedTreePlaneSubset ps = new EmbeddedTreePlaneSubset(XY_PLANE, true);

        final AffineTransformMatrix3D transform = AffineTransformMatrix3D.createTranslation(Vector3D.Unit.PLUS_Z);

        // act
        final EmbeddedTreePlaneSubset result = ps.transform(transform);

        // assert
        Assertions.assertNotSame(ps, result);

        final Plane resultPlane = result.getPlane();
        EuclideanTestUtils.assertCoordinatesEqual(Vector3D.of(0, 0, 1), resultPlane.getOrigin(), TEST_EPS);
        EuclideanTestUtils.assertCoordinatesEqual(Vector3D.Unit.PLUS_Z, resultPlane.getNormal(), TEST_EPS);

        Assertions.assertTrue(result.isFull());
        Assertions.assertFalse(result.isEmpty());
    }",EmbeddedTreePlaneSubsetTest::testTransform_full_oe
commons-geometry_1563,"@Test
    void testTransform_oe() {
        // arrange
        final ConvexArea area = ConvexArea.convexPolygonFromVertices(
                Arrays.asList(Vector2D.ZERO, Vector2D.Unit.PLUS_X, Vector2D.Unit.PLUS_Y), TEST_PRECISION);
        final EmbeddingPlane plane = Planes.fromPointAndPlaneVectors(Vector3D.of(0, 0, 1), Vector3D.Unit.PLUS_X, Vector3D.Unit.PLUS_Y, TEST_PRECISION);

        final EmbeddedTreePlaneSubset ps = new EmbeddedTreePlaneSubset(plane, area.toTree());

        final Transform<Vector3D> transform = AffineTransformMatrix3D.identity()
                .rotate(QuaternionRotation.fromAxisAngle(Vector3D.Unit.PLUS_Y, Angle.PI_OVER_TWO))
                .translate(Vector3D.of(1, 0, 0));

        // act
        final EmbeddedTreePlaneSubset result = ps.transform(transform);

        // assert
        Assertions.assertNotSame(ps, result);

        final Plane resultPlane = result.getPlane();
        EuclideanTestUtils.assertCoordinatesEqual(Vector3D.of(2, 0, 0), resultPlane.getOrigin(), TEST_EPS);
        EuclideanTestUtils.assertCoordinatesEqual(Vector3D.Unit.PLUS_X, resultPlane.getNormal(), TEST_EPS);

        checkPoints(result, RegionLocation.INSIDE, Vector3D.of(2, 0.25, -0.25));
        checkPoints(result, RegionLocation.OUTSIDE, Vector3D.of(1, 0.25, -0.25), Vector3D.of(3, 0.25, -0.25));

        checkPoints(result, RegionLocation.BOUNDARY,
                Vector3D.of(2, 0, 0), Vector3D.of(2, 0, -1), Vector3D.of(2, 1, 0));
    }",EmbeddedTreePlaneSubsetTest::testTransform_oe
commons-geometry_1564,"@Test
    void testTransform_reflection_oe() {
        // arrange
        final ConvexArea area = ConvexArea.convexPolygonFromVertices(
                Arrays.asList(Vector2D.ZERO, Vector2D.Unit.PLUS_X, Vector2D.Unit.PLUS_Y), TEST_PRECISION);
        final EmbeddingPlane plane = Planes.fromPointAndPlaneVectors(Vector3D.of(0, 0, 1), Vector3D.Unit.PLUS_X, Vector3D.Unit.PLUS_Y, TEST_PRECISION);

        final EmbeddedTreePlaneSubset ps = new EmbeddedTreePlaneSubset(plane, area.toTree());

        final Transform<Vector3D> transform = AffineTransformMatrix3D.createScale(-1, 1, 1);

        // act
        final EmbeddedTreePlaneSubset result = ps.transform(transform);

        // assert
        Assertions.assertNotSame(ps, result);

        final Plane resultPlane = result.getPlane();
        EuclideanTestUtils.assertCoordinatesEqual(Vector3D.of(0, 0, 1), resultPlane.getOrigin(), TEST_EPS);
        EuclideanTestUtils.assertCoordinatesEqual(Vector3D.Unit.MINUS_Z, resultPlane.getNormal(), TEST_EPS);

        checkPoints(result, RegionLocation.INSIDE, Vector3D.of(-0.25, 0.25, 1));
        checkPoints(result, RegionLocation.OUTSIDE, Vector3D.of(0.25, 0.25, 0), Vector3D.of(0.25, 0.25, 2));

        checkPoints(result, RegionLocation.BOUNDARY,
                Vector3D.of(-1, 0, 1), Vector3D.of(0, 1, 1), Vector3D.of(0, 0, 1));
    }",EmbeddedTreePlaneSubsetTest::testTransform_reflection_oe
commons-geometry_1565,"@Test
    void testAddMethods_oe() {
        // arrange
        final EmbeddingPlane plane = Planes.fromPointAndPlaneVectors(
                Vector3D.of(0, 0, 1), Vector3D.Unit.PLUS_X, Vector3D.Unit.PLUS_Y, TEST_PRECISION);
        final EmbeddedTreePlaneSubset ps = new EmbeddedTreePlaneSubset(plane, false);

        // act
        ps.add(Planes.subsetFromConvexArea(plane, ConvexArea.convexPolygonFromVertices(Arrays.asList(
                    Vector2D.ZERO, Vector2D.of(1, 0), Vector2D.of(0, 1)
                ), TEST_PRECISION)));

        final RegionBSPTree2D tree = RegionBSPTree2D.empty();
        tree.add(ConvexArea.convexPolygonFromVertices(Arrays.asList(
                    Vector2D.of(1, 0), Vector2D.of(1, 1), Vector2D.of(0, 1)
                ), TEST_PRECISION));
        ps.add(new EmbeddedTreePlaneSubset(plane, tree));

        // assert
        Assertions.assertFalse(ps.isFull());
        Assertions.assertFalse(ps.isEmpty());
        Assertions.assertTrue(ps.isFinite());
        Assertions.assertFalse(ps.isInfinite());

        Assertions.assertEquals(1, ps.getSize(), TEST_EPS);

        checkPoints(ps, RegionLocation.INSIDE, Vector3D.of(0.5, 0.5, 1));
        checkPoints(ps, RegionLocation.BOUNDARY,
                Vector3D.of(0, 0, 1), Vector3D.of(1, 0, 1),
                Vector3D.of(1, 1, 1), Vector3D.of(0, 1, 1));
        checkPoints(ps, RegionLocation.OUTSIDE,
                Vector3D.of(0.5, 0.5, 0), Vector3D.of(0.5, 0.5, 2),
                Vector3D.of(-0.5, 0.5, 1), Vector3D.of(0.5, -0.5, 1),
                Vector3D.of(1.5, 0.5, 1), Vector3D.of(0.5, 1.5, 1));
    }",EmbeddedTreePlaneSubsetTest::testAddMethods_oe
commons-geometry_1566,"@Test
    void testAddMethods_rotatesEquivalentPlanesWithDifferentUAndV_oe() {
        // arrange
        final EmbeddingPlane plane = Planes.fromPointAndPlaneVectors(
                Vector3D.of(0, 0, 1), Vector3D.Unit.PLUS_X, Vector3D.Unit.PLUS_Y, TEST_PRECISION);

        final EmbeddedTreePlaneSubset ps = new EmbeddedTreePlaneSubset(plane, false);

        final EmbeddingPlane otherPlane1 = Planes.fromPointAndPlaneVectors(
                Vector3D.of(0, 0, 1), Vector3D.of(1e-12, 1, 0), Vector3D.Unit.MINUS_X, TEST_PRECISION);

        final EmbeddingPlane otherPlane2 = Planes.fromPointAndPlaneVectors(
                Vector3D.of(0, 0, 1), Vector3D.of(0, -1, 1e-12), Vector3D.Unit.PLUS_X, TEST_PRECISION);

        final ConvexArea area = ConvexArea.convexPolygonFromVertices(Arrays.asList(
                    Vector2D.of(0, -1), Vector2D.of(1, -1), Vector2D.of(1, 1), Vector2D.of(0, 1)
                ), TEST_PRECISION);

        // act
        ps.add(Planes.subsetFromConvexArea(plane, area));
        ps.add(new EmbeddedTreePlaneSubset(otherPlane1, area.toTree()));
        ps.add(Planes.subsetFromConvexArea(otherPlane2, area));

        // assert
        Assertions.assertEquals(4, ps.getSize(), TEST_EPS);
        EuclideanTestUtils.assertCoordinatesEqual(Vector3D.of(0, 0, 1), ps.getCentroid(), TEST_EPS);

        final Bounds3D bounds = ps.getBounds();
        EuclideanTestUtils.assertCoordinatesEqual(Vector3D.of(-1, -1, 1), bounds.getMin(), TEST_EPS);
        EuclideanTestUtils.assertCoordinatesEqual(Vector3D.of(1, 1, 1), bounds.getMax(), TEST_EPS);
    }",EmbeddedTreePlaneSubsetTest::testAddMethods_rotatesEquivalentPlanesWithDifferentUAndV_oe
commons-geometry_1567,"@Test
    void testAddMethods_rotatesEquivalentPlanesWithDifferentUAndV_singleConvexArea_oe() {
        // arrange
        final EmbeddingPlane plane = Planes.fromPointAndPlaneVectors(
                Vector3D.of(0, 0, 1), Vector3D.Unit.PLUS_X, Vector3D.Unit.PLUS_Y, TEST_PRECISION);

        final EmbeddedTreePlaneSubset ps = new EmbeddedTreePlaneSubset(plane, false);

        final EmbeddingPlane otherPlane1 = Planes.fromPointAndPlaneVectors(
                Vector3D.of(0, 0, 1), Vector3D.of(1e-12, 1, 0), Vector3D.Unit.MINUS_X, TEST_PRECISION);

        final ConvexArea area = ConvexArea.convexPolygonFromVertices(Arrays.asList(
                    Vector2D.ZERO, Vector2D.of(1, 0), Vector2D.of(1, 2), Vector2D.of(0, 2)
                ), TEST_PRECISION);

        // act
        ps.add(Planes.subsetFromConvexArea(otherPlane1, area));

        // assert
        Assertions.assertEquals(2, ps.getSize(), TEST_EPS);
        EuclideanTestUtils.assertCoordinatesEqual(Vector3D.of(-1, 0.5, 1), ps.getCentroid(), TEST_EPS);

        final Bounds3D bounds = ps.getBounds();
        EuclideanTestUtils.assertCoordinatesEqual(Vector3D.of(-2, 0, 1), bounds.getMin(), TEST_EPS);
        EuclideanTestUtils.assertCoordinatesEqual(Vector3D.of(0, 1, 1), bounds.getMax(), TEST_EPS);
    }",EmbeddedTreePlaneSubsetTest::testAddMethods_rotatesEquivalentPlanesWithDifferentUAndV_singleConvexArea_oe
commons-geometry_1568,"@Test
    void testAddMethods_rotatesEquivalentPlanesWithDifferentUAndV_singleTree_oe() {
        // arrange
        final EmbeddingPlane plane = Planes.fromPointAndPlaneVectors(
                Vector3D.of(0, 0, 1), Vector3D.Unit.PLUS_X, Vector3D.Unit.PLUS_Y, TEST_PRECISION);

        final EmbeddedTreePlaneSubset ps = new EmbeddedTreePlaneSubset(plane, false);

        final EmbeddingPlane otherPlane1 = Planes.fromPointAndPlaneVectors(
                Vector3D.of(0, 0, 1), Vector3D.Unit.MINUS_X, Vector3D.Unit.MINUS_Y, TEST_PRECISION);

        final ConvexArea area = ConvexArea.convexPolygonFromVertices(Arrays.asList(
                    Vector2D.ZERO, Vector2D.of(1, 0), Vector2D.of(1, 2), Vector2D.of(0, 2)
                ), TEST_PRECISION);

        // act
        ps.add(new EmbeddedTreePlaneSubset(otherPlane1, area.toTree()));

        // assert
        Assertions.assertEquals(2, ps.getSize(), TEST_EPS);
        EuclideanTestUtils.assertCoordinatesEqual(Vector3D.of(-0.5, -1, 1), ps.getCentroid(), TEST_EPS);

        final Bounds3D bounds = ps.getBounds();
        EuclideanTestUtils.assertCoordinatesEqual(Vector3D.of(-1, -2, 1), bounds.getMin(), TEST_EPS);
        EuclideanTestUtils.assertCoordinatesEqual(Vector3D.of(0, 0, 1), bounds.getMax(), TEST_EPS);
    }",EmbeddedTreePlaneSubsetTest::testAddMethods_rotatesEquivalentPlanesWithDifferentUAndV_singleTree_oe
commons-geometry_1569,"@Test
    void testAddMethods_validatesPlane_oe() {
        // arrange
        final EmbeddedTreePlaneSubset ps = new EmbeddedTreePlaneSubset(XY_PLANE, false);

        // act/assert
        Assertions.assertThrows(IllegalArgumentException.class, () -> ps.add(Planes.subsetFromConvexArea(
                Planes.fromPointAndPlaneVectors(Vector3D.ZERO, Vector3D.Unit.PLUS_X, Vector3D.Unit.MINUS_Z, TEST_PRECISION),
                ConvexArea.full())));
        Assertions.assertThrows(IllegalArgumentException.class, () -> ps.add(new EmbeddedTreePlaneSubset(
                Planes.fromPointAndPlaneVectors(Vector3D.of(0, 0, -1), Vector3D.Unit.PLUS_X, Vector3D.Unit.PLUS_Y, TEST_PRECISION),
                false)));
    }",EmbeddedTreePlaneSubsetTest::testAddMethods_validatesPlane_oe
commons-geometry_1570,"@Test
    void testToString_oe() {
        // arrange
        final EmbeddedTreePlaneSubset ps = new EmbeddedTreePlaneSubset(
                Planes.fromNormal(Vector3D.Unit.PLUS_Z, TEST_PRECISION).getEmbedding());

        // act
        final String str = ps.toString();

        // assert
        GeometryTestUtils.assertContains(""EmbeddedTreePlaneSubset[plane= EmbeddingPlane["", str);
        GeometryTestUtils.assertContains(""subspaceRegion= RegionBSPTree2D["", str);
    }",EmbeddedTreePlaneSubsetTest::testToString_oe
commons-geometry_1571,"@Test
    void testToList_oe() {
        // act
        final BoundarySource3D src = BoundarySource3D.of(
            Planes.convexPolygonFromVertices(
                    Arrays.asList(Vector3D.ZERO, Vector3D.Unit.PLUS_X, Vector3D.Unit.PLUS_Y), TEST_PRECISION)
        );

        // act
        final BoundaryList3D list = src.toList();

        // assert
        Assertions.assertEquals(1, list.count());
    }",BoundarySource3DTest::testToList_oe
commons-geometry_1572,"@Test
    void testToList_noBoundaries_oe() {
        // act
        final BoundarySource3D src = BoundarySource3D.of();

        // act
        final BoundaryList3D list = src.toList();

        // assert
        Assertions.assertEquals(0, list.count());
    }",BoundarySource3DTest::testToList_noBoundaries_oe
commons-geometry_1573,"@Test
    void testToTree_oe() {
        // act
        final PlaneConvexSubset a = Planes.convexPolygonFromVertices(
                Arrays.asList(Vector3D.ZERO, Vector3D.Unit.PLUS_X, Vector3D.Unit.PLUS_Y), TEST_PRECISION);
        final PlaneConvexSubset b = Planes.convexPolygonFromVertices(
                Arrays.asList(Vector3D.ZERO, Vector3D.Unit.PLUS_Y, Vector3D.Unit.MINUS_Z), TEST_PRECISION);

        final BoundarySource3D src = BoundarySource3D.of(a, b);

        // act
        final RegionBSPTree3D tree = src.toTree();

        // assert
        Assertions.assertEquals(5, tree.count());
        Assertions.assertFalse(tree.isFull());
        Assertions.assertFalse(tree.isEmpty());
    }",BoundarySource3DTest::testToTree_oe
commons-geometry_1574,"@Test
    void testToTree_noBoundaries_oe() {
        // act
        final BoundarySource3D src = BoundarySource3D.of();

        // act
        final RegionBSPTree3D tree = src.toTree();

        // assert
        Assertions.assertEquals(1, tree.count());
        Assertions.assertFalse(tree.isFull());
        Assertions.assertTrue(tree.isEmpty());
    }",BoundarySource3DTest::testToTree_noBoundaries_oe
commons-geometry_1575,"@Test
    void testOf_varargs_empty_oe() {
        // act
        final BoundarySource3D src = BoundarySource3D.of();

        // assert
        final List<PlaneConvexSubset> segments = src.boundaryStream().collect(Collectors.toList());
        Assertions.assertEquals(0, segments.size());
    }",BoundarySource3DTest::testOf_varargs_empty_oe
commons-geometry_1576,"@Test
    void testOf_varargs_oe() {
        // act
        final PlaneConvexSubset a = Planes.convexPolygonFromVertices(
                Arrays.asList(Vector3D.ZERO, Vector3D.Unit.PLUS_X, Vector3D.Unit.PLUS_Y), TEST_PRECISION);
        final PlaneConvexSubset b = Planes.convexPolygonFromVertices(
                Arrays.asList(Vector3D.ZERO, Vector3D.Unit.PLUS_Y, Vector3D.Unit.MINUS_Z), TEST_PRECISION);

        final BoundarySource3D src = BoundarySource3D.of(a, b);

        // assert
        final List<PlaneConvexSubset> boundaries = src.boundaryStream().collect(Collectors.toList());
        Assertions.assertEquals(2, boundaries.size());

        Assertions.assertSame(a, boundaries.get(0));
        Assertions.assertSame(b, boundaries.get(1));
    }",BoundarySource3DTest::testOf_varargs_oe
commons-geometry_1577,"@Test
    void testOf_list_empty_oe() {
        // arrange
        final List<PlaneConvexSubset> input = new ArrayList<>();

        // act
        final BoundarySource3D src = BoundarySource3D.of(input);

        // assert
        final List<PlaneConvexSubset> segments = src.boundaryStream().collect(Collectors.toList());
        Assertions.assertEquals(0, segments.size());
    }",BoundarySource3DTest::testOf_list_empty_oe
commons-geometry_1578,"@Test
    void testOf_list_oe() {
        // act
        final PlaneConvexSubset a = Planes.convexPolygonFromVertices(
                Arrays.asList(Vector3D.ZERO, Vector3D.Unit.PLUS_X, Vector3D.Unit.PLUS_Y), TEST_PRECISION);
        final PlaneConvexSubset b = Planes.convexPolygonFromVertices(
                Arrays.asList(Vector3D.ZERO, Vector3D.Unit.PLUS_Y, Vector3D.Unit.MINUS_Z), TEST_PRECISION);

        final List<PlaneConvexSubset> input = new ArrayList<>();
        input.add(a);
        input.add(b);

        final BoundarySource3D src = BoundarySource3D.of(input);

        // assert
        final List<PlaneConvexSubset> segments = src.boundaryStream().collect(Collectors.toList());
        Assertions.assertEquals(2, segments.size());

        Assertions.assertSame(a, segments.get(0));
        Assertions.assertSame(b, segments.get(1));
    }",BoundarySource3DTest::testOf_list_oe
commons-geometry_1579,"@Test
    void testFull_oe() {
        // act
        final ConvexVolume vol = ConvexVolume.full();

        // assert
        Assertions.assertTrue(vol.isFull());
        Assertions.assertFalse(vol.isEmpty());

        GeometryTestUtils.assertPositiveInfinity(vol.getSize());
        Assertions.assertNull(vol.getCentroid());

        Assertions.assertEquals(0, vol.getBoundaries().size());
        Assertions.assertEquals(0, vol.getBoundarySize(), TEST_EPS);
    }",ConvexVolumeTest::testFull_oe
commons-geometry_1580,"@Test
    void testBoundaryStream_oe() {
        // arrange
        final Plane plane = Planes.fromNormal(Vector3D.Unit.PLUS_Z, TEST_PRECISION);
        final ConvexVolume volume = ConvexVolume.fromBounds(plane);

        // act
        final List<PlaneConvexSubset> boundaries = volume.boundaryStream().collect(Collectors.toList());

        // assert
        Assertions.assertEquals(1, boundaries.size());

        final PlaneConvexSubset sp = boundaries.get(0);
        Assertions.assertEquals(0, sp.getEmbedded().getSubspaceRegion().getBoundaries().size());
        EuclideanTestUtils.assertCoordinatesEqual(plane.getOrigin(), sp.getPlane().getOrigin(), TEST_EPS);
        EuclideanTestUtils.assertCoordinatesEqual(plane.getNormal(), sp.getPlane().getNormal(), TEST_EPS);
    }",ConvexVolumeTest::testBoundaryStream_oe
commons-geometry_1581,"@Test
    void testBoundaryStream_noBoundaries_oe() {
        // arrange
        final ConvexVolume volume = ConvexVolume.full();

        // act
        final List<PlaneConvexSubset> boundaries = volume.boundaryStream().collect(Collectors.toList());

        // assert
        Assertions.assertEquals(0, boundaries.size());
    }",ConvexVolumeTest::testBoundaryStream_noBoundaries_oe
commons-geometry_1582,"@Test
    void testTriangleStream_noBoundaries_oe() {
        // arrange
        final ConvexVolume full = ConvexVolume.full();

        // act
        final List<Triangle3D> tris = full.triangleStream().collect(Collectors.toList());

        // act/assert
        Assertions.assertEquals(0, tris.size());
    }",ConvexVolumeTest::testTriangleStream_noBoundaries_oe
commons-geometry_1583,"@Test
    void testTriangleStream_infinite_oe() {
        // arrange
        final Pattern pattern = Pattern.compile(""^Cannot convert infinite plane subset to triangles: .*"");

        final ConvexVolume half = ConvexVolume.fromBounds(
                Planes.fromNormal(Vector3D.Unit.MINUS_X, TEST_PRECISION)
            );

        final ConvexVolume quadrant = ConvexVolume.fromBounds(
                    Planes.fromNormal(Vector3D.Unit.MINUS_X, TEST_PRECISION),
                    Planes.fromNormal(Vector3D.Unit.MINUS_Y, TEST_PRECISION),
                    Planes.fromNormal(Vector3D.Unit.MINUS_Z, TEST_PRECISION)
                );

        // act/assert
        GeometryTestUtils.assertThrowsWithMessage(() -> {
            half.triangleStream().collect(Collectors.toList());
        }, IllegalStateException.class, pattern);

        GeometryTestUtils.assertThrowsWithMessage(() -> {
            quadrant.triangleStream().collect(Collectors.toList());
        }, IllegalStateException.class, pattern);
    }",ConvexVolumeTest::testTriangleStream_infinite_oe
commons-geometry_1584,"@Test
    void testTriangleStream_finite_oe() {
        // arrange
        final Vector3D min = Vector3D.ZERO;
        final Vector3D max = Vector3D.of(1, 1, 1);

        final ConvexVolume box = ConvexVolume.fromBounds(
                    Planes.fromPointAndNormal(min, Vector3D.Unit.MINUS_X, TEST_PRECISION),
                    Planes.fromPointAndNormal(min, Vector3D.Unit.MINUS_Y, TEST_PRECISION),
                    Planes.fromPointAndNormal(min, Vector3D.Unit.MINUS_Z, TEST_PRECISION),

                    Planes.fromPointAndNormal(max, Vector3D.Unit.PLUS_X, TEST_PRECISION),
                    Planes.fromPointAndNormal(max, Vector3D.Unit.PLUS_Y, TEST_PRECISION),
                    Planes.fromPointAndNormal(max, Vector3D.Unit.PLUS_Z, TEST_PRECISION)
                );

        // act
        final List<Triangle3D> tris = box.triangleStream().collect(Collectors.toList());

        // assert
        Assertions.assertEquals(12, tris.size());

        final Bounds3D.Builder boundsBuilder = Bounds3D.builder();
        tris.forEach(t -> boundsBuilder.addAll(t.getVertices()));

        final Bounds3D bounds = boundsBuilder.build();
        EuclideanTestUtils.assertCoordinatesEqual(min, bounds.getMin(), TEST_EPS);
        EuclideanTestUtils.assertCoordinatesEqual(max, bounds.getMax(), TEST_EPS);
    }",ConvexVolumeTest::testTriangleStream_finite_oe
commons-geometry_1585,"@Test
    void testGetBounds_noBounds_oe() {
        // arrange
        final ConvexVolume full = ConvexVolume.full();
        final ConvexVolume halfFull = ConvexVolume.fromBounds(Planes.fromNormal(Vector3D.Unit.PLUS_Z, TEST_PRECISION));

        // act/assert
        Assertions.assertNull(full.getBounds());
        Assertions.assertNull(halfFull.getBounds());
    }",ConvexVolumeTest::testGetBounds_noBounds_oe
commons-geometry_1586,"@Test
    void testGetBounds_hasBounds_oe() {
        // arrange
        final ConvexVolume vol = rect(Vector3D.of(1, 1, 1), 0.5, 1, 2);

        // act
        final Bounds3D bounds = vol.getBounds();

        // assert
        EuclideanTestUtils.assertCoordinatesEqual(Vector3D.of(0.5, 0, -1), bounds.getMin(), TEST_EPS);
        EuclideanTestUtils.assertCoordinatesEqual(Vector3D.of(1.5, 2, 3), bounds.getMax(), TEST_EPS);
    }",ConvexVolumeTest::testGetBounds_hasBounds_oe
commons-geometry_1587,"@Test
    void testToList_full_oe() {
        // arrange
        final ConvexVolume volume = ConvexVolume.full();

        // act
        final BoundaryList3D list = volume.toList();

        // assert
        Assertions.assertEquals(0, list.count());
    }",ConvexVolumeTest::testToList_full_oe
commons-geometry_1588,"@Test
    void testToList_oe() {
        // arrange
        final ConvexVolume volume = ConvexVolume.fromBounds(
                    Planes.fromPointAndNormal(Vector3D.ZERO, Vector3D.Unit.MINUS_X, TEST_PRECISION),
                    Planes.fromPointAndNormal(Vector3D.ZERO, Vector3D.Unit.MINUS_Y, TEST_PRECISION),
                    Planes.fromPointAndNormal(Vector3D.ZERO, Vector3D.Unit.MINUS_Z, TEST_PRECISION),

                    Planes.fromPointAndNormal(Vector3D.of(1, 1, 1), Vector3D.Unit.PLUS_X, TEST_PRECISION),
                    Planes.fromPointAndNormal(Vector3D.of(1, 1, 1), Vector3D.Unit.PLUS_Y, TEST_PRECISION),
                    Planes.fromPointAndNormal(Vector3D.of(1, 1, 1), Vector3D.Unit.PLUS_Z, TEST_PRECISION)
                );

        // act
        final BoundaryList3D list = volume.toList();

        // assert
        Assertions.assertEquals(6, list.count());
        Assertions.assertEquals(1, list.toTree().getSize(), TEST_EPS);
    }",ConvexVolumeTest::testToList_oe
commons-geometry_1589,"@Test
    void testToTree_full_oe() {
        // arrange
        final ConvexVolume volume = ConvexVolume.full();

        // act
        final RegionBSPTree3D tree = volume.toTree();

        // assert
        Assertions.assertTrue(tree.isFull());
        Assertions.assertFalse(tree.isEmpty());
    }",ConvexVolumeTest::testToTree_full_oe
commons-geometry_1590,"@Test
    void testToTree_oe() {
        // arrange
        final ConvexVolume volume = ConvexVolume.fromBounds(
                    Planes.fromPointAndNormal(Vector3D.ZERO, Vector3D.Unit.MINUS_X, TEST_PRECISION),
                    Planes.fromPointAndNormal(Vector3D.ZERO, Vector3D.Unit.MINUS_Y, TEST_PRECISION),
                    Planes.fromPointAndNormal(Vector3D.ZERO, Vector3D.Unit.MINUS_Z, TEST_PRECISION),

                    Planes.fromPointAndNormal(Vector3D.of(1, 1, 1), Vector3D.Unit.PLUS_X, TEST_PRECISION),
                    Planes.fromPointAndNormal(Vector3D.of(1, 1, 1), Vector3D.Unit.PLUS_Y, TEST_PRECISION),
                    Planes.fromPointAndNormal(Vector3D.of(1, 1, 1), Vector3D.Unit.PLUS_Z, TEST_PRECISION)
                );

        // act
        final RegionBSPTree3D tree = volume.toTree();

        // assert
        Assertions.assertEquals(1, tree.getSize(), TEST_EPS);
        Assertions.assertEquals(6, tree.getBoundarySize(), TEST_EPS);
        EuclideanTestUtils.assertCoordinatesEqual(Vector3D.of(0.5, 0.5, 0.5), tree.getCentroid(), TEST_EPS);

        EuclideanTestUtils.assertRegionLocation(tree, RegionLocation.OUTSIDE,
                Vector3D.of(-1, 0.5, 0.5), Vector3D.of(2, 0.5, 0.5),
                Vector3D.of(0.5, -1, 0.5), Vector3D.of(0.5, 2, 0.5),
                Vector3D.of(0.5, 0.5, -1), Vector3D.of(0.5, 0.5, 2));
        EuclideanTestUtils.assertRegionLocation(tree, RegionLocation.BOUNDARY, Vector3D.ZERO);
        EuclideanTestUtils.assertRegionLocation(tree, RegionLocation.INSIDE, Vector3D.of(0.5, 0.5, 0.5));
    }",ConvexVolumeTest::testToTree_oe
commons-geometry_1591,"@Test
    void testFromBounds_noPlanes_oe() {
        // act
        final ConvexVolume vol = ConvexVolume.fromBounds();

        // assert
        Assertions.assertSame(ConvexVolume.full(), vol);
    }",ConvexVolumeTest::testFromBounds_noPlanes_oe
commons-geometry_1592,"@Test
    void testFromBounds_halfspace_oe() {
        // act
        final ConvexVolume vol = ConvexVolume.fromBounds(Planes.fromNormal(Vector3D.Unit.PLUS_Z, TEST_PRECISION));

        // assert
        Assertions.assertFalse(vol.isFull());
        Assertions.assertFalse(vol.isEmpty());

        GeometryTestUtils.assertPositiveInfinity(vol.getSize());
        Assertions.assertNull(vol.getCentroid());

        Assertions.assertEquals(1, vol.getBoundaries().size());
        GeometryTestUtils.assertPositiveInfinity(vol.getBoundarySize());

        EuclideanTestUtils.assertRegionLocation(vol, RegionLocation.OUTSIDE, Vector3D.of(0, 0, 1));
        EuclideanTestUtils.assertRegionLocation(vol, RegionLocation.BOUNDARY, Vector3D.of(0, 0, 0));
        EuclideanTestUtils.assertRegionLocation(vol, RegionLocation.INSIDE, Vector3D.of(0, 0, -1));
    }",ConvexVolumeTest::testFromBounds_halfspace_oe
commons-geometry_1593,"@Test
    void testFromBounds_cube_oe() {
        // act
        final ConvexVolume vol = rect(Vector3D.of(1, 1, 1), 0.5, 1, 2);

        // assert
        Assertions.assertFalse(vol.isFull());
        Assertions.assertFalse(vol.isEmpty());

        Assertions.assertEquals(8, vol.getSize(), TEST_EPS);
        EuclideanTestUtils.assertCoordinatesEqual(Vector3D.of(1, 1, 1), vol.getCentroid(), TEST_EPS);

        Assertions.assertEquals(6, vol.getBoundaries().size());
        Assertions.assertEquals(28, vol.getBoundarySize(), TEST_EPS);

        EuclideanTestUtils.assertRegionLocation(vol, RegionLocation.INSIDE, Vector3D.of(1, 1, 1));

        EuclideanTestUtils.assertRegionLocation(vol, RegionLocation.BOUNDARY,
                Vector3D.of(0.5, 0, -1), Vector3D.of(1.5, 2, 3));

        EuclideanTestUtils.assertRegionLocation(vol, RegionLocation.OUTSIDE,
                Vector3D.of(0, 1, 1), Vector3D.of(2, 1, 1),
                Vector3D.of(1, -1, 1), Vector3D.of(1, 3, 1),
                Vector3D.of(1, 1, -2), Vector3D.of(1, 1, 4));
    }",ConvexVolumeTest::testFromBounds_cube_oe
commons-geometry_1594,"@Test
    void testTrim_oe() {
        // arrange
        final ConvexVolume vol = rect(Vector3D.ZERO, 0.5, 0.5, 0.5);

        final PlaneConvexSubset subplane = Planes.subsetFromConvexArea(
                Planes.fromNormal(Vector3D.Unit.PLUS_X, TEST_PRECISION).getEmbedding(), ConvexArea.full());

        // act
        final PlaneConvexSubset trimmed = vol.trim(subplane);

        // assert
        Assertions.assertEquals(1, trimmed.getSize(), TEST_EPS);

        final List<Vector3D> vertices = trimmed.getVertices();

        Assertions.assertEquals(4, vertices.size());
        EuclideanTestUtils.assertCoordinatesEqual(Vector3D.of(0, 0.5, -0.5), vertices.get(0), TEST_EPS);
        EuclideanTestUtils.assertCoordinatesEqual(Vector3D.of(0, 0.5, 0.5), vertices.get(1), TEST_EPS);
        EuclideanTestUtils.assertCoordinatesEqual(Vector3D.of(0, -0.5, 0.5), vertices.get(2), TEST_EPS);
        EuclideanTestUtils.assertCoordinatesEqual(Vector3D.of(0, -0.5, -0.5), vertices.get(3), TEST_EPS);
    }",ConvexVolumeTest::testTrim_oe
commons-geometry_1595,"@Test
    void testSplit_oe() {
        // arrange
        final ConvexVolume vol = rect(Vector3D.ZERO, 0.5, 0.5, 0.5);

        final Plane splitter = Planes.fromNormal(Vector3D.Unit.PLUS_X, TEST_PRECISION);

        // act
        final Split<ConvexVolume> split = vol.split(splitter);

        // assert
        Assertions.assertEquals(SplitLocation.BOTH, split.getLocation());

        final ConvexVolume minus = split.getMinus();
        Assertions.assertEquals(0.5, minus.getSize(), TEST_EPS);
        EuclideanTestUtils.assertCoordinatesEqual(Vector3D.of(-0.25, 0, 0), minus.getCentroid(), TEST_EPS);

        final ConvexVolume plus = split.getPlus();
        Assertions.assertEquals(0.5, plus.getSize(), TEST_EPS);
        EuclideanTestUtils.assertCoordinatesEqual(Vector3D.of(0.25, 0, 0), plus.getCentroid(), TEST_EPS);
    }",ConvexVolumeTest::testSplit_oe
commons-geometry_1596,"@Test
    void testTransform_oe() {
        // arrange
        final ConvexVolume vol = rect(Vector3D.ZERO, 0.5, 0.5, 0.5);

        final Transform<Vector3D> transform = AffineTransformMatrix3D.identity()
                .translate(Vector3D.of(1, 2, 3))
                .scale(Vector3D.of(2, 1, 1));

        // act
        final ConvexVolume transformed = vol.transform(transform);

        // assert
        Assertions.assertEquals(2, transformed.getSize(), TEST_EPS);
        Assertions.assertEquals(10, transformed.getBoundarySize(), TEST_EPS);

        EuclideanTestUtils.assertCoordinatesEqual(Vector3D.of(2, 2, 3), transformed.getCentroid(), TEST_EPS);
    }",ConvexVolumeTest::testTransform_oe
commons-geometry_1597,"@Test
    void testConstants_normalize_oe() {
        // act/assert
        Assertions.assertThrows(IllegalArgumentException.class, Vector3D.ZERO::normalize);
        Assertions.assertThrows(IllegalArgumentException.class, Vector3D.NaN::normalize);
        Assertions.assertThrows(IllegalArgumentException.class, Vector3D.POSITIVE_INFINITY::normalize);
        Assertions.assertThrows(IllegalArgumentException.class, Vector3D.NEGATIVE_INFINITY::normalize);

        Assertions.assertSame(Vector3D.Unit.PLUS_X, Vector3D.Unit.PLUS_X.normalize());
        Assertions.assertSame(Vector3D.Unit.MINUS_X, Vector3D.Unit.MINUS_X.normalize());

        Assertions.assertSame(Vector3D.Unit.PLUS_Y, Vector3D.Unit.PLUS_Y.normalize());
        Assertions.assertSame(Vector3D.Unit.MINUS_Y, Vector3D.Unit.MINUS_Y.normalize());

        Assertions.assertSame(Vector3D.Unit.PLUS_Z, Vector3D.Unit.PLUS_Z.normalize());
        Assertions.assertSame(Vector3D.Unit.MINUS_Z, Vector3D.Unit.MINUS_Z.normalize());
    }",Vector3DTest::testConstants_normalize_oe
commons-geometry_1598,"@Test
    void testCoordinateAscendingOrder_oe() {
        // arrange
        final Comparator<Vector3D> cmp = Vector3D.COORDINATE_ASCENDING_ORDER;

        // act/assert
        Assertions.assertEquals(0, cmp.compare(Vector3D.of(1, 2, 3), Vector3D.of(1, 2, 3)));

        Assertions.assertEquals(-1, cmp.compare(Vector3D.of(0, 2, 3), Vector3D.of(1, 2, 3)));
        Assertions.assertEquals(-1, cmp.compare(Vector3D.of(1, 1, 3), Vector3D.of(1, 2, 3)));
        Assertions.assertEquals(-1, cmp.compare(Vector3D.of(1, 2, 2), Vector3D.of(1, 2, 3)));

        Assertions.assertEquals(1, cmp.compare(Vector3D.of(2, 2, 3), Vector3D.of(1, 2, 3)));
        Assertions.assertEquals(1, cmp.compare(Vector3D.of(1, 3, 3), Vector3D.of(1, 2, 3)));
        Assertions.assertEquals(1, cmp.compare(Vector3D.of(1, 2, 4), Vector3D.of(1, 2, 3)));

        Assertions.assertEquals(-1, cmp.compare(Vector3D.of(1, 2, 3), null));
        Assertions.assertEquals(1, cmp.compare(null, Vector3D.of(1, 2, 3)));
        Assertions.assertEquals(0, cmp.compare(null, null));
    }",Vector3DTest::testCoordinateAscendingOrder_oe
commons-geometry_1599,"@Test
    void testCoordinates_oe() {
        // arrange
        final Vector3D c = Vector3D.of(1, 2, 3);

        // act/assert
        Assertions.assertEquals(1.0, c.getX(), EPS);
        Assertions.assertEquals(2.0, c.getY(), EPS);
        Assertions.assertEquals(3.0, c.getZ(), EPS);
    }",Vector3DTest::testCoordinates_oe
commons-geometry_1600,"@Test
    void testToArray_oe() {
        // arrange
        final Vector3D c = Vector3D.of(1, 2, 3);

        // act
        final double[] arr = c.toArray();

        // assert
        Assertions.assertEquals(3, arr.length);
        Assertions.assertEquals(1.0, arr[0], EPS);
        Assertions.assertEquals(2.0, arr[1], EPS);
        Assertions.assertEquals(3.0, arr[2], EPS);
    }",Vector3DTest::testToArray_oe
commons-geometry_1601,"@Test
    void testDimension_oe() {
        // arrange
        final Vector3D c = Vector3D.of(1, 2, 3);

        // act/assert
        Assertions.assertEquals(3, c.getDimension());
    }",Vector3DTest::testDimension_oe
commons-geometry_1602,"@Test
    void testNaN_oe() {
        // act/assert
        Assertions.assertTrue(Vector3D.of(0, 0, Double.NaN).isNaN());
        Assertions.assertTrue(Vector3D.of(0, Double.NaN, 0).isNaN());
        Assertions.assertTrue(Vector3D.of(Double.NaN, 0, 0).isNaN());

        Assertions.assertFalse(Vector3D.of(1, 1, 1).isNaN());
        Assertions.assertFalse(Vector3D.of(1, 1, Double.NEGATIVE_INFINITY).isNaN());
        Assertions.assertFalse(Vector3D.of(1, Double.POSITIVE_INFINITY, 1).isNaN());
        Assertions.assertFalse(Vector3D.of(Double.NEGATIVE_INFINITY, 1, 1).isNaN());
    }",Vector3DTest::testNaN_oe
commons-geometry_1603,"@Test
    void testInfinite_oe() {
        // act/assert
        Assertions.assertTrue(Vector3D.of(0, 0, Double.NEGATIVE_INFINITY).isInfinite());
        Assertions.assertTrue(Vector3D.of(0, Double.NEGATIVE_INFINITY, 0).isInfinite());
        Assertions.assertTrue(Vector3D.of(Double.NEGATIVE_INFINITY, 0, 0).isInfinite());
        Assertions.assertTrue(Vector3D.of(0, 0, Double.POSITIVE_INFINITY).isInfinite());
        Assertions.assertTrue(Vector3D.of(0, Double.POSITIVE_INFINITY, 0).isInfinite());
        Assertions.assertTrue(Vector3D.of(Double.POSITIVE_INFINITY, 0, 0).isInfinite());

        Assertions.assertFalse(Vector3D.of(1, 1, 1).isInfinite());
        Assertions.assertFalse(Vector3D.of(0, 0, Double.NaN).isInfinite());
        Assertions.assertFalse(Vector3D.of(0, Double.NEGATIVE_INFINITY, Double.NaN).isInfinite());
        Assertions.assertFalse(Vector3D.of(Double.NaN, 0, Double.NEGATIVE_INFINITY).isInfinite());
        Assertions.assertFalse(Vector3D.of(Double.POSITIVE_INFINITY, Double.NaN, 0).isInfinite());
        Assertions.assertFalse(Vector3D.of(0, Double.NaN, Double.POSITIVE_INFINITY).isInfinite());
    }",Vector3DTest::testInfinite_oe
commons-geometry_1604,"@Test
    void testFinite_oe() {
        // act/assert
        Assertions.assertTrue(Vector3D.ZERO.isFinite());
        Assertions.assertTrue(Vector3D.of(1, 1, 1).isFinite());

        Assertions.assertFalse(Vector3D.of(0, 0, Double.NEGATIVE_INFINITY).isFinite());
        Assertions.assertFalse(Vector3D.of(0, Double.NEGATIVE_INFINITY, 0).isFinite());
        Assertions.assertFalse(Vector3D.of(Double.NEGATIVE_INFINITY, 0, 0).isFinite());
        Assertions.assertFalse(Vector3D.of(0, 0, Double.POSITIVE_INFINITY).isFinite());
        Assertions.assertFalse(Vector3D.of(0, Double.POSITIVE_INFINITY, 0).isFinite());
        Assertions.assertFalse(Vector3D.of(Double.POSITIVE_INFINITY, 0, 0).isFinite());

        Assertions.assertFalse(Vector3D.of(0, 0, Double.NaN).isFinite());
        Assertions.assertFalse(Vector3D.of(0, Double.NEGATIVE_INFINITY, Double.NaN).isFinite());
        Assertions.assertFalse(Vector3D.of(Double.NaN, 0, Double.NEGATIVE_INFINITY).isFinite());
        Assertions.assertFalse(Vector3D.of(Double.POSITIVE_INFINITY, Double.NaN, 0).isFinite());
        Assertions.assertFalse(Vector3D.of(0, Double.NaN, Double.POSITIVE_INFINITY).isFinite());
    }",Vector3DTest::testFinite_oe
commons-geometry_1605,"@Test
    void testZero_oe() {
        // act
        final Vector3D zero = Vector3D.of(1, 2, 3).getZero();

        // assert
        checkVector(zero, 0, 0, 0);
        Assertions.assertEquals(0, zero.norm(), EPS);
    }",Vector3DTest::testZero_oe
commons-geometry_1606,"@Test
    void testNorm_oe() {
        // act/assert
        Assertions.assertEquals(0.0, Vector3D.ZERO.norm(), 0);
        Assertions.assertEquals(Math.sqrt(29), Vector3D.of(2, 3, 4).norm(), EPS);
        Assertions.assertEquals(Math.sqrt(29), Vector3D.of(-2, -3, -4).norm(), EPS);
    }",Vector3DTest::testNorm_oe
commons-geometry_1607,"@Test
    void testNorm_unitVectors_oe() {
        // arrange
        final Vector3D v = Vector3D.of(1.0, 2.0, 3.0).normalize();

        // act/assert
        Assertions.assertEquals(1.0, v.norm(), 0.0);
    }",Vector3DTest::testNorm_unitVectors_oe
commons-geometry_1608,"@Test
    void testNormSq_oe() {
        // act/assert
        Assertions.assertEquals(0.0, Vector3D.ZERO.normSq(), 0);
        Assertions.assertEquals(29, Vector3D.of(2, 3, 4).normSq(), EPS);
        Assertions.assertEquals(29, Vector3D.of(-2, -3, -4).normSq(), EPS);
    }",Vector3DTest::testNormSq_oe
commons-geometry_1609,"@Test
    void testNormSq_unitVectors_oe() {
        // arrange
        final Vector3D v = Vector3D.of(1.0, 2.0, 3.0).normalize();

        // act/assert
        Assertions.assertEquals(1.0, v.normSq(), 0.0);
    }",Vector3DTest::testNormSq_unitVectors_oe
commons-geometry_1610,"@Test
    void testWithNorm_oe() {
        // arrange
        final double x = 2;
        final double y = 3;
        final double z = 4;

        final double len = Math.sqrt((x * x) + (y * y) + (z * z));

        final double normX = x / len;
        final double normY = y / len;
        final double normZ = z / len;

        // act/assert
        checkVector(Vector3D.of(x, y, z).withNorm(0.0), 0.0, 0.0, 0.0);

        checkVector(Vector3D.of(x, y, z).withNorm(1.0), normX, normY, normZ);
        checkVector(Vector3D.of(x, y, -z).withNorm(1.0), normX, normY, -normZ);
        checkVector(Vector3D.of(x, -y, z).withNorm(1.0), normX, -normY, normZ);
        checkVector(Vector3D.of(x, -y, -z).withNorm(1.0), normX, -normY, -normZ);
        checkVector(Vector3D.of(-x, y, z).withNorm(1.0), -normX, normY, normZ);
        checkVector(Vector3D.of(-x, y, -z).withNorm(1.0), -normX, normY, -normZ);
        checkVector(Vector3D.of(-x, -y, z).withNorm(1.0), -normX, -normY, normZ);
        checkVector(Vector3D.of(-x, -y, -z).withNorm(1.0), -normX, -normY, -normZ);

        checkVector(Vector3D.of(x, y, z).withNorm(0.5), 0.5 * normX, 0.5 * normY, 0.5 * normZ);
        checkVector(Vector3D.of(x, y, z).withNorm(3), 3 * normX, 3 * normY, 3 * normZ);

        checkVector(Vector3D.of(x, y, z).withNorm(-0.5), -0.5 * normX, -0.5 * normY, -0.5 * normZ);
        checkVector(Vector3D.of(x, y, z).withNorm(-3), -3 * normX, -3 * normY, -3 * normZ);

        for (int i = 0; i <= 10; i++) {
            final double mag = i * 0.12345 - 5;
            Assertions.assertEquals(Math.abs(mag), Vector3D.of(x, y, z).withNorm(mag).norm(), EPS);
        }
    }",Vector3DTest::testWithNorm_oe
commons-geometry_1611,"@Test
    void testWithNorm_illegalNorm_oe() {
        // act/assert
        Assertions.assertThrows(IllegalArgumentException.class, () -> Vector3D.ZERO.withNorm(2.0));
        Assertions.assertThrows(IllegalArgumentException.class, () -> Vector3D.NaN.withNorm(2.0));
        Assertions.assertThrows(IllegalArgumentException.class, () -> Vector3D.POSITIVE_INFINITY.withNorm(2.0));
        Assertions.assertThrows(IllegalArgumentException.class, () -> Vector3D.NEGATIVE_INFINITY.withNorm(2.0));
    }",Vector3DTest::testWithNorm_illegalNorm_oe
commons-geometry_1612,"@Test
    void testWithNorm_unitVectors_oe() {
        // arrange
        final Vector3D v = Vector3D.of(2.0, -3.0, 4.0).normalize();

        // act/assert
        checkVector(Vector3D.Unit.PLUS_X.withNorm(2.5), 2.5, 0.0, 0.0);
        checkVector(Vector3D.Unit.MINUS_Y.withNorm(3.14), 0.0, -3.14, 0.0);
        checkVector(Vector3D.Unit.PLUS_Z.withNorm(-1.1), 0.0, 0.0, -1.1);

        for (double mag = -10.0; mag <= 10.0; ++mag) {
            Assertions.assertEquals(Math.abs(mag), v.withNorm(mag).norm(), EPS);
        }
    }",Vector3DTest::testWithNorm_unitVectors_oe
commons-geometry_1613,"@Test
    void testNormalize_oe() {
        // arrange
        final double invSqrt3 = 1 / Math.sqrt(3);

        // act/assert
        checkVector(Vector3D.of(100, 0, 0).normalize(), 1, 0, 0);
        checkVector(Vector3D.of(-100, 0, 0).normalize(), -1, 0, 0);

        checkVector(Vector3D.of(0, 100, 0).normalize(), 0, 1, 0);
        checkVector(Vector3D.of(0, -100, 0).normalize(), 0, -1, 0);

        checkVector(Vector3D.of(0, 0, 100).normalize(), 0, 0, 1);
        checkVector(Vector3D.of(0, 0, -100).normalize(), 0, 0, -1);

        checkVector(Vector3D.of(2, 2, 2).normalize(), invSqrt3, invSqrt3, invSqrt3);
        checkVector(Vector3D.of(-2, -2, -2).normalize(), -invSqrt3, -invSqrt3, -invSqrt3);

        checkVector(Vector3D.of(Double.MIN_VALUE, 0, 0).normalize(), 1, 0, 0);
        checkVector(Vector3D.of(0, Double.MIN_VALUE, 0).normalize(), 0, 1, 0);
        checkVector(Vector3D.of(0, 0, Double.MIN_VALUE).normalize(), 0, 0, 1);

        checkVector(Vector3D.of(-Double.MIN_VALUE, Double.MIN_VALUE, Double.MIN_VALUE).normalize(),
                -invSqrt3, invSqrt3, invSqrt3);

        checkVector(Vector3D.of(Double.MIN_NORMAL, 0, 0).normalize(), 1, 0, 0);
        checkVector(Vector3D.of(0, Double.MIN_NORMAL, 0).normalize(), 0, 1, 0);
        checkVector(Vector3D.of(0, 0, Double.MIN_NORMAL).normalize(), 0, 0, 1);

        checkVector(Vector3D.of(Double.MIN_NORMAL, Double.MIN_NORMAL, -Double.MIN_NORMAL).normalize(),
                invSqrt3, invSqrt3, -invSqrt3);

        checkVector(Vector3D.of(Double.MAX_VALUE, -Double.MAX_VALUE, Double.MAX_VALUE).normalize(),
                invSqrt3, -invSqrt3, invSqrt3);

        Assertions.assertEquals(1.0, Vector3D.of(5, -4, 2).normalize().norm(), EPS);
    }",Vector3DTest::testNormalize_oe
commons-geometry_1614,"@Test
    void testNormalize_illegalNorm_oe() {
        // arrange
        final Pattern illegalNorm = Pattern.compile(""^Illegal norm: (0\\.0|-?Infinity|NaN)"");

        // act/assert
        GeometryTestUtils.assertThrowsWithMessage(Vector3D.ZERO::normalize,
                IllegalArgumentException.class, illegalNorm);
        GeometryTestUtils.assertThrowsWithMessage(Vector3D.NaN::normalize,
                IllegalArgumentException.class, illegalNorm);
        GeometryTestUtils.assertThrowsWithMessage(Vector3D.POSITIVE_INFINITY::normalize,
                IllegalArgumentException.class, illegalNorm);
        GeometryTestUtils.assertThrowsWithMessage(Vector3D.NEGATIVE_INFINITY::normalize,
                IllegalArgumentException.class, illegalNorm);
    }",Vector3DTest::testNormalize_illegalNorm_oe
commons-geometry_1615,"@Test
    void testNormalize_isIdempotent_oe() {
        // arrange
        final double invSqrt3 = 1 / Math.sqrt(3);
        final Vector3D v = Vector3D.of(2, 2, 2).normalize();

        // act/assert
        Assertions.assertSame(v, v.normalize());
        checkVector(v.normalize(), invSqrt3, invSqrt3, invSqrt3);
    }",Vector3DTest::testNormalize_isIdempotent_oe
commons-geometry_1616,"@Test
    void testNormalizeOrNull_oe() {
        // arrange
        final double invSqrt3 = 1 / Math.sqrt(3);

        // act/assert
        checkVector(Vector3D.of(100, 0, 0).normalizeOrNull(), 1, 0, 0);
        checkVector(Vector3D.of(-100, 0, 0).normalizeOrNull(), -1, 0, 0);

        checkVector(Vector3D.of(2, 2, 2).normalizeOrNull(), invSqrt3, invSqrt3, invSqrt3);
        checkVector(Vector3D.of(-2, -2, -2).normalizeOrNull(), -invSqrt3, -invSqrt3, -invSqrt3);

        checkVector(Vector3D.of(Double.MIN_VALUE, 0, 0).normalizeOrNull(), 1, 0, 0);
        checkVector(Vector3D.of(0, Double.MIN_VALUE, 0).normalizeOrNull(), 0, 1, 0);
        checkVector(Vector3D.of(0, 0, Double.MIN_VALUE).normalizeOrNull(), 0, 0, 1);

        checkVector(Vector3D.of(-Double.MIN_VALUE, Double.MIN_VALUE, Double.MIN_VALUE).normalizeOrNull(),
                -invSqrt3, invSqrt3, invSqrt3);

        checkVector(Vector3D.of(Double.MIN_NORMAL, Double.MIN_NORMAL, -Double.MIN_NORMAL).normalizeOrNull(),
                invSqrt3, invSqrt3, -invSqrt3);

        checkVector(Vector3D.of(-Double.MAX_VALUE, -Double.MAX_VALUE, -Double.MAX_VALUE).normalizeOrNull(),
                -invSqrt3, -invSqrt3, -invSqrt3);

        Assertions.assertNull(Vector3D.ZERO.normalizeOrNull());
        Assertions.assertNull(Vector3D.NaN.normalizeOrNull());
        Assertions.assertNull(Vector3D.POSITIVE_INFINITY.normalizeOrNull());
        Assertions.assertNull(Vector3D.NEGATIVE_INFINITY.normalizeOrNull());
    }",Vector3DTest::testNormalizeOrNull_oe
commons-geometry_1617,"@Test
    void testNormalizeOrNull_isIdempotent_oe() {
        // arrange
        final double invSqrt3 = 1 / Math.sqrt(3);
        final Vector3D v = Vector3D.of(2, 2, 2).normalizeOrNull();

        // act/assert
        Assertions.assertSame(v, v.normalizeOrNull());
        checkVector(v.normalizeOrNull(), invSqrt3, invSqrt3, invSqrt3);
    }",Vector3DTest::testNormalizeOrNull_isIdempotent_oe
commons-geometry_1618,"@Test
    void testOrthogonal_oe() {
        // arrange
        final Vector3D v1 = Vector3D.of(0.1, 2.5, 1.3);
        final Vector3D v2 = Vector3D.of(2.3, -0.003, 7.6);
        final Vector3D v3 = Vector3D.of(-1.7, 1.4, 0.2);
        final Vector3D v4 = Vector3D.of(4.2, 0.1, -1.8);

        // act/assert
        Assertions.assertEquals(0.0, v1.dot(v1.orthogonal()), EPS);
        Assertions.assertEquals(0.0, v2.dot(v2.orthogonal()), EPS);
        Assertions.assertEquals(0.0, v3.dot(v3.orthogonal()), EPS);
        Assertions.assertEquals(0.0, v4.dot(v4.orthogonal()), EPS);
    }",Vector3DTest::testOrthogonal_oe
commons-geometry_1619,"@Test
    void testOrthogonal_illegalNorm_oe() {
        // act/assert
        Assertions.assertThrows(IllegalArgumentException.class, Vector3D.ZERO::orthogonal);
        Assertions.assertThrows(IllegalArgumentException.class, Vector3D.NaN::orthogonal);
        Assertions.assertThrows(IllegalArgumentException.class, Vector3D.POSITIVE_INFINITY::orthogonal);
        Assertions.assertThrows(IllegalArgumentException.class, Vector3D.NEGATIVE_INFINITY::orthogonal);
    }",Vector3DTest::testOrthogonal_illegalNorm_oe
commons-geometry_1620,"@Test
    void testOrthogonal_givenDirection_illegalNorm_oe() {
        // act/assert

        Assertions.assertThrows(IllegalArgumentException.class, () ->  Vector3D.ZERO.orthogonal(Vector3D.Unit.PLUS_X));
        Assertions.assertThrows(IllegalArgumentException.class, () ->  Vector3D.NaN.orthogonal(Vector3D.Unit.PLUS_X));
        Assertions.assertThrows(IllegalArgumentException.class, () ->  Vector3D.POSITIVE_INFINITY.orthogonal(Vector3D.Unit.PLUS_X));
        Assertions.assertThrows(IllegalArgumentException.class, () ->  Vector3D.NEGATIVE_INFINITY.orthogonal(Vector3D.Unit.PLUS_X));
        Assertions.assertThrows(IllegalArgumentException.class, () ->  Vector3D.Unit.PLUS_X.orthogonal(Vector3D.ZERO));
        Assertions.assertThrows(IllegalArgumentException.class, () ->  Vector3D.Unit.PLUS_X.orthogonal(Vector3D.NaN));
        Assertions.assertThrows(IllegalArgumentException.class, () ->  Vector3D.Unit.PLUS_X.orthogonal(Vector3D.POSITIVE_INFINITY));
        Assertions.assertThrows(IllegalArgumentException.class, () ->  Vector3D.Unit.PLUS_X.orthogonal(Vector3D.NEGATIVE_INFINITY));
    }",Vector3DTest::testOrthogonal_givenDirection_illegalNorm_oe
commons-geometry_1621,"@Test
    void testOrthogonal_givenDirection_directionIsCollinear_oe() {
        // act/assert
        Assertions.assertThrows(IllegalArgumentException.class, () ->  Vector3D.Unit.PLUS_X.orthogonal(Vector3D.Unit.PLUS_X));
        Assertions.assertThrows(IllegalArgumentException.class, () ->  Vector3D.Unit.PLUS_X.orthogonal(Vector3D.Unit.MINUS_X));
        Assertions.assertThrows(IllegalArgumentException.class, () ->  Vector3D.of(1.0, 1.0, 1.0).orthogonal(Vector3D.of(2.0, 2.0, 2.0)));
        Assertions.assertThrows(IllegalArgumentException.class, () ->  Vector3D.of(-1.01, -1.01, -1.01).orthogonal(Vector3D.of(20.1, 20.1, 20.1)));
    }",Vector3DTest::testOrthogonal_givenDirection_directionIsCollinear_oe
commons-geometry_1622,"@Test
    void testAngle_oe() {
        // arrange
        final double tolerance = 1e-10;

        final Vector3D v1 = Vector3D.of(1, 2, 3);
        final Vector3D v2 = Vector3D.of(4, 5, 6);

        // act/assert
        Assertions.assertEquals(0.22572612855273393616, v1.angle(v2), tolerance);
        Assertions.assertEquals(7.98595620686106654517199e-8, v1.angle(Vector3D.of(2, 4, 6.000001)), tolerance);
        Assertions.assertEquals(3.14159257373023116985197793156, v1.angle(Vector3D.of(-2, -4, -6.000001)), tolerance);

        Assertions.assertEquals(0.0, Vector3D.Unit.PLUS_X.angle(Vector3D.Unit.PLUS_X), tolerance);
        Assertions.assertEquals(Math.PI, Vector3D.Unit.PLUS_X.angle(Vector3D.Unit.MINUS_X), tolerance);

        Assertions.assertEquals(Angle.PI_OVER_TWO, Vector3D.Unit.PLUS_X.angle(Vector3D.Unit.PLUS_Y), tolerance);
        Assertions.assertEquals(Angle.PI_OVER_TWO, Vector3D.Unit.PLUS_X.angle(Vector3D.Unit.MINUS_Y), tolerance);
        Assertions.assertEquals(Angle.PI_OVER_TWO, Vector3D.Unit.PLUS_X.angle(Vector3D.Unit.PLUS_Z), tolerance);
        Assertions.assertEquals(Angle.PI_OVER_TWO, Vector3D.Unit.PLUS_X.angle(Vector3D.Unit.MINUS_Z), tolerance);
    }",Vector3DTest::testAngle_oe
commons-geometry_1623,"@Test
    void testAngle_illegalNorm_oe() {
        // arrange
        final Vector3D v = Vector3D.of(1.0, 1.0, 1.0);

        // act/assert

        Assertions.assertThrows(IllegalArgumentException.class, () ->  Vector3D.ZERO.angle(v));
        Assertions.assertThrows(IllegalArgumentException.class, () ->  Vector3D.NaN.angle(v));
        Assertions.assertThrows(IllegalArgumentException.class, () ->  Vector3D.POSITIVE_INFINITY.angle(v));
        Assertions.assertThrows(IllegalArgumentException.class, () ->  Vector3D.NEGATIVE_INFINITY.angle(v));
        Assertions.assertThrows(IllegalArgumentException.class, () ->  v.angle(Vector3D.ZERO));
        Assertions.assertThrows(IllegalArgumentException.class, () ->  v.angle(Vector3D.NaN));
        Assertions.assertThrows(IllegalArgumentException.class, () ->  v.angle(Vector3D.POSITIVE_INFINITY));
        Assertions.assertThrows(IllegalArgumentException.class, () ->  v.angle(Vector3D.NEGATIVE_INFINITY));
    }",Vector3DTest::testAngle_illegalNorm_oe
commons-geometry_1624,"@Test
    void testAngle_angularSeparation_oe() {
        // arrange
        final Vector3D v1 = Vector3D.of(2, -1, 4);

        final Vector3D  k = v1.normalize();
        final Vector3D  i = k.orthogonal();
        final Vector3D v2 = k.multiply(Math.cos(1.2)).add(i.multiply(Math.sin(1.2)));

        // act/assert
        Assertions.assertTrue(Math.abs(v1.angle(v2) - 1.2) < 1.0e-12);
    }",Vector3DTest::testAngle_angularSeparation_oe
commons-geometry_1625,"@Test
    void testCrossProduct_nearlyAntiParallel_oe() {
        // the vectors u1 and u2 are nearly but not exactly anti-parallel
        // (7.31e-16 degrees from 180 degrees) naive cross product (i.e.
        // computing u1.x * u2.x + u1.y * u2.y + u1.z * u2.z
        // leads to a result of   [0.0009765, -0.0001220, -0.0039062],
        // instead of the correct [0.0006913, -0.0001254, -0.0007909]

        // arrange
        final Vector3D u1 = Vector3D.of(-1321008684645961.0 / 268435456.0,
                                         -5774608829631843.0 / 268435456.0,
                                         -7645843051051357.0 / 8589934592.0);
        final Vector3D u2 = Vector3D.of(1796571811118507.0 / 2147483648.0,
                                          7853468008299307.0 / 2147483648.0,
                                          2599586637357461.0 / 17179869184.0);
        final Vector3D u3 = Vector3D.of(12753243807587107.0 / 18446744073709551616.0,
                                         -2313766922703915.0 / 18446744073709551616.0,
                                          -227970081415313.0 / 288230376151711744.0);

        // act
        final Vector3D cNaive = Vector3D.of(u1.getY() * u2.getZ() - u1.getZ() * u2.getY(),
                                       u1.getZ() * u2.getX() - u1.getX() * u2.getZ(),
                                       u1.getX() * u2.getY() - u1.getY() * u2.getX());
        final Vector3D cAccurate = u1.cross(u2);

        // assert
        Assertions.assertTrue(u3.distance(cNaive) > 2.9 * u3.norm());
        Assertions.assertEquals(0.0, u3.distance(cAccurate), 1.0e-30 * cAccurate.norm());
    }",Vector3DTest::testCrossProduct_nearlyAntiParallel_oe
commons-geometry_1626,"@Test
    void testCrossProduct_accuracy_oe() {
        // we compare accurate versus naive cross product implementations
        // on regular vectors (i.e. not extreme cases like in the previous test)
        final UniformRandomProvider random = RandomSource.create(RandomSource.WELL_1024_A, 885362227452043215L);
        for (int i = 0; i < 10000; ++i) {
            // arrange
            final double ux = 10000 * random.nextDouble();
            final double uy = 10000 * random.nextDouble();
            final double uz = 10000 * random.nextDouble();
            final double vx = 10000 * random.nextDouble();
            final double vy = 10000 * random.nextDouble();
            final double vz = 10000 * random.nextDouble();

            // act
            final Vector3D cNaive = Vector3D.of(uy * vz - uz * vy, uz * vx - ux * vz, ux * vy - uy * vx);
            final Vector3D cAccurate = Vector3D.of(ux, uy, uz).cross(Vector3D.of(vx, vy, vz));

            // assert
            Assertions.assertEquals(0.0, cAccurate.distance(cNaive), 6.0e-15 * cAccurate.norm());
        }
    }",Vector3DTest::testCrossProduct_accuracy_oe
commons-geometry_1627,"@Test
    void testDistance_oe() {
        // arrange
        final Vector3D v1 = Vector3D.of(1, -2, 3);
        final Vector3D v2 = Vector3D.of(-4, 2, 0);
        final Vector3D v3 = Vector3D.of(5, -6, -7);

        // act/assert
        Assertions.assertEquals(0.0, v1.distance(v1), EPS);
        Assertions.assertEquals(0.0, v2.distance(v2), EPS);

        Assertions.assertEquals(Math.sqrt(50), v1.distance(v2), EPS);
        Assertions.assertEquals(Math.sqrt(50), v2.distance(v1), EPS);

        Assertions.assertEquals(v1.subtract(v2).norm(), v1.distance(v2), EPS);

        Assertions.assertEquals(Math.sqrt(132), v1.distance(v3), EPS);
        Assertions.assertEquals(Math.sqrt(132), v3.distance(v1), EPS);
    }",Vector3DTest::testDistance_oe
commons-geometry_1628,"@Test
    void testDistanceSq_oe() {
        // arrange
        final Vector3D v1 = Vector3D.of(1, -2, 3);
        final Vector3D v2 = Vector3D.of(-4, 2, 0);
        final Vector3D v3 = Vector3D.of(5, -6, -7);

        // act/assert
        Assertions.assertEquals(0.0, v1.distanceSq(v1), EPS);
        Assertions.assertEquals(0.0, v2.distanceSq(v2), EPS);

        Assertions.assertEquals(50, v1.distanceSq(v2), EPS);
        Assertions.assertEquals(50, v2.distanceSq(v1), EPS);

        Assertions.assertEquals(v1.subtract(v2).normSq(), v1.distanceSq(v2), EPS);

        Assertions.assertEquals(132, v1.distanceSq(v3), EPS);
        Assertions.assertEquals(132, v3.distanceSq(v1), EPS);
    }",Vector3DTest::testDistanceSq_oe
commons-geometry_1629,"@Test
    void testDotProduct_oe() {
        // arrange
        final Vector3D v1 = Vector3D.of(1, -2, 3);
        final Vector3D v2 = Vector3D.of(-4, 5, -6);
        final Vector3D v3 = Vector3D.of(7, 8, 9);

        // act/assert
        Assertions.assertEquals(14, v1.dot(v1), EPS);

        Assertions.assertEquals(-32, v1.dot(v2), EPS);
        Assertions.assertEquals(-32, v2.dot(v1), EPS);

        Assertions.assertEquals(18, v1.dot(v3), EPS);
        Assertions.assertEquals(18, v3.dot(v1), EPS);
    }",Vector3DTest::testDotProduct_oe
commons-geometry_1630,"@Test
    void testDotProduct_nearlyOrthogonal_oe() {
        // the following two vectors are nearly but not exactly orthogonal
        // naive dot product (i.e. computing u1.x * u2.x + u1.y * u2.y + u1.z * u2.z
        // leads to a result of 0.0, instead of the correct -1.855129...

        // arrange
        final Vector3D u1 = Vector3D.of(-1321008684645961.0 /  268435456.0,
                                   -5774608829631843.0 /  268435456.0,
                                   -7645843051051357.0 / 8589934592.0);
        final Vector3D u2 = Vector3D.of(-5712344449280879.0 /    2097152.0,
                                   -4550117129121957.0 /    2097152.0,
                                    8846951984510141.0 /     131072.0);

        // act
        final double sNaive = u1.getX() * u2.getX() + u1.getY() * u2.getY() + u1.getZ() * u2.getZ();
        final double sAccurate = u1.dot(u2);

        // assert
        Assertions.assertEquals(0.0, sNaive, 1.0e-30);
        Assertions.assertEquals(-2088690039198397.0 / 1125899906842624.0, sAccurate, 1.0e-15);
    }",Vector3DTest::testDotProduct_nearlyOrthogonal_oe
commons-geometry_1631,"@Test
    void testDotProduct_accuracy_oe() {
        // we compare accurate versus naive dot product implementations
        // on regular vectors (i.e. not extreme cases like in the previous test)
        final UniformRandomProvider random = RandomSource.create(RandomSource.WELL_1024_A, 553267312521321237L);
        for (int i = 0; i < 10000; ++i) {
            // arrange
            final double ux = 10000 * random.nextDouble();
            final double uy = 10000 * random.nextDouble();
            final double uz = 10000 * random.nextDouble();
            final double vx = 10000 * random.nextDouble();
            final double vy = 10000 * random.nextDouble();
            final double vz = 10000 * random.nextDouble();

            // act
            final double sNaive = ux * vx + uy * vy + uz * vz;
            final double sAccurate = Vector3D.of(ux, uy, uz).dot(Vector3D.of(vx, vy, vz));

            // assert
            Assertions.assertEquals(sNaive, sAccurate, 2.5e-16 * sAccurate);
        }
    }",Vector3DTest::testDotProduct_accuracy_oe
commons-geometry_1632,"@Test
    void testProject_baseHasIllegalNorm_oe() {
        // arrange
        final Vector3D v = Vector3D.of(1.0, 1.0, 1.0);

        // act/assert
        Assertions.assertThrows(IllegalArgumentException.class, () -> v.project(Vector3D.ZERO));
        Assertions.assertThrows(IllegalArgumentException.class, () -> v.project(Vector3D.NaN));
        Assertions.assertThrows(IllegalArgumentException.class, () -> v.project(Vector3D.POSITIVE_INFINITY));
        Assertions.assertThrows(IllegalArgumentException.class, () ->  v.project(Vector3D.NEGATIVE_INFINITY));
    }",Vector3DTest::testProject_baseHasIllegalNorm_oe
commons-geometry_1633,"@Test
    void testReject_baseHasIllegalNorm_oe() {
        // arrange
        final Vector3D v = Vector3D.of(1.0, 1.0, 1.0);

        // act/assert

        Assertions.assertThrows(IllegalArgumentException.class, () -> v.reject(Vector3D.ZERO));
        Assertions.assertThrows(IllegalArgumentException.class, () -> v.reject(Vector3D.NaN));
        Assertions.assertThrows(IllegalArgumentException.class, () -> v.reject(Vector3D.POSITIVE_INFINITY));
        Assertions.assertThrows(IllegalArgumentException.class, () -> v.reject(Vector3D.NEGATIVE_INFINITY));

    }",Vector3DTest::testReject_baseHasIllegalNorm_oe
commons-geometry_1634,"@Test
    void testDirectionTo_illegalNorm_oe() {
        // arrange
        final Vector3D p = Vector3D.of(1, 2, 3);

        // act/assert
        Assertions.assertThrows(IllegalArgumentException.class, () ->  Vector3D.ZERO.directionTo(Vector3D.ZERO));
        Assertions.assertThrows(IllegalArgumentException.class, () ->  p.directionTo(p));
        Assertions.assertThrows(IllegalArgumentException.class, () ->  Vector3D.NEGATIVE_INFINITY.directionTo(p));
        Assertions.assertThrows(IllegalArgumentException.class, () ->  p.directionTo(Vector3D.POSITIVE_INFINITY));
    }",Vector3DTest::testDirectionTo_illegalNorm_oe
commons-geometry_1635,"@Test
    void testPrecisionEquals_oe() {
        // arrange
        final Precision.DoubleEquivalence smallEps = Precision.doubleEquivalenceOfEpsilon(1e-6);
        final Precision.DoubleEquivalence largeEps = Precision.doubleEquivalenceOfEpsilon(1e-1);

        final Vector3D vec = Vector3D.of(1, -2, 3);

        // act/assert
        Assertions.assertTrue(vec.eq(vec, smallEps));
        Assertions.assertTrue(vec.eq(vec, largeEps));

        Assertions.assertTrue(vec.eq(Vector3D.of(1.0000007, -2.0000009, 3.0000009), smallEps));
        Assertions.assertTrue(vec.eq(Vector3D.of(1.0000007, -2.0000009, 3.0000009), largeEps));

        Assertions.assertFalse(vec.eq(Vector3D.of(1.004, -2, 3), smallEps));
        Assertions.assertFalse(vec.eq(Vector3D.of(1, -2.004, 3), smallEps));
        Assertions.assertFalse(vec.eq(Vector3D.of(1, -2, 2.999), smallEps));
        Assertions.assertTrue(vec.eq(Vector3D.of(1.004, -2.004, 2.999), largeEps));

        Assertions.assertFalse(vec.eq(Vector3D.of(2, -2, 3), smallEps));
        Assertions.assertFalse(vec.eq(Vector3D.of(1, -3, 3), smallEps));
        Assertions.assertFalse(vec.eq(Vector3D.of(1, -2, 4), smallEps));
        Assertions.assertFalse(vec.eq(Vector3D.of(2, -3, 4), smallEps));

        Assertions.assertFalse(vec.eq(Vector3D.of(2, -2, 3), largeEps));
        Assertions.assertFalse(vec.eq(Vector3D.of(1, -3, 3), largeEps));
        Assertions.assertFalse(vec.eq(Vector3D.of(1, -2, 4), largeEps));
        Assertions.assertFalse(vec.eq(Vector3D.of(2, -3, 4), largeEps));
    }",Vector3DTest::testPrecisionEquals_oe
commons-geometry_1636,"@Test
    void testIsZero_oe() {
        // arrange
        final Precision.DoubleEquivalence smallEps = Precision.doubleEquivalenceOfEpsilon(1e-6);
        final Precision.DoubleEquivalence largeEps = Precision.doubleEquivalenceOfEpsilon(1e-1);

        // act/assert
        Assertions.assertTrue(Vector3D.of(0.0, -0.0, 0.0).isZero(smallEps));
        Assertions.assertTrue(Vector3D.of(-0.0, 0.0, -0.0).isZero(largeEps));

        Assertions.assertTrue(Vector3D.of(-1e-7, 1e-7, -1e-8).isZero(smallEps));
        Assertions.assertTrue(Vector3D.of(1e-7, -1e-7, 1e-8).isZero(largeEps));

        Assertions.assertFalse(Vector3D.of(1e-2, 0.0, 0.0).isZero(smallEps));
        Assertions.assertFalse(Vector3D.of(0.0, 1e-2, 0.0).isZero(smallEps));
        Assertions.assertFalse(Vector3D.of(0.0, 0.0, 1e-2).isZero(smallEps));
        Assertions.assertTrue(Vector3D.of(1e-2, -1e-2, 1e-2).isZero(largeEps));

        Assertions.assertFalse(Vector3D.of(0.2, 0.0, 0.0).isZero(smallEps));
        Assertions.assertFalse(Vector3D.of(0.0, 0.2, 0.0).isZero(smallEps));
        Assertions.assertFalse(Vector3D.of(0.0, 0.0, 0.2).isZero(smallEps));
        Assertions.assertFalse(Vector3D.of(0.2, 0.2, 0.2).isZero(smallEps));

        Assertions.assertFalse(Vector3D.of(0.2, 0.0, 0.0).isZero(largeEps));
        Assertions.assertFalse(Vector3D.of(0.0, 0.2, 0.0).isZero(largeEps));
        Assertions.assertFalse(Vector3D.of(0.0, 0.0, 0.2).isZero(largeEps));
        Assertions.assertFalse(Vector3D.of(0.2, 0.2, 0.2).isZero(largeEps));
    }",Vector3DTest::testIsZero_oe
commons-geometry_1637,"@Test
    void testHashCode_oe() {
        // arrange
        final double delta = 10 * Precision.EPSILON;
        final Vector3D u = Vector3D.of(1, 1, 1);
        final Vector3D v = Vector3D.of(1 + delta, 1 + delta, 1 + delta);
        final Vector3D w = Vector3D.of(1, 1, 1);

        // act/assert
        Assertions.assertTrue(u.hashCode() != v.hashCode());
        Assertions.assertEquals(u.hashCode(), w.hashCode());

        Assertions.assertEquals(Vector3D.of(0, 0, Double.NaN).hashCode(), Vector3D.NaN.hashCode());
        Assertions.assertEquals(Vector3D.of(0, Double.NaN, 0).hashCode(), Vector3D.NaN.hashCode());
        Assertions.assertEquals(Vector3D.of(Double.NaN, 0, 0).hashCode(), Vector3D.NaN.hashCode());
        Assertions.assertEquals(Vector3D.of(0, 0, Double.NaN).hashCode(), Vector3D.of(Double.NaN, 0, 0).hashCode());
    }",Vector3DTest::testHashCode_oe
commons-geometry_1638,"@Test
    void testEquals_oe() {
        // arrange
        final double delta = 10 * Precision.EPSILON;
        final Vector3D u1 = Vector3D.of(1, 2, 3);
        final Vector3D u2 = Vector3D.of(1, 2, 3);

        // act/assert
        GeometryTestUtils.assertSimpleEqualsCases(u1);
        Assertions.assertEquals(u1, u2);

        Assertions.assertNotEquals(u1, Vector3D.of(-1, -2, -3));
        Assertions.assertNotEquals(u1, Vector3D.of(1 + delta, 2, 3));
        Assertions.assertNotEquals(u1, Vector3D.of(1, 2 + delta, 3));
        Assertions.assertNotEquals(u1, Vector3D.of(1, 2, 3 + delta));

        Assertions.assertEquals(Vector3D.of(0, Double.NaN, 0), Vector3D.of(Double.NaN, 0, 0));

        Assertions.assertEquals(Vector3D.of(0, 0, Double.POSITIVE_INFINITY), Vector3D.of(0, 0, Double.POSITIVE_INFINITY));
        Assertions.assertNotEquals(Vector3D.of(0, Double.POSITIVE_INFINITY, 0), Vector3D.of(0, 0, Double.POSITIVE_INFINITY));
        Assertions.assertNotEquals(Vector3D.of(Double.POSITIVE_INFINITY, 0, 0), Vector3D.of(0, 0, Double.POSITIVE_INFINITY));

        Assertions.assertEquals(Vector3D.of(Double.NEGATIVE_INFINITY, 0, 0), Vector3D.of(Double.NEGATIVE_INFINITY, 0, 0));
        Assertions.assertNotEquals(Vector3D.of(0, Double.NEGATIVE_INFINITY, 0), Vector3D.of(Double.NEGATIVE_INFINITY, 0, 0));
        Assertions.assertNotEquals(Vector3D.of(0, 0, Double.NEGATIVE_INFINITY), Vector3D.of(Double.NEGATIVE_INFINITY, 0, 0));
    }",Vector3DTest::testEquals_oe
commons-geometry_1639,"@Test
    void testEqualsAndHashCode_signedZeroConsistency_oe() {
        // arrange
        final Vector3D a = Vector3D.of(0.0, -0.0, 0.0);
        final Vector3D b = Vector3D.of(-0.0, 0.0, -0.0);
        final Vector3D c = Vector3D.of(0.0, -0.0, 0.0);
        final Vector3D d = Vector3D.of(-0.0, 0.0, -0.0);

        // act/assert
        Assertions.assertFalse(a.equals(b));

        Assertions.assertTrue(a.equals(c));
        Assertions.assertEquals(a.hashCode(), c.hashCode());

        Assertions.assertTrue(b.equals(d));
        Assertions.assertEquals(b.hashCode(), d.hashCode());
    }",Vector3DTest::testEqualsAndHashCode_signedZeroConsistency_oe
commons-geometry_1640,"@Test
    void testToString_oe() {
        // arrange
        final Vector3D v = Vector3D.of(1, 2, 3);
        final Pattern pattern = Pattern.compile(""\\(1.{0,2}, 2.{0,2}, 3.{0,2}\\)"");

        // act
        final String str = v.toString();

        // assert
        Assertions.assertTrue(pattern.matcher(str).matches(),""Expected string "" + str + "" to match regex "" + pattern);
    }",Vector3DTest::testToString_oe
commons-geometry_1641,"@Test
    void testParse_failure_oe() {
        // act/assert
        Assertions.assertThrows(IllegalArgumentException.class, () -> Vector3D.parse(""abc""));
    }",Vector3DTest::testParse_failure_oe
commons-geometry_1642,"@Test
    void testOf_arrayArg_invalidDimensions_oe() {
        // act/assert
        Assertions.assertThrows(IllegalArgumentException.class, () -> Vector3D.of(new double[] {0.0, 0.0}));
    }",Vector3DTest::testOf_arrayArg_invalidDimensions_oe
commons-geometry_1643,"@Test
    void testUnitFrom_vector_oe() {
        // arrange
        final double invSqrt3 = 1.0 / Math.sqrt(3.0);
        final Vector3D vec = Vector3D.of(2.0, -2.0, 2.0);
        final Vector3D.Unit unitVec = Vector3D.Unit.from(2.0, -2.0, 2.0);

        // act/assert
        checkVector(Vector3D.Unit.from(vec), invSqrt3, -invSqrt3, invSqrt3);
        Assertions.assertSame(unitVec, Vector3D.Unit.from(unitVec));
    }",Vector3DTest::testUnitFrom_vector_oe
commons-geometry_1644,"@Test
    void testUnitFrom_static_illegalNorm_oe() {
        Assertions.assertThrows(IllegalArgumentException.class, () ->  Vector3D.Unit.from(0.0, 0.0, 0.0));
        Assertions.assertThrows(IllegalArgumentException.class, () ->  Vector3D.Unit.from(Double.NaN, 1.0, 1.0));
        Assertions.assertThrows(IllegalArgumentException.class, () ->  Vector3D.Unit.from(1.0, Double.NEGATIVE_INFINITY, 1.0));
        Assertions.assertThrows(IllegalArgumentException.class, () ->  Vector3D.Unit.from(1.0, 1.0, Double.POSITIVE_INFINITY));
    }",Vector3DTest::testUnitFrom_static_illegalNorm_oe
commons-geometry_1645,"@Test
    void testMax_oe() {
        // act/assert
        EuclideanTestUtils.assertCoordinatesEqual(Vector3D.of(-100, 1, 100),
                Vector3D.max(Collections.singletonList(Vector3D.of(-100, 1, 100))), EPS);

        EuclideanTestUtils.assertCoordinatesEqual(Vector3D.of(0, 1, 100),
                Vector3D.max(Arrays.asList(Vector3D.of(-100, 1, 100), Vector3D.of(0, 1, 0))), EPS);

        EuclideanTestUtils.assertCoordinatesEqual(Vector3D.of(-1, 0, 2),
                Vector3D.max(Vector3D.of(-2, 0, 0), Vector3D.of(-1, -5, 1), Vector3D.of(-10, -10, 2)), EPS);
    }",Vector3DTest::testMax_oe
commons-geometry_1646,"@Test
    void testMax_noPointsGiven_oe() {
        // arrange
        final String msg = ""Cannot compute vector max: no vectors given"";

        // act/assert
        GeometryTestUtils.assertThrowsWithMessage(() -> {
            Vector3D.max(new ArrayList<>());
        }, IllegalArgumentException.class, msg);
    }",Vector3DTest::testMax_noPointsGiven_oe
commons-geometry_1647,"@Test
    void testMin_oe() {
        // act/assert
        EuclideanTestUtils.assertCoordinatesEqual(Vector3D.of(-100, 1, 100),
                Vector3D.min(Collections.singletonList(Vector3D.of(-100, 1, 100))), EPS);

        EuclideanTestUtils.assertCoordinatesEqual(Vector3D.of(-100, 1, 0),
                Vector3D.min(Arrays.asList(Vector3D.of(-100, 1, 100), Vector3D.of(0, 1, 0))), EPS);

        EuclideanTestUtils.assertCoordinatesEqual(Vector3D.of(-10, -10, 0),
                Vector3D.min(Vector3D.of(-2, 0, 0), Vector3D.of(-1, -5, 1), Vector3D.of(-10, -10, 2)), EPS);
    }",Vector3DTest::testMin_oe
commons-geometry_1648,"@Test
    void testMin_noPointsGiven_oe() {
        // arrange
        final String msg = ""Cannot compute vector min: no vectors given"";

        // act/assert
        GeometryTestUtils.assertThrowsWithMessage(() -> {
            Vector3D.min(new ArrayList<>());
        }, IllegalArgumentException.class, msg);
    }",Vector3DTest::testMin_noPointsGiven_oe
commons-geometry_1649,"@Test
    void testCentroid_oe() {
        // act/assert
        EuclideanTestUtils.assertCoordinatesEqual(Vector3D.of(1, 2, 3),
                Vector3D.centroid(Vector3D.of(1, 2, 3)), EPS);

        EuclideanTestUtils.assertCoordinatesEqual(Vector3D.of(2.5, 3.5, 4.5),
                Vector3D.centroid(Vector3D.of(1, 2, 3), Vector3D.of(2, 3, 4),
                        Vector3D.of(3, 4, 5), Vector3D.of(4, 5, 6)), EPS);

        EuclideanTestUtils.assertCoordinatesEqual(Vector3D.of(1, 2, 3),
                Vector3D.centroid(Collections.singletonList(Vector3D.of(1, 2, 3))), EPS);

        EuclideanTestUtils.assertCoordinatesEqual(Vector3D.of(0.5, 1, 1.5),
                Vector3D.centroid(Arrays.asList(Vector3D.of(1, 2, 3), Vector3D.of(1, 2, 3),
                        Vector3D.ZERO, Vector3D.ZERO)), EPS);
    }",Vector3DTest::testCentroid_oe
commons-geometry_1650,"@Test
    void testCentroid_noPointsGiven_oe() {
        // arrange
        final String msg = ""Cannot compute centroid: no points given"";

        // act/assert
        GeometryTestUtils.assertThrowsWithMessage(() -> {
            Vector3D.centroid(new ArrayList<>());
        }, IllegalArgumentException.class, msg);
    }",Vector3DTest::testCentroid_noPointsGiven_oe
commons-geometry_1651,"@Test
    void testUnitFactoryOptimization_oe() {
        // An already normalized vector will avoid unnecessary creation.
        final Vector3D v = Vector3D.of(3, 4, 5).normalize();
        Assertions.assertSame(v, v.normalize());
    }",Vector3DTest::testUnitFactoryOptimization_oe
commons-geometry_1652,"@Test
    void testGetBounds_noBoundaries_oe() {
        // arrange
        final BoundarySource3D src = BoundarySource3D.of(new ArrayList<>());
        final BoundarySourceBoundsBuilder3D builder = new BoundarySourceBoundsBuilder3D();

        // act
        final Bounds3D b = builder.getBounds(src);

        // assert
        Assertions.assertNull(b);
    }",BoundarySourceBoundsBuilder3DTest::testGetBounds_noBoundaries_oe
commons-geometry_1653,"@Test
    void testGetBounds_singleFiniteBoundary_oe() {
        // arrange
        final ConvexPolygon3D poly = Planes.convexPolygonFromVertices(Arrays.asList(
                Vector3D.of(1, 1, 1),
                Vector3D.of(1, 0, 2),
                Vector3D.of(3, 4, 5)), TEST_PRECISION);

        final BoundarySource3D src = BoundarySource3D.of(poly);
        final BoundarySourceBoundsBuilder3D builder = new BoundarySourceBoundsBuilder3D();

        // act
        final Bounds3D b = builder.getBounds(src);

        // assert
        checkBounds(b, Vector3D.of(1, 0, 1), Vector3D.of(3, 4, 5));
        for (final Vector3D pt : poly.getVertices()) {
            Assertions.assertTrue(b.contains(pt));
        }
    }",BoundarySourceBoundsBuilder3DTest::testGetBounds_singleFiniteBoundary_oe
commons-geometry_1654,"@Test
    void testGetBounds_multipleFiniteBoundaries_oe() {
        // arrange
        final ConvexPolygon3D poly1 = Planes.convexPolygonFromVertices(Arrays.asList(
                Vector3D.of(1, 1, 1),
                Vector3D.of(1, 0, 2),
                Vector3D.of(3, 4, 5)), TEST_PRECISION);

        final ConvexPolygon3D poly2 = Planes.convexPolygonFromVertices(Arrays.asList(
                Vector3D.of(-1, 1, 1),
                Vector3D.of(1, 4, 4),
                Vector3D.of(7, 4, 5)), TEST_PRECISION);

        final ConvexPolygon3D poly3 = Planes.convexPolygonFromVertices(Arrays.asList(
                Vector3D.of(-2, 1, 1),
                Vector3D.of(1, 7, 2),
                Vector3D.of(5, 4, 10)), TEST_PRECISION);

        final BoundarySource3D src = BoundarySource3D.of(poly1, poly2, poly3);
        final BoundarySourceBoundsBuilder3D builder = new BoundarySourceBoundsBuilder3D();

        // act
        final Bounds3D b = builder.getBounds(src);

        // assert
        checkBounds(b, Vector3D.of(-2, 0, 1), Vector3D.of(7, 7, 10));

        src.boundaryStream().forEach(boundary -> {
            for (final Vector3D pt : boundary.getVertices()) {
                Assertions.assertTrue(b.contains(pt));
            }
        });
    }",BoundarySourceBoundsBuilder3DTest::testGetBounds_multipleFiniteBoundaries_oe
commons-geometry_1655,"@Test
    void testGetBounds_singleInfiniteBoundary_oe() {
        // arrange
        final PlaneConvexSubset boundary = Planes.fromPointAndNormal(Vector3D.ZERO, Vector3D.Unit.PLUS_Z, TEST_PRECISION)
                .span();
        final BoundarySource3D src = BoundarySource3D.of(boundary);
        final BoundarySourceBoundsBuilder3D builder = new BoundarySourceBoundsBuilder3D();

        // act
        final Bounds3D b = builder.getBounds(src);

        // assert
        Assertions.assertNull(b);
    }",BoundarySourceBoundsBuilder3DTest::testGetBounds_singleInfiniteBoundary_oe
commons-geometry_1656,"@Test
    void testGetBounds_mixedFiniteAndInfiniteBoundaries_oe() {
        // arrange
        final PlaneConvexSubset inf = Planes.fromPointAndNormal(Vector3D.ZERO, Vector3D.Unit.PLUS_Z, TEST_PRECISION)
                .span()
                .split(Planes.fromPointAndNormal(Vector3D.ZERO, Vector3D.Unit.PLUS_Y, TEST_PRECISION))
                .getMinus();

        final ConvexPolygon3D poly1 = Planes.convexPolygonFromVertices(Arrays.asList(
                Vector3D.of(1, 1, 1),
                Vector3D.of(1, 0, 2),
                Vector3D.of(3, 4, 5)), TEST_PRECISION);

        final ConvexPolygon3D poly2 = Planes.convexPolygonFromVertices(Arrays.asList(
                Vector3D.of(-1, 1, 1),
                Vector3D.of(1, 4, 4),
                Vector3D.of(7, 4, 5)), TEST_PRECISION);

        final ConvexPolygon3D poly3 = Planes.convexPolygonFromVertices(Arrays.asList(
                Vector3D.of(-2, 1, 1),
                Vector3D.of(1, 7, 2),
                Vector3D.of(5, 4, 10)), TEST_PRECISION);

        final BoundarySource3D src = BoundarySource3D.of(poly1, poly2, inf, poly3);
        final BoundarySourceBoundsBuilder3D builder = new BoundarySourceBoundsBuilder3D();

        // act
        final Bounds3D b = builder.getBounds(src);

        // assert
        Assertions.assertNull(b);
    }",BoundarySourceBoundsBuilder3DTest::testGetBounds_mixedFiniteAndInfiniteBoundaries_oe
commons-geometry_1657,"@Test
    void testFrom_varargs_singlePoint_oe() {
        // arrange
        final Vector3D p1 = Vector3D.of(-1, 2, -3);

        // act
        final Bounds3D b = Bounds3D.from(p1);

        // assert
        EuclideanTestUtils.assertCoordinatesEqual(p1, b.getMin(), TEST_EPS);
        EuclideanTestUtils.assertCoordinatesEqual(p1, b.getMax(), TEST_EPS);
        EuclideanTestUtils.assertCoordinatesEqual(Vector3D.ZERO, b.getDiagonal(), TEST_EPS);
        EuclideanTestUtils.assertCoordinatesEqual(p1, b.getCentroid(), TEST_EPS);
    }",Bounds3DTest::testFrom_varargs_singlePoint_oe
commons-geometry_1658,"@Test
    void testFrom_varargs_multiplePoints_oe() {
        // arrange
        final Vector3D p1 = Vector3D.of(1, 6, 7);
        final Vector3D p2 = Vector3D.of(0, 5, 11);
        final Vector3D p3 = Vector3D.of(3, 6, 8);

        // act
        final Bounds3D b = Bounds3D.from(p1, p2, p3);

        // assert
        EuclideanTestUtils.assertCoordinatesEqual(Vector3D.of(0, 5, 7), b.getMin(), TEST_EPS);
        EuclideanTestUtils.assertCoordinatesEqual(Vector3D.of(3, 6, 11), b.getMax(), TEST_EPS);
        EuclideanTestUtils.assertCoordinatesEqual(Vector3D.of(3, 1, 4), b.getDiagonal(), TEST_EPS);
        EuclideanTestUtils.assertCoordinatesEqual(Vector3D.of(1.5, 5.5, 9), b.getCentroid(), TEST_EPS);
    }",Bounds3DTest::testFrom_varargs_multiplePoints_oe
commons-geometry_1659,"@Test
    void testFrom_iterable_singlePoint_oe() {
        // arrange
        final Vector3D p1 = Vector3D.of(-1, 2, -3);

        // act
        final Bounds3D b = Bounds3D.from(Collections.singletonList(p1));

        // assert
        EuclideanTestUtils.assertCoordinatesEqual(p1, b.getMin(), TEST_EPS);
        EuclideanTestUtils.assertCoordinatesEqual(p1, b.getMax(), TEST_EPS);
        EuclideanTestUtils.assertCoordinatesEqual(Vector3D.ZERO, b.getDiagonal(), TEST_EPS);
        EuclideanTestUtils.assertCoordinatesEqual(p1, b.getCentroid(), TEST_EPS);
    }",Bounds3DTest::testFrom_iterable_singlePoint_oe
commons-geometry_1660,"@Test
    void testFrom_iterable_multiplePoints_oe() {
        // arrange
        final Vector3D p1 = Vector3D.of(1, 6, 7);
        final Vector3D p2 = Vector3D.of(2, 5, 9);
        final Vector3D p3 = Vector3D.of(3, 4, 8);

        // act
        final Bounds3D b = Bounds3D.from(Arrays.asList(p1, p2, p3));

        // assert
        EuclideanTestUtils.assertCoordinatesEqual(Vector3D.of(1, 4, 7), b.getMin(), TEST_EPS);
        EuclideanTestUtils.assertCoordinatesEqual(Vector3D.of(3, 6, 9), b.getMax(), TEST_EPS);
        EuclideanTestUtils.assertCoordinatesEqual(Vector3D.of(2, 2, 2), b.getDiagonal(), TEST_EPS);
        EuclideanTestUtils.assertCoordinatesEqual(Vector3D.of(2, 5, 8), b.getCentroid(), TEST_EPS);
    }",Bounds3DTest::testFrom_iterable_multiplePoints_oe
commons-geometry_1661,"@Test
    void testFrom_iterable_noPoints_oe() {
        // act/assert
        GeometryTestUtils.assertThrowsWithMessage(() -> {
            Bounds3D.from(new ArrayList<>());
        }, IllegalStateException.class, NO_POINTS_MESSAGE);
    }",Bounds3DTest::testFrom_iterable_noPoints_oe
commons-geometry_1662,"@Test
    void testFrom_invalidBounds_oe() {
        // arrange
        final Vector3D good = Vector3D.of(1, 1, 1);

        final Vector3D nan = Vector3D.of(Double.NaN, 1, 1);
        final Vector3D posInf = Vector3D.of(1, Double.POSITIVE_INFINITY, 1);
        final Vector3D negInf = Vector3D.of(1, 1, Double.NEGATIVE_INFINITY);

        // act/assert
        GeometryTestUtils.assertThrowsWithMessage(() -> {
            Bounds3D.from(Vector3D.NaN);
        }, IllegalStateException.class, INVALID_BOUNDS_PATTERN);

        GeometryTestUtils.assertThrowsWithMessage(() -> {
            Bounds3D.from(Vector3D.POSITIVE_INFINITY);
        }, IllegalStateException.class, INVALID_BOUNDS_PATTERN);

        GeometryTestUtils.assertThrowsWithMessage(() -> {
            Bounds3D.from(Vector3D.NEGATIVE_INFINITY);
        }, IllegalStateException.class, INVALID_BOUNDS_PATTERN);

        GeometryTestUtils.assertThrowsWithMessage(() -> {
            Bounds3D.from(good, nan);
        }, IllegalStateException.class, INVALID_BOUNDS_PATTERN);

        GeometryTestUtils.assertThrowsWithMessage(() -> {
            Bounds3D.from(posInf, good);
        }, IllegalStateException.class, INVALID_BOUNDS_PATTERN);

        GeometryTestUtils.assertThrowsWithMessage(() -> {
            Bounds3D.from(good, negInf, good);
        }, IllegalStateException.class, INVALID_BOUNDS_PATTERN);
    }",Bounds3DTest::testFrom_invalidBounds_oe
commons-geometry_1663,"@Test
    void testHasSize_oe() {
        // arrange
        final Precision.DoubleEquivalence low = Precision.doubleEquivalenceOfEpsilon(1e-2);
        final Precision.DoubleEquivalence high = Precision.doubleEquivalenceOfEpsilon(1e-10);

        final Vector3D p1 = Vector3D.ZERO;

        final Vector3D p2 = Vector3D.of(1e-5, 1, 1);
        final Vector3D p3 = Vector3D.of(1, 1e-5, 1);
        final Vector3D p4 = Vector3D.of(1, 1, 1e-5);

        final Vector3D p5 = Vector3D.of(1, 1, 1);

        // act/assert
        Assertions.assertFalse(Bounds3D.from(p1).hasSize(high));
        Assertions.assertFalse(Bounds3D.from(p1).hasSize(low));

        Assertions.assertTrue(Bounds3D.from(p1, p2).hasSize(high));
        Assertions.assertFalse(Bounds3D.from(p1, p2).hasSize(low));

        Assertions.assertTrue(Bounds3D.from(p1, p3).hasSize(high));
        Assertions.assertFalse(Bounds3D.from(p1, p3).hasSize(low));

        Assertions.assertTrue(Bounds3D.from(p1, p4).hasSize(high));
        Assertions.assertFalse(Bounds3D.from(p1, p4).hasSize(low));

        Assertions.assertTrue(Bounds3D.from(p1, p5).hasSize(high));
        Assertions.assertTrue(Bounds3D.from(p1, p5).hasSize(low));
    }",Bounds3DTest::testHasSize_oe
commons-geometry_1664,"@Test
    void testContains_strict_oe() {
        // arrange
        final Bounds3D b = Bounds3D.from(
                Vector3D.of(0, 4, 8),
                Vector3D.of(2, 6, 10));

        // act/assert
        assertContainsStrict(b, true,
                b.getCentroid(),
                Vector3D.of(0, 4, 8), Vector3D.of(2, 6, 10),
                Vector3D.of(1, 5, 9),
                Vector3D.of(0, 5, 9), Vector3D.of(2, 5, 9),
                Vector3D.of(1, 4, 9), Vector3D.of(1, 6, 9),
                Vector3D.of(1, 5, 8), Vector3D.of(1, 5, 10));

        assertContainsStrict(b, false,
                Vector3D.ZERO,
                Vector3D.of(-1, 5, 9), Vector3D.of(3, 5, 9),
                Vector3D.of(1, 3, 9), Vector3D.of(1, 7, 9),
                Vector3D.of(1, 5, 7), Vector3D.of(1, 5, 11),
                Vector3D.of(-1e-15, 4, 8), Vector3D.of(2, 6 + 1e-15, 10), Vector3D.of(0, 4, 10 + 1e-15));
    }",Bounds3DTest::testContains_strict_oe
commons-geometry_1665,"@Test
    void testContains_precision_oe() {
        // arrange
        final Bounds3D b = Bounds3D.from(
                Vector3D.of(0, 4, 8),
                Vector3D.of(2, 6, 10));

        // act/assert
        assertContainsWithPrecision(b, true,
                b.getCentroid(),
                Vector3D.of(0, 4, 8), Vector3D.of(2, 6, 10),
                Vector3D.of(1, 5, 9),
                Vector3D.of(0, 5, 9), Vector3D.of(2, 5, 9),
                Vector3D.of(1, 4, 9), Vector3D.of(1, 6, 9),
                Vector3D.of(1, 5, 8), Vector3D.of(1, 5, 10),
                Vector3D.of(-1e-15, 4, 8), Vector3D.of(2, 6 + 1e-15, 10), Vector3D.of(0, 4, 10 + 1e-15));

        assertContainsWithPrecision(b, false,
                Vector3D.ZERO,
                Vector3D.of(-1, 5, 9), Vector3D.of(3, 5, 9),
                Vector3D.of(1, 3, 9), Vector3D.of(1, 7, 9),
                Vector3D.of(1, 5, 7), Vector3D.of(1, 5, 11));
    }",Bounds3DTest::testContains_precision_oe
commons-geometry_1666,"@Test
    void testIntersection_oe() {
        // -- arrange
        final Bounds3D b = Bounds3D.from(Vector3D.ZERO, Vector3D.of(1, 1, 1));

        // -- act/assert

        // move along x-axis
        Assertions.assertNull(b.intersection(Bounds3D.from(Vector3D.of(-2, 0, 0), Vector3D.of(-1, 1, 1))));
        checkIntersection(b, Vector3D.of(-1, 0, 0), Vector3D.of(0, 1, 1),
                Vector3D.of(0, 0, 0), Vector3D.of(0, 1, 1));
        checkIntersection(b, Vector3D.of(-1, 0, 0), Vector3D.of(0.5, 1, 1),
                Vector3D.of(0, 0, 0), Vector3D.of(0.5, 1, 1));
        checkIntersection(b, Vector3D.of(-1, 0, 0), Vector3D.of(1, 1, 1),
                Vector3D.of(0, 0, 0), Vector3D.of(1, 1, 1));
        checkIntersection(b, Vector3D.of(-1, 0, 0), Vector3D.of(2, 1, 1),
                Vector3D.of(0, 0, 0), Vector3D.of(1, 1, 1));
        checkIntersection(b, Vector3D.of(0, 0, 0), Vector3D.of(2, 1, 1),
                Vector3D.of(0, 0, 0), Vector3D.of(1, 1, 1));
        checkIntersection(b, Vector3D.of(0.5, 0, 0), Vector3D.of(2, 1, 1),
                Vector3D.of(0.5, 0, 0), Vector3D.of(1, 1, 1));
        checkIntersection(b, Vector3D.of(1, 0, 0), Vector3D.of(2, 1, 1),
                Vector3D.of(1, 0, 0), Vector3D.of(1, 1, 1));
        Assertions.assertNull(b.intersection(Bounds3D.from(Vector3D.of(2, 0, 0), Vector3D.of(3, 1, 1))));

        // move along y-axis
        Assertions.assertNull(b.intersection(Bounds3D.from(Vector3D.of(0, -2, 0), Vector3D.of(1, -1, 1))));
        checkIntersection(b, Vector3D.of(0, -1, 0), Vector3D.of(1, 0, 1),
                Vector3D.of(0, 0, 0), Vector3D.of(1, 0, 1));
        checkIntersection(b, Vector3D.of(0, -1, 0), Vector3D.of(1, 0.5, 1),
                Vector3D.of(0, 0, 0), Vector3D.of(1, 0.5, 1));
        checkIntersection(b, Vector3D.of(0, -1, 0), Vector3D.of(1, 1, 1),
                Vector3D.of(0, 0, 0), Vector3D.of(1, 1, 1));
        checkIntersection(b, Vector3D.of(0, -1, 0), Vector3D.of(1, 2, 1),
                Vector3D.of(0, 0, 0), Vector3D.of(1, 1, 1));
        checkIntersection(b, Vector3D.of(0, 0, 0), Vector3D.of(1, 2, 1),
                Vector3D.of(0, 0, 0), Vector3D.of(1, 1, 1));
        checkIntersection(b, Vector3D.of(0, 0.5, 0), Vector3D.of(1, 2, 1),
                Vector3D.of(0, 0.5, 0), Vector3D.of(1, 1, 1));
        checkIntersection(b, Vector3D.of(0, 1, 0), Vector3D.of(1, 2, 1),
                Vector3D.of(0, 1, 0), Vector3D.of(1, 1, 1));
        Assertions.assertNull(b.intersection(Bounds3D.from(Vector3D.of(0, 2, 0), Vector3D.of(1, 3, 1))));

        // move along z-axis
        Assertions.assertNull(b.intersection(Bounds3D.from(Vector3D.of(0, 0, -2), Vector3D.of(1, 1, -1))));
        checkIntersection(b, Vector3D.of(0, 0, -1), Vector3D.of(1, 1, 0),
                Vector3D.of(0, 0, 0), Vector3D.of(1, 1, 0));
        checkIntersection(b, Vector3D.of(0, 0, -1), Vector3D.of(1, 1, 0.5),
                Vector3D.of(0, 0, 0), Vector3D.of(1, 1, 0.5));
        checkIntersection(b, Vector3D.of(0, 0, -1), Vector3D.of(1, 1, 1),
                Vector3D.of(0, 0, 0), Vector3D.of(1, 1, 1));
        checkIntersection(b, Vector3D.of(0, 0, -1), Vector3D.of(1, 1, 2),
                Vector3D.of(0, 0, 0), Vector3D.of(1, 1, 1));
        checkIntersection(b, Vector3D.of(0, 0, 0), Vector3D.of(1, 1, 2),
                Vector3D.of(0, 0, 0), Vector3D.of(1, 1, 1));
        checkIntersection(b, Vector3D.of(0, 0, 0.5), Vector3D.of(1, 1, 2),
                Vector3D.of(0, 0, 0.5), Vector3D.of(1, 1, 1));
        checkIntersection(b, Vector3D.of(0, 0, 1), Vector3D.of(1, 1, 2),
                Vector3D.of(0, 0, 1), Vector3D.of(1, 1, 1));
        Assertions.assertNull(b.intersection(Bounds3D.from(Vector3D.of(0, 0, 2), Vector3D.of(1, 1, 3))));
    }",Bounds3DTest::testIntersection_oe
commons-geometry_1667,"@Test
    void toRegion_oe() {
        // arrange
        final Bounds3D b = Bounds3D.from(
                Vector3D.of(0, 4, 8),
                Vector3D.of(2, 6, 10));

        // act
        final Parallelepiped p = b.toRegion(TEST_PRECISION);

        // assert
        Assertions.assertEquals(8, p.getSize(), TEST_EPS);
        EuclideanTestUtils.assertCoordinatesEqual(Vector3D.of(1, 5, 9), p.getCentroid(), TEST_EPS);
    }",Bounds3DTest::toRegion_oe
commons-geometry_1668,"@Test
    void toRegion_boundingBoxTooSmall_oe() {
        // act/assert
        Assertions.assertThrows(IllegalArgumentException.class, () -> Bounds3D.from(Vector3D.ZERO, Vector3D.of(1e-12, 1e-12, 1e-12))
                .toRegion(TEST_PRECISION));
    }",Bounds3DTest::toRegion_boundingBoxTooSmall_oe
commons-geometry_1669,"@Test
    void testEq_oe() {
        // arrange
        final Precision.DoubleEquivalence low = Precision.doubleEquivalenceOfEpsilon(1e-2);
        final Precision.DoubleEquivalence high = Precision.doubleEquivalenceOfEpsilon(1e-10);

        final Bounds3D b1 = Bounds3D.from(Vector3D.of(1, 1, 1), Vector3D.of(2, 2, 2));

        final Bounds3D b2 = Bounds3D.from(Vector3D.of(1.1, 1, 1), Vector3D.of(2, 2, 2));
        final Bounds3D b3 = Bounds3D.from(Vector3D.of(1, 1, 1), Vector3D.of(1.9, 2, 2));

        final Bounds3D b4 = Bounds3D.from(Vector3D.of(1.001, 1.001, 1.001), Vector3D.of(2.001, 2.001, 2.001));

        // act/assert
        Assertions.assertTrue(b1.eq(b1, low));

        Assertions.assertFalse(b1.eq(b2, low));
        Assertions.assertFalse(b1.eq(b3, low));

        Assertions.assertTrue(b1.eq(b4, low));
        Assertions.assertTrue(b4.eq(b1, low));

        Assertions.assertFalse(b1.eq(b4, high));
        Assertions.assertFalse(b4.eq(b1, high));
    }",Bounds3DTest::testEq_oe
commons-geometry_1670,"@Test
    void testHashCode_oe() {
        // arrange
        final Bounds3D b1 = Bounds3D.from(Vector3D.of(1, 1, 1), Vector3D.of(2, 2, 2));

        final Bounds3D b2 = Bounds3D.from(Vector3D.of(-2, 1, 1), Vector3D.of(2, 2, 2));
        final Bounds3D b3 = Bounds3D.from(Vector3D.of(1, 1, 1), Vector3D.of(3, 2, 2));
        final Bounds3D b4 = Bounds3D.from(Vector3D.of(1 + 1e-15, 1, 1), Vector3D.of(2, 2, 2));
        final Bounds3D b5 = Bounds3D.from(Vector3D.of(1, 1, 1), Vector3D.of(2 + 1e-15, 2, 2));

        final Bounds3D b6 = Bounds3D.from(Vector3D.of(1, 1, 1), Vector3D.of(2, 2, 2));

        // act
        final int hash = b1.hashCode();

        // assert
        Assertions.assertEquals(hash, b1.hashCode());

        Assertions.assertNotEquals(hash, b2.hashCode());
        Assertions.assertNotEquals(hash, b3.hashCode());
        Assertions.assertNotEquals(hash, b4.hashCode());
        Assertions.assertNotEquals(hash, b5.hashCode());

        Assertions.assertEquals(hash, b6.hashCode());
    }",Bounds3DTest::testHashCode_oe
commons-geometry_1671,"@Test
    void testEquals_oe() {
        // arrange
        final Bounds3D b1 = Bounds3D.from(Vector3D.of(1, 1, 1), Vector3D.of(2, 2, 2));

        final Bounds3D b2 = Bounds3D.from(Vector3D.of(-1, 1, 1), Vector3D.of(2, 2, 2));
        final Bounds3D b3 = Bounds3D.from(Vector3D.of(1, 1, 1), Vector3D.of(3, 2, 2));
        final Bounds3D b4 = Bounds3D.from(Vector3D.of(1 + 1e-15, 1, 1), Vector3D.of(2, 2, 2));
        final Bounds3D b5 = Bounds3D.from(Vector3D.of(1, 1, 1), Vector3D.of(2 + 1e-15, 2, 2));

        final Bounds3D b6 = Bounds3D.from(Vector3D.of(1, 1, 1), Vector3D.of(2, 2, 2));

        // act/assert
        GeometryTestUtils.assertSimpleEqualsCases(b1);

        Assertions.assertNotEquals(b1, b2);
        Assertions.assertNotEquals(b1, b3);
        Assertions.assertNotEquals(b1, b4);
        Assertions.assertNotEquals(b1, b5);

        Assertions.assertEquals(b1, b6);
    }",Bounds3DTest::testEquals_oe
commons-geometry_1672,"@Test
    void testToString_oe() {
        // arrange
        final Bounds3D b = Bounds3D.from(Vector3D.of(1, 1, 1), Vector3D.of(2, 2, 2));

        // act
        final String str = b.toString();

        // assert
        GeometryTestUtils.assertContains(""Bounds3D[min= (1"", str);
        GeometryTestUtils.assertContains("", max= (2"", str);
    }",Bounds3DTest::testToString_oe
commons-geometry_1673,"@Test
    void testBuilder_addMethods_oe() {
        // arrange
        final Vector3D p1 = Vector3D.of(1, 10, 11);
        final Vector3D p2 = Vector3D.of(2, 9, 12);
        final Vector3D p3 = Vector3D.of(3, 8, 13);
        final Vector3D p4 = Vector3D.of(4, 7, 14);
        final Vector3D p5 = Vector3D.of(5, 6, 15);

        // act
        final Bounds3D b = Bounds3D.builder()
                .add(p1)
                .addAll(Arrays.asList(p2, p3))
                .add(Bounds3D.from(p4, p5))
                .build();

        // assert
        EuclideanTestUtils.assertCoordinatesEqual(Vector3D.of(1, 6, 11), b.getMin(), TEST_EPS);
        EuclideanTestUtils.assertCoordinatesEqual(Vector3D.of(5, 10, 15), b.getMax(), TEST_EPS);
        EuclideanTestUtils.assertCoordinatesEqual(Vector3D.of(3, 8, 13), b.getCentroid(), TEST_EPS);
    }",Bounds3DTest::testBuilder_addMethods_oe
commons-geometry_1674,"@Test
    void testBuilder_hasBounds_oe() {
        // act/assert
        Assertions.assertFalse(Bounds3D.builder().hasBounds());

        Assertions.assertFalse(Bounds3D.builder().add(Vector3D.of(Double.NaN, 1, 1)).hasBounds());
        Assertions.assertFalse(Bounds3D.builder().add(Vector3D.of(1, Double.NaN, 1)).hasBounds());
        Assertions.assertFalse(Bounds3D.builder().add(Vector3D.of(1, 1, Double.NaN)).hasBounds());

        Assertions.assertFalse(Bounds3D.builder().add(Vector3D.of(Double.POSITIVE_INFINITY, 1, 1)).hasBounds());
        Assertions.assertFalse(Bounds3D.builder().add(Vector3D.of(1, Double.POSITIVE_INFINITY, 1)).hasBounds());
        Assertions.assertFalse(Bounds3D.builder().add(Vector3D.of(1, 1, Double.POSITIVE_INFINITY)).hasBounds());

        Assertions.assertFalse(Bounds3D.builder().add(Vector3D.of(Double.NEGATIVE_INFINITY, 1, 1)).hasBounds());
        Assertions.assertFalse(Bounds3D.builder().add(Vector3D.of(1, Double.NEGATIVE_INFINITY, 1)).hasBounds());
        Assertions.assertFalse(Bounds3D.builder().add(Vector3D.of(1, 1, Double.NEGATIVE_INFINITY)).hasBounds());

        Assertions.assertTrue(Bounds3D.builder().add(Vector3D.ZERO).hasBounds());
    }",Bounds3DTest::testBuilder_hasBounds_oe
commons-geometry_1675,"@Test
    void testCtor_oe() {
        // arrange
        final List<PlaneConvexSubset> boundaries = Collections.singletonList(
                Planes.fromNormal(Vector3D.Unit.PLUS_X, TEST_PRECISION).span()
        );

        // act
        final BoundaryList3D list = new BoundaryList3D(boundaries);

        // assert
        Assertions.assertNotSame(boundaries, list.getBoundaries());
        Assertions.assertEquals(boundaries, list.getBoundaries());
        Assertions.assertEquals(1, list.count());
    }",BoundaryList3DTest::testCtor_oe
commons-geometry_1676,"@Test
    void testToList_oe() {
        // arrange
        final BoundaryList3D list = new BoundaryList3D(Collections.emptyList());

        // act/assert
        Assertions.assertSame(list, list.toList());
    }",BoundaryList3DTest::testToList_oe
commons-geometry_1677,"@Test
    void testToString_oe() {
        // arrange
        final BoundaryList3D list = new BoundaryList3D(Collections.emptyList());

        // act
        Assertions.assertEquals(""BoundaryList3D[count= 0]"", list.toString());
    }",BoundaryList3DTest::testToString_oe
commons-geometry_1678,"@Test
    void testSubsetFromConvexArea_oe() {
        // arrange
        final EmbeddingPlane plane = Planes.fromPointAndPlaneVectors(Vector3D.of(0, 0, 1),
                Vector3D.Unit.PLUS_X, Vector3D.Unit.PLUS_Y, TEST_PRECISION);
        final ConvexArea area = ConvexArea.convexPolygonFromVertices(Arrays.asList(
                    Vector2D.of(1, 0),
                    Vector2D.of(3, 0),
                    Vector2D.of(3, 1),
                    Vector2D.of(1, 1)
                ), TEST_PRECISION);

        // act
        final PlaneConvexSubset sp = Planes.subsetFromConvexArea(plane, area);

        // assert
        Assertions.assertFalse(sp.isFull());
        Assertions.assertFalse(sp.isEmpty());
        Assertions.assertTrue(sp.isFinite());

        Assertions.assertEquals(2, sp.getSize(), TEST_EPS);

        Assertions.assertSame(plane, sp.getPlane());
        Assertions.assertSame(plane, sp.getHyperplane());
        assertConvexAreasEqual(area, sp.getEmbedded().getSubspaceRegion());
    }",PlanesTest::testSubsetFromConvexArea_oe
commons-geometry_1679,"@Test
    void testConvexPolygonFromVertices_oe() {
        // arrange
        final Vector3D p0 = Vector3D.of(1, 0, 0);
        final Vector3D p1 = Vector3D.of(1, 1, 0);
        final Vector3D p2 = Vector3D.of(1, 1, 2);

        // act
        final PlaneConvexSubset sp = Planes.convexPolygonFromVertices(Arrays.asList(p0, p1, p2), TEST_PRECISION);

        // assert
        Assertions.assertTrue(sp instanceof Triangle3D);

        Assertions.assertFalse(sp.isFull());
        Assertions.assertFalse(sp.isEmpty());
        Assertions.assertTrue(sp.isFinite());

        Assertions.assertEquals(3, sp.getVertices().size());
        EuclideanTestUtils.assertVertexLoopSequence(Arrays.asList(p0, p1, p2), sp.getVertices(), TEST_PRECISION);

        Assertions.assertEquals(1, sp.getSize(), TEST_EPS);

        checkPlane(sp.getPlane(), Vector3D.of(1, 0, 0), Vector3D.Unit.PLUS_Y, Vector3D.Unit.PLUS_Z);

        checkPoints(sp, RegionLocation.OUTSIDE,
                Vector3D.of(0, 1, 1), Vector3D.of(0, 1, 0), Vector3D.of(0, 1, -1),
                Vector3D.of(0, 0, 1), Vector3D.of(0, 0, 0), Vector3D.of(0, 0, -1),
                Vector3D.of(0, -1, 1), Vector3D.of(0, -1, 0), Vector3D.of(0, -1, -1));

        checkPoints(sp, RegionLocation.OUTSIDE,
                Vector3D.of(1, 1, -1),
                Vector3D.of(1, 0, 1), Vector3D.of(1, 0, -1),
                Vector3D.of(1, -1, 1), Vector3D.of(1, -1, 0), Vector3D.of(1, -1, -1));

        checkPoints(sp, RegionLocation.BOUNDARY,
                Vector3D.of(1, 1, 1), Vector3D.of(1, 1, 0),
                Vector3D.of(1, 0, 0));

        checkPoints(sp, RegionLocation.INSIDE, Vector3D.of(1, 0.5, 0.5));

        checkPoints(sp, RegionLocation.OUTSIDE,
                Vector3D.of(2, 1, 1), Vector3D.of(2, 1, 0), Vector3D.of(2, 1, -1),
                Vector3D.of(2, 0, 1), Vector3D.of(2, 0, 0), Vector3D.of(2, 0, -1),
                Vector3D.of(2, -1, 1), Vector3D.of(2, -1, 0), Vector3D.of(2, -1, -1));
    }",PlanesTest::testConvexPolygonFromVertices_oe
commons-geometry_1680,"@Test
    void testConvexPolygonFromVertices_duplicatePoints_oe() {
        // arrange
        final Vector3D p0 = Vector3D.of(1, 0, 0);
        final Vector3D p1 = Vector3D.of(1, 1, 0);
        final Vector3D p2 = Vector3D.of(1, 1, 2);
        final Vector3D p3 = Vector3D.of(1, 0, 2);

        // act
        final PlaneConvexSubset sp = Planes.convexPolygonFromVertices(Arrays.asList(
                    p0,
                    Vector3D.of(1, 1e-15, 0),
                    p1,
                    p2,
                    p3,
                    Vector3D.of(1, 1e-15, 2),
                    Vector3D.of(1, 0, 1e-15)
                ), TEST_PRECISION);

        // assert
        Assertions.assertTrue(sp instanceof VertexListConvexPolygon3D);

        Assertions.assertFalse(sp.isFull());
        Assertions.assertFalse(sp.isEmpty());
        Assertions.assertTrue(sp.isFinite());

        Assertions.assertEquals(4, sp.getVertices().size());
        EuclideanTestUtils.assertVertexLoopSequence(Arrays.asList(p0, p1, p2, p3), sp.getVertices(), TEST_PRECISION);

        Assertions.assertEquals(2, sp.getSize(), TEST_EPS);

        checkPlane(sp.getPlane(), Vector3D.of(1, 0, 0), Vector3D.Unit.PLUS_Y, Vector3D.Unit.PLUS_Z);

        checkPoints(sp, RegionLocation.OUTSIDE,
                Vector3D.of(0, 1, 1), Vector3D.of(0, 1, 0), Vector3D.of(0, 1, -1),
                Vector3D.of(0, 0, 1), Vector3D.of(0, 0, 0), Vector3D.of(0, 0, -1),
                Vector3D.of(0, -1, 1), Vector3D.of(0, -1, 0), Vector3D.of(0, -1, -1));

        checkPoints(sp, RegionLocation.OUTSIDE,
                Vector3D.of(1, 1, -1),
                Vector3D.of(1, -1, 1), Vector3D.of(1, 0, -1),
                Vector3D.of(1, -1, 0), Vector3D.of(1, -1, -1));

        checkPoints(sp, RegionLocation.BOUNDARY,
                Vector3D.of(1, 1, 1), Vector3D.of(1, 1, 0),
                Vector3D.of(1, 0, 0), Vector3D.of(1, 0, 2));

        checkPoints(sp, RegionLocation.INSIDE, Vector3D.of(1, 0.5, 1));

        checkPoints(sp, RegionLocation.OUTSIDE,
                Vector3D.of(2, 1, 1), Vector3D.of(2, 1, 0), Vector3D.of(2, 1, -1),
                Vector3D.of(2, 0, 1), Vector3D.of(2, 0, 0), Vector3D.of(2, 0, -1),
                Vector3D.of(2, -1, 1), Vector3D.of(2, -1, 0), Vector3D.of(2, -1, -1));
    }",PlanesTest::testConvexPolygonFromVertices_duplicatePoints_oe
commons-geometry_1681,"@Test
    void testConvexPolygonFromVertices_nonPlanar_oe() {
        // arrange
        final Pattern nonPlanarPattern = Pattern.compile(""Points do not define a plane.*"");

        // act/assert
        GeometryTestUtils.assertThrowsWithMessage(() -> {
            Planes.convexPolygonFromVertices(Collections.emptyList(), TEST_PRECISION);
        }, IllegalArgumentException.class, nonPlanarPattern);

        GeometryTestUtils.assertThrowsWithMessage(() -> {
            Planes.convexPolygonFromVertices(Collections.singletonList(Vector3D.ZERO), TEST_PRECISION);
        }, IllegalArgumentException.class, nonPlanarPattern);

        GeometryTestUtils.assertThrowsWithMessage(() -> {
            Planes.convexPolygonFromVertices(Arrays.asList(Vector3D.ZERO, Vector3D.of(1, 0, 0)), TEST_PRECISION);
        }, IllegalArgumentException.class, nonPlanarPattern);

        GeometryTestUtils.assertThrowsWithMessage(() -> {
            Planes.convexPolygonFromVertices(
                    Arrays.asList(Vector3D.ZERO, Vector3D.of(1, 0, 0), Vector3D.of(1, 1e-15, 0)), TEST_PRECISION);
        }, IllegalArgumentException.class, nonPlanarPattern);

        GeometryTestUtils.assertThrowsWithMessage(() -> {
            Planes.convexPolygonFromVertices(Arrays.asList(
                        Vector3D.ZERO,
                        Vector3D.of(1, 0, 1),
                        Vector3D.of(1, 1, 0),
                        Vector3D.of(0, 1, 1)
                    ), TEST_PRECISION);
        }, IllegalArgumentException.class, nonPlanarPattern);
    }",PlanesTest::testConvexPolygonFromVertices_nonPlanar_oe
commons-geometry_1682,"@Test
    void testConvexPolygonFromVertices_nonConvex_oe() {
        // arrange
        final Pattern nonConvexPattern = Pattern.compile(""Points do not define a convex region.*"");

        // act/assert
        GeometryTestUtils.assertThrowsWithMessage(() -> {
            Planes.convexPolygonFromVertices(Arrays.asList(
                        Vector3D.ZERO,
                        Vector3D.of(2, 0, 0),
                        Vector3D.of(2, 2, 0),
                        Vector3D.of(1, 1, 0),
                        Vector3D.of(1.5, 1, 0)
                    ), TEST_PRECISION);
        }, IllegalArgumentException.class, nonConvexPattern);
    }",PlanesTest::testConvexPolygonFromVertices_nonConvex_oe
commons-geometry_1683,"@Test
    void testTriangleFromVertices_oe() {
        // act
        final Triangle3D tri = Planes.triangleFromVertices(
                Vector3D.of(1, 1, 1),
                Vector3D.of(2, 1, 1),
                Vector3D.of(2, 1, 2), TEST_PRECISION);

        // assert
        Assertions.assertEquals(0.5, tri.getSize(), TEST_EPS);
        EuclideanTestUtils.assertCoordinatesEqual(Vector3D.of(5.0 / 3.0, 1, 4.0 / 3.0),
                tri.getCentroid(), TEST_EPS);
    }",PlanesTest::testTriangleFromVertices_oe
commons-geometry_1684,"@Test
    void testTriangleFromVertices_degenerateTriangles_oe() {
        // arrange
        final Pattern msg = Pattern.compile(""^Points do not define a plane.*"");

        // act/assert
        GeometryTestUtils.assertThrowsWithMessage(() -> {
            Planes.triangleFromVertices(
                        Vector3D.ZERO,
                        Vector3D.of(1e-11, 0, 0),
                        Vector3D.of(0, 1e-11, 0),
                        TEST_PRECISION);
        }, IllegalArgumentException.class, msg);

        GeometryTestUtils.assertThrowsWithMessage(() -> {
            Planes.triangleFromVertices(
                        Vector3D.ZERO,
                        Vector3D.of(1, 0, 0),
                        Vector3D.of(2, 0, 0),
                        TEST_PRECISION);
        }, IllegalArgumentException.class, msg);
    }",PlanesTest::testTriangleFromVertices_degenerateTriangles_oe
commons-geometry_1685,"@Test
    void testIndexedTriangles_singleTriangle_noFaces_oe() {
        // act
        final List<Triangle3D> tris = Planes.indexedTriangles(new Vector3D[0], new int[0][], TEST_PRECISION);

        // assert
        Assertions.assertEquals(0, tris.size());
    }",PlanesTest::testIndexedTriangles_singleTriangle_noFaces_oe
commons-geometry_1686,"@Test
    void testIndexedTriangles_singleTriangle_oe() {
        // arrange
        final Vector3D[] vertices = {
            Vector3D.ZERO,
            Vector3D.of(1, 0, 0),
            Vector3D.of(1, 1, 0)
        };

        final int[][] faceIndices = {
            {0, 2, 1}
        };

        // act
        final List<Triangle3D> tris = Planes.indexedTriangles(Arrays.asList(vertices), faceIndices, TEST_PRECISION);

        // assert
        Assertions.assertEquals(1, tris.size());

        final Triangle3D a = tris.get(0);
        EuclideanTestUtils.assertCoordinatesEqual(Vector3D.Unit.MINUS_Z, a.getPlane().getNormal(), TEST_EPS);
        EuclideanTestUtils.assertCoordinatesEqual(Vector3D.ZERO, a.getPoint1(), TEST_EPS);
        EuclideanTestUtils.assertCoordinatesEqual(Vector3D.of(1, 1, 0), a.getPoint2(), TEST_EPS);
        EuclideanTestUtils.assertCoordinatesEqual(Vector3D.of(1, 0, 0), a.getPoint3(), TEST_EPS);
    }",PlanesTest::testIndexedTriangles_singleTriangle_oe
commons-geometry_1687,"@Test
    void testIndexedTriangles_multipleTriangles_oe() {
        // arrange
        // define a square pyramind
        final Vector3D[] vertices = {
            Vector3D.ZERO,
            Vector3D.of(1, 0, 0),
            Vector3D.of(1, 1, 0),
            Vector3D.of(0, 1, 0),
            Vector3D.of(0.5, 0.5, 4)
        };

        final int[][] faceIndices = {
            {0, 2, 1},
            {0, 3, 2},
            {0, 1, 4},
            {1, 2, 4},
            {2, 3, 4},
            {3, 0, 4}
        };

        // act
        final List<Triangle3D> tris = Planes.indexedTriangles(vertices, faceIndices, TEST_PRECISION);

        // assert
        Assertions.assertEquals(6, tris.size());

        final RegionBSPTree3D tree = RegionBSPTree3D.from(tris);
        Assertions.assertEquals(4 / 3.0, tree.getSize(), TEST_EPS);

        final Bounds3D bounds = tree.getBounds();
        EuclideanTestUtils.assertCoordinatesEqual(Vector3D.ZERO, bounds.getMin(), TEST_EPS);
        EuclideanTestUtils.assertCoordinatesEqual(Vector3D.of(1, 1, 4), bounds.getMax(), TEST_EPS);
    }",PlanesTest::testIndexedTriangles_multipleTriangles_oe
commons-geometry_1688,"@Test
    void testIndexedTriangles_invalidArgs_oe() {
        // arrange
        final Vector3D[] vertices = {
            Vector3D.ZERO,
            Vector3D.of(1, 0, 0),
            Vector3D.of(1, 1, 0),
            Vector3D.of(2, 0, 0)
        };

        // act/assert
        GeometryTestUtils.assertThrowsWithMessage(() -> {
            Planes.indexedTriangles(vertices, new int[][] {
                {0}
            }, TEST_PRECISION);
        }, IllegalArgumentException.class,
                ""Invalid number of vertex indices for face at index 0: expected 3 but found 1"");

        GeometryTestUtils.assertThrowsWithMessage(() -> {
            Planes.indexedTriangles(vertices, new int[][] {
                {0, 1, 2, 0}
            }, TEST_PRECISION);
        }, IllegalArgumentException.class,
                ""Invalid number of vertex indices for face at index 0: expected 3 but found 4"");

        GeometryTestUtils.assertThrowsWithMessage(() -> {
            Planes.indexedTriangles(new ArrayList<>(Arrays.asList(vertices)), new int[][] {
                {0, 1, 3}
            }, TEST_PRECISION);
        }, IllegalArgumentException.class, Pattern.compile(""^Points do not define a plane: .*""));

        Assertions.assertThrows(IndexOutOfBoundsException.class, () -> Planes.indexedTriangles(vertices, new int[][] {
                {0, 1, 10}
        }, TEST_PRECISION));
        Assertions.assertThrows(IndexOutOfBoundsException.class, () -> Planes.indexedTriangles(new ArrayList<>(Arrays.asList(vertices)), new int[][] {
                {0, 1, 10}
        }, TEST_PRECISION));
    }",PlanesTest::testIndexedTriangles_invalidArgs_oe
commons-geometry_1689,"@Test
    void testIndexedConvexPolygons_singleTriangle_noFaces_oe() {
        // act
        final List<ConvexPolygon3D> polys = Planes.indexedConvexPolygons(new Vector3D[0], new int[0][], TEST_PRECISION);

        // assert
        Assertions.assertEquals(0, polys.size());
    }",PlanesTest::testIndexedConvexPolygons_singleTriangle_noFaces_oe
commons-geometry_1690,"@Test
    void testIndexedConvexPolygons_singleSquare_oe() {
        // arrange
        final Vector3D[] vertices = {
            Vector3D.ZERO,
            Vector3D.of(1, 0, 0),
            Vector3D.of(1, 1, 0),
            Vector3D.of(0, 1, 0)
        };

        final int[][] faceIndices = {
            {0, 3, 2, 1}
        };

        // act
        final List<ConvexPolygon3D> polys = Planes.indexedConvexPolygons(Arrays.asList(vertices), faceIndices,
                TEST_PRECISION);

        // assert
        Assertions.assertEquals(1, polys.size());

        final ConvexPolygon3D a = polys.get(0);
        EuclideanTestUtils.assertVertexLoopSequence(Arrays.asList(
                    Vector3D.ZERO,
                    Vector3D.of(0, 1, 0),
                    Vector3D.of(1, 1, 0),
                    Vector3D.of(1, 0, 0)
                ), a.getVertices(), TEST_PRECISION);
    }",PlanesTest::testIndexedConvexPolygons_singleSquare_oe
commons-geometry_1691,"@Test
    void testIndexedConvexPolygons_mixedPolygons_oe() {
        // arrange
        // define a square pyramind
        final Vector3D[] vertices = {
            Vector3D.ZERO,
            Vector3D.of(1, 0, 0),
            Vector3D.of(1, 1, 0),
            Vector3D.of(0, 1, 0),
            Vector3D.of(0.5, 0.5, 4)
        };

        final int[][] faceIndices = {
            {0, 3, 2, 1},
            {0, 1, 4},
            {1, 2, 4},
            {2, 3, 4},
            {3, 0, 4}
        };

        // act
        final List<ConvexPolygon3D> polys = Planes.indexedConvexPolygons(vertices, faceIndices, TEST_PRECISION);

        // assert
        Assertions.assertEquals(5, polys.size());

        final RegionBSPTree3D tree = RegionBSPTree3D.from(polys);
        Assertions.assertEquals(4 / 3.0, tree.getSize(), TEST_EPS);

        final Bounds3D bounds = tree.getBounds();
        EuclideanTestUtils.assertCoordinatesEqual(Vector3D.ZERO, bounds.getMin(), TEST_EPS);
        EuclideanTestUtils.assertCoordinatesEqual(Vector3D.of(1, 1, 4), bounds.getMax(), TEST_EPS);
    }",PlanesTest::testIndexedConvexPolygons_mixedPolygons_oe
commons-geometry_1692,"@Test
    void testIndexedConvexPolygons_cube_oe() {
        // arrange
        final Vector3D[] vertices = {
            Vector3D.of(-0.5, -0.5, -0.5),
            Vector3D.of(0.5, -0.5, -0.5),
            Vector3D.of(0.5, 0.5, -0.5),
            Vector3D.of(-0.5, 0.5, -0.5),

            Vector3D.of(-0.5, -0.5, 0.5),
            Vector3D.of(0.5, -0.5, 0.5),
            Vector3D.of(0.5, 0.5, 0.5),
            Vector3D.of(-0.5, 0.5, 0.5)
        };

        final int[][] faceIndices = {
            {0, 4, 7, 3},
            {1, 2, 6, 5},
            {0, 1, 5, 4},
            {3, 7, 6, 2},
            {0, 3, 2, 1},
            {4, 5, 6, 7}
        };

        // act
        final List<ConvexPolygon3D> polys = Planes.indexedConvexPolygons(Arrays.asList(vertices), faceIndices,
                TEST_PRECISION);

        // assert
        Assertions.assertEquals(6, polys.size());

        final RegionBSPTree3D tree = RegionBSPTree3D.from(polys);
        Assertions.assertEquals(1.0, tree.getSize(), TEST_EPS);

        final Bounds3D bounds = tree.getBounds();
        EuclideanTestUtils.assertCoordinatesEqual(Vector3D.of(-0.5, -0.5, -0.5), bounds.getMin(), TEST_EPS);
        EuclideanTestUtils.assertCoordinatesEqual(Vector3D.of(0.5, 0.5, 0.5), bounds.getMax(), TEST_EPS);
    }",PlanesTest::testIndexedConvexPolygons_cube_oe
commons-geometry_1693,"@Test
    void testIndexedConvexPolygons_invalidArgs_oe() {
        // arrange
        final Vector3D[] vertices = {
            Vector3D.ZERO,
            Vector3D.of(1, 0, 0),
            Vector3D.of(1, 1, 0),
            Vector3D.of(2, 0, 0)
        };

        // act/assert
        GeometryTestUtils.assertThrowsWithMessage(() -> {
            Planes.indexedConvexPolygons(vertices, new int[][] {
                {0}
            }, TEST_PRECISION);
        }, IllegalArgumentException.class,
                ""Invalid number of vertex indices for face at index 0: required at least 3 but found 1"");

        GeometryTestUtils.assertThrowsWithMessage(() -> {
            Planes.indexedConvexPolygons(new ArrayList<>(Arrays.asList(vertices)), new int[][] {
                {0, 1, 3}
            }, TEST_PRECISION);
        }, IllegalArgumentException.class, Pattern.compile(""^Points do not define a plane: .*""));

        Assertions.assertThrows(IndexOutOfBoundsException.class, () -> Planes.indexedConvexPolygons(vertices, new int[][] {
                {0, 1, 10}
        }, TEST_PRECISION));
        Assertions.assertThrows(IndexOutOfBoundsException.class, () -> Planes.indexedConvexPolygons(new ArrayList<>(Arrays.asList(vertices)), new int[][] {
                {0, 1, 10}
        }, TEST_PRECISION));
    }",PlanesTest::testIndexedConvexPolygons_invalidArgs_oe
commons-geometry_1694,"@Test
    void testConvexPolygonToTriangleFan_threeVertices_oe() {
        // arrange
        final Plane plane = Planes.fromNormal(Vector3D.Unit.PLUS_Z, TEST_PRECISION);
        final Vector3D p1 = Vector3D.ZERO;
        final Vector3D p2 = Vector3D.of(1, 0, 0);
        final Vector3D p3 = Vector3D.of(0, 1, 0);

        // act
        final List<Triangle3D> tris = Planes.convexPolygonToTriangleFan(plane, Arrays.asList(p1, p2, p3));

        // assert
        Assertions.assertEquals(1, tris.size());

        final Triangle3D a = tris.get(0);
        Assertions.assertSame(plane, a.getPlane());
        EuclideanTestUtils.assertVertexLoopSequence(Arrays.asList(p1, p2, p3), a.getVertices(), TEST_PRECISION);
    }",PlanesTest::testConvexPolygonToTriangleFan_threeVertices_oe
commons-geometry_1695,"@Test
    void testConvexPolygonToTriangleFan_fourVertices_oe() {
        // arrange
        final Plane plane = Planes.fromNormal(Vector3D.Unit.PLUS_Z, TEST_PRECISION);
        final Vector3D p1 = Vector3D.ZERO;
        final Vector3D p2 = Vector3D.of(1, 0, 0);
        final Vector3D p3 = Vector3D.of(1, 1, 0);
        final Vector3D p4 = Vector3D.of(0, 1, 0);

        // act
        final List<Triangle3D> tris = Planes.convexPolygonToTriangleFan(plane, Arrays.asList(p1, p2, p3, p4));

        // assert
        Assertions.assertEquals(2, tris.size());

        final Triangle3D a = tris.get(0);
        Assertions.assertSame(plane, a.getPlane());
        EuclideanTestUtils.assertVertexLoopSequence(Arrays.asList(p1, p2, p3), a.getVertices(), TEST_PRECISION);

        final Triangle3D b = tris.get(1);
        Assertions.assertSame(plane, b.getPlane());
        EuclideanTestUtils.assertVertexLoopSequence(Arrays.asList(p1, p3, p4), b.getVertices(), TEST_PRECISION);
    }",PlanesTest::testConvexPolygonToTriangleFan_fourVertices_oe
commons-geometry_1696,"@Test
    void testConvexPolygonToTriangleFan_sixVertices_oe() {
        // arrange
        final Plane plane = Planes.fromNormal(Vector3D.Unit.PLUS_Z, TEST_PRECISION);
        final Vector3D p1 = Vector3D.ZERO;
        final Vector3D p2 = Vector3D.of(1, -1, 0);
        final Vector3D p3 = Vector3D.of(1.5, -1, 0);
        final Vector3D p4 = Vector3D.of(5, 0, 0);
        final Vector3D p5 = Vector3D.of(3, 1, 0);
        final Vector3D p6 = Vector3D.of(0.5, 1, 0);

        // act
        final List<Triangle3D> tris = Planes.convexPolygonToTriangleFan(plane, Arrays.asList(p1, p2, p3, p4, p5, p6));

        // assert
        Assertions.assertEquals(4, tris.size());

        final Triangle3D a = tris.get(0);
        Assertions.assertSame(plane, a.getPlane());
        EuclideanTestUtils.assertVertexLoopSequence(Arrays.asList(p3, p4, p5), a.getVertices(), TEST_PRECISION);

        final Triangle3D b = tris.get(1);
        Assertions.assertSame(plane, b.getPlane());
        EuclideanTestUtils.assertVertexLoopSequence(Arrays.asList(p3, p5, p6), b.getVertices(), TEST_PRECISION);

        final Triangle3D c = tris.get(2);
        Assertions.assertSame(plane, c.getPlane());
        EuclideanTestUtils.assertVertexLoopSequence(Arrays.asList(p3, p6, p1), c.getVertices(), TEST_PRECISION);

        final Triangle3D d = tris.get(3);
        Assertions.assertSame(plane, d.getPlane());
        EuclideanTestUtils.assertVertexLoopSequence(Arrays.asList(p3, p1, p2), d.getVertices(), TEST_PRECISION);
    }",PlanesTest::testConvexPolygonToTriangleFan_sixVertices_oe
commons-geometry_1697,"@Test
    void testConvexPolygonToTriangleFan_notEnoughVertices_oe() {
        // arrange
        final String baseMsg = ""Cannot create triangle fan: 3 or more vertices are required but found only "";
        final Plane plane = Planes.fromNormal(Vector3D.Unit.PLUS_Z, TEST_PRECISION);

        // act/assert
        GeometryTestUtils.assertThrowsWithMessage(() -> {
            Planes.convexPolygonToTriangleFan(plane, Collections.emptyList());
        }, IllegalArgumentException.class, baseMsg + ""0"");

        GeometryTestUtils.assertThrowsWithMessage(() -> {
            Planes.convexPolygonToTriangleFan(plane, Collections.singletonList(Vector3D.ZERO));
        }, IllegalArgumentException.class, baseMsg + ""1"");

        GeometryTestUtils.assertThrowsWithMessage(() -> {
            Planes.convexPolygonToTriangleFan(plane, Arrays.asList(Vector3D.ZERO, Vector3D.of(1, 0, 0)));
        }, IllegalArgumentException.class, baseMsg + ""2"");
    }",PlanesTest::testConvexPolygonToTriangleFan_notEnoughVertices_oe
commons-geometry_1698,"@Test
    void testExtrudeVertexLoop_convex_oe() {
        // arrange
        final List<Vector2D> vertices = Arrays.asList(
                Vector2D.of(2, 1),
                Vector2D.of(3, 1),
                Vector2D.of(2, 3)
            );

        final EmbeddingPlane plane = Planes.fromPointAndPlaneVectors(Vector3D.of(0, 0, 1),
                Vector3D.Unit.PLUS_Y, Vector3D.Unit.MINUS_X, TEST_PRECISION);
        final Vector3D extrusionVector = Vector3D.of(1, 0, 1);

        // act
        final List<PlaneConvexSubset> boundaries = Planes.extrudeVertexLoop(vertices, plane, extrusionVector, TEST_PRECISION);

        // assert
        Assertions.assertEquals(5, boundaries.size());

        final RegionBSPTree3D tree = RegionBSPTree3D.from(boundaries);

        Assertions.assertEquals(1, tree.getSize(), TEST_EPS);
        EuclideanTestUtils.assertCoordinatesEqual(
                Vector3D.of(-5.0 / 3.0, 7.0 / 3.0, 1).add(extrusionVector.multiply(0.5)), tree.getCentroid(), TEST_EPS);

        EuclideanTestUtils.assertRegionLocation(tree, RegionLocation.INSIDE,
                Vector3D.of(-1.5, 2.5, 1.25), tree.getCentroid());
        EuclideanTestUtils.assertRegionLocation(tree, RegionLocation.BOUNDARY,
                Vector3D.of(-2, 2, 1), Vector3D.of(-1, 2, 1), Vector3D.of(-1, 3, 1),
                Vector3D.of(-1, 2, 2), Vector3D.of(0, 2, 2), Vector3D.of(0, 3, 2));

        EuclideanTestUtils.assertRegionLocation(tree, RegionLocation.OUTSIDE,
                Vector3D.of(-1.5, 2.5, 0.9), Vector3D.of(-1.5, 2.5, 2.1));
    }",PlanesTest::testExtrudeVertexLoop_convex_oe
commons-geometry_1699,"@Test
    void testExtrudeVertexLoop_nonConvex_oe() {
        // arrange
        final List<Vector2D> vertices = Arrays.asList(
                Vector2D.of(1, 2),
                Vector2D.of(1, -2),
                Vector2D.of(4, -2),
                Vector2D.of(4, -1),
                Vector2D.of(2, -1),
                Vector2D.of(2, 1),
                Vector2D.of(4, 1),
                Vector2D.of(4, 2),
                Vector2D.of(1, 2)
            );

        final EmbeddingPlane plane = Planes.fromPointAndPlaneVectors(Vector3D.of(0, 0, -1),
                Vector3D.Unit.PLUS_X, Vector3D.Unit.PLUS_Y, TEST_PRECISION);
        final Vector3D extrusionVector = Vector3D.of(0, 0, 2);

        // act
        final List<PlaneConvexSubset> boundaries = Planes.extrudeVertexLoop(vertices, plane, extrusionVector, TEST_PRECISION);

        // assert
        Assertions.assertEquals(14, boundaries.size());

        final RegionBSPTree3D tree = RegionBSPTree3D.from(boundaries);

        Assertions.assertEquals(16, tree.getSize(), TEST_EPS);
        EuclideanTestUtils.assertCoordinatesEqual(Vector3D.of(2.25, 0, 0), tree.getCentroid(), TEST_EPS);

        EuclideanTestUtils.assertRegionLocation(tree, RegionLocation.INSIDE,
                Vector3D.of(1.5, 0, 0), Vector3D.of(3, 1.5, 0), Vector3D.of(3, -1.5, 0));
        EuclideanTestUtils.assertRegionLocation(tree, RegionLocation.BOUNDARY,
                Vector3D.of(1.5, 0, -1), Vector3D.of(3, 1.5, -1), Vector3D.of(3, -1.5, -1),
                Vector3D.of(1.5, 0, 1), Vector3D.of(3, 1.5, 1), Vector3D.of(3, -1.5, 1),
                Vector3D.of(1, 0, 0), Vector3D.of(2.5, -2, 0), Vector3D.of(4, -1.5, 0),
                Vector3D.of(3, -1, 0), Vector3D.of(2, 0, 0), Vector3D.of(3, 1, 0),
                Vector3D.of(4, 1.5, 0), Vector3D.of(2.5, 2, 0));

        EuclideanTestUtils.assertRegionLocation(tree, RegionLocation.OUTSIDE,
                tree.getCentroid(), Vector3D.ZERO, Vector3D.of(5, 0, 0));
    }",PlanesTest::testExtrudeVertexLoop_nonConvex_oe
commons-geometry_1700,"@Test
    void testExtrudeVertexLoop_noVertices_oe() {
        // arrange
        final List<Vector2D> vertices = new ArrayList<>();

        final EmbeddingPlane plane = Planes.fromPointAndPlaneVectors(Vector3D.of(0, 0, -1),
                Vector3D.Unit.PLUS_X, Vector3D.Unit.PLUS_Y, TEST_PRECISION);
        final Vector3D extrusionVector = Vector3D.of(0, 0, 2);

        // act
        final List<PlaneConvexSubset> boundaries = Planes.extrudeVertexLoop(vertices, plane, extrusionVector, TEST_PRECISION);

        // assert
        Assertions.assertEquals(0, boundaries.size());
    }",PlanesTest::testExtrudeVertexLoop_noVertices_oe
commons-geometry_1701,"@Test
    void testExtrudeVertexLoop_twoVertices_producesInfiniteRegion_oe() {
        // arrange
        final List<Vector2D> vertices = Arrays.asList(Vector2D.ZERO, Vector2D.of(1, 1));

        final EmbeddingPlane plane = Planes.fromPointAndPlaneVectors(Vector3D.of(0, 0, -1),
                Vector3D.Unit.PLUS_X, Vector3D.Unit.PLUS_Y, TEST_PRECISION);
        final Vector3D extrusionVector = Vector3D.of(0, 0, 2);

        // act
        final List<PlaneConvexSubset> boundaries = Planes.extrudeVertexLoop(vertices, plane, extrusionVector, TEST_PRECISION);

        // assert
        Assertions.assertEquals(3, boundaries.size());

        final PlaneConvexSubset bottom = boundaries.get(0);
        Assertions.assertTrue(bottom.isInfinite());
        Assertions.assertTrue(bottom.getPlane().contains(Vector3D.of(0, 0, -1)));
        EuclideanTestUtils.assertCoordinatesEqual(Vector3D.of(0, 0, -1), bottom.getPlane().getNormal(), TEST_EPS);

        final PlaneConvexSubset top = boundaries.get(1);
        Assertions.assertTrue(top.isInfinite());
        Assertions.assertTrue(top.getPlane().contains(Vector3D.of(0, 0, 1)));
        EuclideanTestUtils.assertCoordinatesEqual(Vector3D.of(0, 0, 1), top.getPlane().getNormal(), TEST_EPS);

        final PlaneConvexSubset side = boundaries.get(2);
        Assertions.assertTrue(side.isInfinite());
        Assertions.assertTrue(side.getPlane().contains(Vector3D.ZERO));
        EuclideanTestUtils.assertCoordinatesEqual(Vector3D.of(1, -1, 0).normalize(),
                side.getPlane().getNormal(), TEST_EPS);

        final RegionBSPTree3D tree = RegionBSPTree3D.from(boundaries);
        Assertions.assertFalse(tree.isFull());
        Assertions.assertTrue(tree.isInfinite());

        EuclideanTestUtils.assertRegionLocation(tree, RegionLocation.INSIDE,
                Vector3D.of(0, 1, 0), Vector3D.of(-1, 0, 0), Vector3D.of(-2, -1, 0));

        EuclideanTestUtils.assertRegionLocation(tree, RegionLocation.BOUNDARY,
                Vector3D.of(1, 1, 0), Vector3D.of(0, 0, 0), Vector3D.of(-1, -1, 0));

        EuclideanTestUtils.assertRegionLocation(tree, RegionLocation.OUTSIDE,
                Vector3D.of(2, 1, 0), Vector3D.of(1, 0, 0), Vector3D.of(0, -1, 0));
    }",PlanesTest::testExtrudeVertexLoop_twoVertices_producesInfiniteRegion_oe
commons-geometry_1702,"@Test
    void testExtrudeVertexLoop_invalidVertexList_oe() {
        // arrange
        final EmbeddingPlane plane = Planes.fromPointAndPlaneVectors(Vector3D.of(0, 0, -1),
                Vector3D.Unit.PLUS_X, Vector3D.Unit.PLUS_Y, TEST_PRECISION);
        final Vector3D extrusionVector = Vector3D.of(0, 0, 2);

        // act/assert
        Assertions.assertThrows(IllegalStateException.class, () -> Planes.extrudeVertexLoop(Collections.singletonList(Vector2D.ZERO), plane, extrusionVector, TEST_PRECISION));
        Assertions.assertThrows(IllegalStateException.class, () -> Planes.extrudeVertexLoop(Arrays.asList(Vector2D.ZERO, Vector2D.of(0, 1e-16)), plane,
                extrusionVector, TEST_PRECISION));
    }",PlanesTest::testExtrudeVertexLoop_invalidVertexList_oe
commons-geometry_1703,"@Test
    void testExtrudeVertexLoop_regionsConsistentBetweenExtrusionPlanes_oe() {
        // arrange
        final List<Vector2D> vertices = Arrays.asList(
                Vector2D.of(1, 2),
                Vector2D.of(1, -2),
                Vector2D.of(4, -2),
                Vector2D.of(4, -1),
                Vector2D.of(2, -1),
                Vector2D.of(2, 1),
                Vector2D.of(4, 1),
                Vector2D.of(4, 2),
                Vector2D.of(1, 2)
            );

        final RegionBSPTree2D subspaceTree = LinePath.fromVertexLoop(vertices, TEST_PRECISION).toTree();

        final double subspaceSize = subspaceTree.getSize();
        final Vector2D subspaceCentroid = subspaceTree.getCentroid();

        final double extrusionLength = 2;
        final double expectedSize = subspaceSize * extrusionLength;

        final Vector3D planePt = Vector3D.of(-1, 2, -3);

        EuclideanTestUtils.permuteSkipZero(-2, 2, 1, (x, y, z) -> {
            final Vector3D normal = Vector3D.of(x, y, z);
            final EmbeddingPlane plane = Planes.fromPointAndNormal(planePt, normal, TEST_PRECISION).getEmbedding();

            final Vector3D baseCentroid = plane.toSpace(subspaceCentroid);

            final Vector3D plusExtrusionVector = normal.withNorm(extrusionLength);
            final Vector3D minusExtrusionVector = plusExtrusionVector.negate();

            // act
            final RegionBSPTree3D extrudePlus = RegionBSPTree3D.from(
                    Planes.extrudeVertexLoop(vertices, plane, plusExtrusionVector, TEST_PRECISION));
            final RegionBSPTree3D extrudeMinus = RegionBSPTree3D.from(
                    Planes.extrudeVertexLoop(vertices, plane, minusExtrusionVector, TEST_PRECISION));

            // assert
            Assertions.assertEquals(expectedSize, extrudePlus.getSize(), TEST_EPS);
            EuclideanTestUtils.assertCoordinatesEqual(baseCentroid.add(plusExtrusionVector.multiply(0.5)),
                    extrudePlus.getCentroid(), TEST_EPS);

            Assertions.assertEquals(expectedSize, extrudeMinus.getSize(), TEST_EPS);
            EuclideanTestUtils.assertCoordinatesEqual(baseCentroid.add(minusExtrusionVector.multiply(0.5)),
                    extrudeMinus.getCentroid(), TEST_EPS);
        });
    }",PlanesTest::testExtrudeVertexLoop_regionsConsistentBetweenExtrusionPlanes_oe
commons-geometry_1704,"@Test
    void testExtrude_vertexLoop_clockwiseWinding_oe() {
        // arrange
        final List<Vector2D> vertices = Arrays.asList(
            Vector2D.of(0, 1),
            Vector2D.of(1, 0),
            Vector2D.of(0, -1),
            Vector2D.of(-1, 0));

        final EmbeddingPlane plane = Planes.fromPointAndPlaneVectors(Vector3D.of(0, 0, -1),
                Vector3D.Unit.PLUS_X, Vector3D.Unit.PLUS_Y, TEST_PRECISION);
        final Vector3D extrusionVector = Vector3D.of(0, 0, 2);

        // act
        final List<PlaneConvexSubset> boundaries = Planes.extrudeVertexLoop(vertices, plane, extrusionVector, TEST_PRECISION);

        // assert
        final RegionBSPTree3D resultTree = RegionBSPTree3D.from(boundaries);

        Assertions.assertTrue(resultTree.isInfinite());
        EuclideanTestUtils.assertRegionLocation(resultTree, RegionLocation.INSIDE,
                Vector3D.of(1, 1, 0), Vector3D.of(-1, 1, 0), Vector3D.of(-1, -1, 0), Vector3D.of(1, -1, 0));
        EuclideanTestUtils.assertRegionLocation(resultTree, RegionLocation.OUTSIDE, Vector3D.ZERO);
    }",PlanesTest::testExtrude_vertexLoop_clockwiseWinding_oe
commons-geometry_1705,"@Test
    void testExtrude_linePath_emptyPath_oe() {
        // arrange
        final LinePath path = LinePath.empty();

        final EmbeddingPlane plane = Planes.fromPointAndPlaneVectors(Vector3D.of(0, 0, -1),
                Vector3D.Unit.PLUS_X, Vector3D.Unit.PLUS_Y, TEST_PRECISION);
        final Vector3D extrusionVector = Vector3D.of(0, 0, 2);

        // act
        final List<PlaneConvexSubset> boundaries = Planes.extrude(path, plane, extrusionVector, TEST_PRECISION);

        // assert
        Assertions.assertEquals(0, boundaries.size());
    }",PlanesTest::testExtrude_linePath_emptyPath_oe
commons-geometry_1706,"@Test
    void testExtrude_linePath_singleSegment_producesInfiniteRegion_extrudingOnMinus_oe() {
        // arrange
        final LinePath path = LinePath.builder(TEST_PRECISION)
                .append(Vector2D.ZERO)
                .append(Vector2D.of(1, 1))
                .build();

        final EmbeddingPlane plane = Planes.fromPointAndPlaneVectors(Vector3D.of(0, 0, 1),
                Vector3D.Unit.PLUS_X, Vector3D.Unit.PLUS_Y, TEST_PRECISION);
        final Vector3D extrusionVector = Vector3D.of(0, 0, -2);

        // act
        final List<PlaneConvexSubset> boundaries = Planes.extrude(path, plane, extrusionVector, TEST_PRECISION);

        // assert
        Assertions.assertEquals(3, boundaries.size());

        final PlaneConvexSubset top = boundaries.get(0);
        Assertions.assertTrue(top.isInfinite());
        Assertions.assertTrue(top.getPlane().contains(Vector3D.of(0, 0, 1)));
        EuclideanTestUtils.assertCoordinatesEqual(Vector3D.of(0, 0, 1), top.getPlane().getNormal(), TEST_EPS);

        final PlaneConvexSubset bottom = boundaries.get(1);
        Assertions.assertTrue(bottom.isInfinite());
        Assertions.assertTrue(bottom.getPlane().contains(Vector3D.of(0, 0, -1)));
        EuclideanTestUtils.assertCoordinatesEqual(Vector3D.of(0, 0, -1), bottom.getPlane().getNormal(), TEST_EPS);

        final PlaneConvexSubset side = boundaries.get(2);
        Assertions.assertTrue(side.isInfinite());
        Assertions.assertTrue(side.getPlane().contains(Vector3D.ZERO));
        EuclideanTestUtils.assertCoordinatesEqual(Vector3D.of(1, -1, 0).normalize(),
                side.getPlane().getNormal(), TEST_EPS);

        final RegionBSPTree3D tree = RegionBSPTree3D.from(boundaries);
        Assertions.assertFalse(tree.isFull());
        Assertions.assertTrue(tree.isInfinite());

        EuclideanTestUtils.assertRegionLocation(tree, RegionLocation.INSIDE,
                Vector3D.of(0, 1, 0), Vector3D.of(-1, 0, 0), Vector3D.of(-2, -1, 0));

        EuclideanTestUtils.assertRegionLocation(tree, RegionLocation.BOUNDARY,
                Vector3D.of(1, 1, 0), Vector3D.of(0, 0, 0), Vector3D.of(-1, -1, 0));

        EuclideanTestUtils.assertRegionLocation(tree, RegionLocation.OUTSIDE,
                Vector3D.of(2, 1, 0), Vector3D.of(1, 0, 0), Vector3D.of(0, -1, 0));
    }",PlanesTest::testExtrude_linePath_singleSegment_producesInfiniteRegion_extrudingOnMinus_oe
commons-geometry_1707,"@Test
    void testExtrude_linePath_singleSegment_producesInfiniteRegion_extrudingOnPlus_oe() {
        // arrange
        final LinePath path = LinePath.builder(TEST_PRECISION)
                .append(Vector2D.ZERO)
                .append(Vector2D.of(1, 1))
                .build();

        final EmbeddingPlane plane = Planes.fromPointAndPlaneVectors(Vector3D.of(0, 0, -1),
                Vector3D.Unit.PLUS_X, Vector3D.Unit.PLUS_Y, TEST_PRECISION);
        final Vector3D extrusionVector = Vector3D.of(0, 0, 2);

        // act
        final List<PlaneConvexSubset> boundaries = Planes.extrude(path, plane, extrusionVector, TEST_PRECISION);

        // assert
        Assertions.assertEquals(3, boundaries.size());

        final PlaneConvexSubset bottom = boundaries.get(0);
        Assertions.assertTrue(bottom.isInfinite());
        Assertions.assertTrue(bottom.getPlane().contains(Vector3D.of(0, 0, -1)));
        EuclideanTestUtils.assertCoordinatesEqual(Vector3D.of(0, 0, -1), bottom.getPlane().getNormal(), TEST_EPS);

        final PlaneConvexSubset top = boundaries.get(1);
        Assertions.assertTrue(top.isInfinite());
        Assertions.assertTrue(top.getPlane().contains(Vector3D.of(0, 0, 1)));
        EuclideanTestUtils.assertCoordinatesEqual(Vector3D.of(0, 0, 1), top.getPlane().getNormal(), TEST_EPS);

        final PlaneConvexSubset side = boundaries.get(2);
        Assertions.assertTrue(side.isInfinite());
        Assertions.assertTrue(side.getPlane().contains(Vector3D.ZERO));
        EuclideanTestUtils.assertCoordinatesEqual(Vector3D.of(1, -1, 0).normalize(),
                side.getPlane().getNormal(), TEST_EPS);

        final RegionBSPTree3D tree = RegionBSPTree3D.from(boundaries);
        Assertions.assertFalse(tree.isFull());
        Assertions.assertTrue(tree.isInfinite());

        EuclideanTestUtils.assertRegionLocation(tree, RegionLocation.INSIDE,
                Vector3D.of(0, 1, 0), Vector3D.of(-1, 0, 0), Vector3D.of(-2, -1, 0));

        EuclideanTestUtils.assertRegionLocation(tree, RegionLocation.BOUNDARY,
                Vector3D.of(1, 1, 0), Vector3D.of(0, 0, 0), Vector3D.of(-1, -1, 0));

        EuclideanTestUtils.assertRegionLocation(tree, RegionLocation.OUTSIDE,
                Vector3D.of(2, 1, 0), Vector3D.of(1, 0, 0), Vector3D.of(0, -1, 0));
    }",PlanesTest::testExtrude_linePath_singleSegment_producesInfiniteRegion_extrudingOnPlus_oe
commons-geometry_1708,"@Test
    void testExtrude_linePath_singleSpan_producesInfiniteRegion_oe() {
        // arrange
        final LinePath path = LinePath.from(Lines.fromPoints(Vector2D.ZERO, Vector2D.of(1, 1), TEST_PRECISION).span());

        final EmbeddingPlane plane = Planes.fromPointAndPlaneVectors(Vector3D.of(0, 0, -1),
                Vector3D.Unit.PLUS_X, Vector3D.Unit.PLUS_Y, TEST_PRECISION);
        final Vector3D extrusionVector = Vector3D.of(0, 0, 2);

        // act
        final List<PlaneConvexSubset> boundaries = Planes.extrude(path, plane, extrusionVector, TEST_PRECISION);

        // assert
        Assertions.assertEquals(3, boundaries.size());

        final PlaneConvexSubset bottom = boundaries.get(0);
        Assertions.assertTrue(bottom.isInfinite());
        Assertions.assertTrue(bottom.getPlane().contains(Vector3D.of(0, 0, -1)));
        EuclideanTestUtils.assertCoordinatesEqual(Vector3D.of(0, 0, -1), bottom.getPlane().getNormal(), TEST_EPS);

        final PlaneConvexSubset top = boundaries.get(1);
        Assertions.assertTrue(top.isInfinite());
        Assertions.assertTrue(top.getPlane().contains(Vector3D.of(0, 0, 1)));
        EuclideanTestUtils.assertCoordinatesEqual(Vector3D.of(0, 0, 1), top.getPlane().getNormal(), TEST_EPS);

        final PlaneConvexSubset side = boundaries.get(2);
        Assertions.assertTrue(side.isInfinite());
        Assertions.assertTrue(side.getPlane().contains(Vector3D.ZERO));
        EuclideanTestUtils.assertCoordinatesEqual(Vector3D.of(1, -1, 0).normalize(),
                side.getPlane().getNormal(), TEST_EPS);

        final RegionBSPTree3D tree = RegionBSPTree3D.from(boundaries);
        Assertions.assertFalse(tree.isFull());
        Assertions.assertTrue(tree.isInfinite());

        EuclideanTestUtils.assertRegionLocation(tree, RegionLocation.INSIDE,
                Vector3D.of(0, 1, 0), Vector3D.of(-1, 0, 0), Vector3D.of(-2, -1, 0));

        EuclideanTestUtils.assertRegionLocation(tree, RegionLocation.BOUNDARY,
                Vector3D.of(1, 1, 0), Vector3D.of(0, 0, 0), Vector3D.of(-1, -1, 0));

        EuclideanTestUtils.assertRegionLocation(tree, RegionLocation.OUTSIDE,
                Vector3D.of(2, 1, 0), Vector3D.of(1, 0, 0), Vector3D.of(0, -1, 0));
    }",PlanesTest::testExtrude_linePath_singleSpan_producesInfiniteRegion_oe
commons-geometry_1709,"@Test
    void testExtrude_linePath_intersectingInfiniteLines_extrudingOnPlus_oe() {
        // arrange
        final Vector2D intersectionPt = Vector2D.of(1, 0);

        final LinePath path = LinePath.from(
                Lines.fromPointAndAngle(intersectionPt, 0, TEST_PRECISION).reverseRayTo(intersectionPt),
                Lines.fromPointAndAngle(intersectionPt, Angle.PI_OVER_TWO, TEST_PRECISION)
                    .rayFrom(intersectionPt));

        final EmbeddingPlane plane = Planes.fromPointAndPlaneVectors(Vector3D.of(0, 0, -1),
                Vector3D.Unit.PLUS_X, Vector3D.Unit.PLUS_Y, TEST_PRECISION);
        final Vector3D extrusionVector = Vector3D.of(0, 0, 2);

        // act
        final List<PlaneConvexSubset> boundaries = Planes.extrude(path, plane, extrusionVector, TEST_PRECISION);

        // assert
        Assertions.assertEquals(4, boundaries.size());

        final RegionBSPTree3D tree = RegionBSPTree3D.from(boundaries);
        Assertions.assertFalse(tree.isFull());
        Assertions.assertTrue(tree.isInfinite());

        EuclideanTestUtils.assertRegionLocation(tree, RegionLocation.INSIDE,
                Vector3D.of(0, 1, 0), Vector3D.of(-1, 1, 0), Vector3D.of(0, 2, 0), Vector3D.of(-1, 2, 0));

        EuclideanTestUtils.assertRegionLocation(tree, RegionLocation.BOUNDARY,
                Vector3D.of(-1, 0, 0), Vector3D.of(0, 0, 0), Vector3D.of(1, 0, 0),
                Vector3D.of(1, 1, 0), Vector3D.of(1, 2, 0), Vector3D.of(-2, 2, 1),
                Vector3D.of(-2, 2, -1));

        EuclideanTestUtils.assertRegionLocation(tree, RegionLocation.OUTSIDE,
                Vector3D.of(-1, -1, 0), Vector3D.of(1, -1, 0), Vector3D.of(3, 1, 0), Vector3D.of(3, -1, 0),
                Vector3D.of(-2, -2, -2), Vector3D.of(-2, -2, 2));
    }",PlanesTest::testExtrude_linePath_intersectingInfiniteLines_extrudingOnPlus_oe
commons-geometry_1710,"@Test
    void testExtrude_linePath_intersectingInfiniteLines_extrudingOnMinus_oe() {
        // arrange
        final Vector2D intersectionPt = Vector2D.of(1, 0);

        final LinePath path = LinePath.from(
                Lines.fromPointAndAngle(intersectionPt, 0, TEST_PRECISION).reverseRayTo(intersectionPt),
                Lines.fromPointAndAngle(intersectionPt, Angle.PI_OVER_TWO, TEST_PRECISION)
                    .rayFrom(intersectionPt));

        final EmbeddingPlane plane = Planes.fromPointAndPlaneVectors(Vector3D.of(0, 0, 1),
                Vector3D.Unit.PLUS_X, Vector3D.Unit.PLUS_Y, TEST_PRECISION);
        final Vector3D extrusionVector = Vector3D.of(0, 0, -2);

        // act
        final List<PlaneConvexSubset> boundaries = Planes.extrude(path, plane, extrusionVector, TEST_PRECISION);

        // assert
        Assertions.assertEquals(4, boundaries.size());

        final RegionBSPTree3D tree = RegionBSPTree3D.from(boundaries);
        Assertions.assertFalse(tree.isFull());
        Assertions.assertTrue(tree.isInfinite());

        EuclideanTestUtils.assertRegionLocation(tree, RegionLocation.INSIDE,
                Vector3D.of(0, 1, 0), Vector3D.of(-1, 1, 0), Vector3D.of(0, 2, 0), Vector3D.of(-1, 2, 0));

        EuclideanTestUtils.assertRegionLocation(tree, RegionLocation.BOUNDARY,
                Vector3D.of(-1, 0, 0), Vector3D.of(0, 0, 0), Vector3D.of(1, 0, 0),
                Vector3D.of(1, 1, 0), Vector3D.of(1, 2, 0), Vector3D.of(-2, 2, 1),
                Vector3D.of(-2, 2, -1));

        EuclideanTestUtils.assertRegionLocation(tree, RegionLocation.OUTSIDE,
                Vector3D.of(-1, -1, 0), Vector3D.of(1, -1, 0), Vector3D.of(3, 1, 0), Vector3D.of(3, -1, 0),
                Vector3D.of(-2, -2, -2), Vector3D.of(-2, -2, 2));
    }",PlanesTest::testExtrude_linePath_intersectingInfiniteLines_extrudingOnMinus_oe
commons-geometry_1711,"@Test
    void testExtrude_linePath_infiniteNonConvex_oe() {
        // arrange
        final LinePath path = LinePath.builder(TEST_PRECISION)
                .append(Vector2D.of(1, -5))
                .append(Vector2D.of(1, 1))
                .append(Vector2D.of(0, 0))
                .append(Vector2D.of(-1, 1))
                .append(Vector2D.of(-1, -5))
                .build();

        final EmbeddingPlane plane = Planes.fromPointAndPlaneVectors(Vector3D.of(0, 0, 1),
                Vector3D.Unit.PLUS_X, Vector3D.Unit.PLUS_Y, TEST_PRECISION);
        final Vector3D extrusionVector = Vector3D.of(0, 0, -2);

        // act
        final List<PlaneConvexSubset> boundaries = Planes.extrude(path, plane, extrusionVector, TEST_PRECISION);

        // assert
        Assertions.assertEquals(8, boundaries.size());

        final RegionBSPTree3D tree = RegionBSPTree3D.from(boundaries);
        Assertions.assertFalse(tree.isFull());
        Assertions.assertTrue(tree.isInfinite());

        EuclideanTestUtils.assertRegionLocation(tree, RegionLocation.INSIDE,
                Vector3D.of(0, -1, 0), Vector3D.of(0, -100, 0));

        EuclideanTestUtils.assertRegionLocation(tree, RegionLocation.BOUNDARY,
                Vector3D.of(-1, 1, 0), Vector3D.of(0, 0, 0), Vector3D.of(1, 1, 0),
                Vector3D.of(-1, -100, 0), Vector3D.of(1, -100, 0),
                Vector3D.of(0, -100, 1), Vector3D.of(0, -100, -1));

        EuclideanTestUtils.assertRegionLocation(tree, RegionLocation.OUTSIDE,
                Vector3D.of(-2, 0, 0), Vector3D.of(2, 0, 0), Vector3D.of(0, 0.5, 0),
                Vector3D.of(0, -100, -2), Vector3D.of(0, -100, 2));
    }",PlanesTest::testExtrude_linePath_infiniteNonConvex_oe
commons-geometry_1712,"@Test
    void testExtrude_linePath_clockwiseWinding_oe() {
        // arrange
        final LinePath path = LinePath.builder(TEST_PRECISION)
                .append(Vector2D.of(0, 1))
                .append(Vector2D.of(1, 0))
                .append(Vector2D.of(0, -1))
                .append(Vector2D.of(-1, 0))
                .close();

        final EmbeddingPlane plane = Planes.fromPointAndPlaneVectors(Vector3D.of(0, 0, -1),
                Vector3D.Unit.PLUS_X, Vector3D.Unit.PLUS_Y, TEST_PRECISION);
        final Vector3D extrusionVector = Vector3D.of(0, 0, 2);

        // act
        final List<PlaneConvexSubset> boundaries = Planes.extrude(path, plane, extrusionVector, TEST_PRECISION);

        // assert
        final RegionBSPTree3D resultTree = RegionBSPTree3D.from(boundaries);

        Assertions.assertTrue(resultTree.isInfinite());
        EuclideanTestUtils.assertRegionLocation(resultTree, RegionLocation.INSIDE,
                Vector3D.of(1, 1, 0), Vector3D.of(-1, 1, 0), Vector3D.of(-1, -1, 0), Vector3D.of(1, -1, 0));
        EuclideanTestUtils.assertRegionLocation(resultTree, RegionLocation.OUTSIDE, Vector3D.ZERO);
    }",PlanesTest::testExtrude_linePath_clockwiseWinding_oe
commons-geometry_1713,"@Test
    void testExtrude_region_empty_oe() {
        // arrange
        final RegionBSPTree2D tree = RegionBSPTree2D.empty();

        final EmbeddingPlane plane = Planes.fromPointAndPlaneVectors(Vector3D.of(0, 0, 1),
                Vector3D.Unit.PLUS_X, Vector3D.Unit.PLUS_Y, TEST_PRECISION);
        final Vector3D extrusionVector = Vector3D.of(0, 0, -2);

        // act
        final List<PlaneConvexSubset> boundaries = Planes.extrude(tree, plane, extrusionVector, TEST_PRECISION);

        // assert
        Assertions.assertEquals(0, boundaries.size());
    }",PlanesTest::testExtrude_region_empty_oe
commons-geometry_1714,"@Test
    void testExtrude_region_full_oe() {
        // arrange
        final RegionBSPTree2D tree = RegionBSPTree2D.full();

        final EmbeddingPlane plane = Planes.fromPointAndPlaneVectors(Vector3D.of(0, 0, 1),
                Vector3D.Unit.PLUS_X, Vector3D.Unit.PLUS_Y, TEST_PRECISION);
        final Vector3D extrusionVector = Vector3D.of(0, 0, -2);

        // act
        final List<PlaneConvexSubset> boundaries = Planes.extrude(tree, plane, extrusionVector, TEST_PRECISION);

        // assert
        Assertions.assertEquals(2, boundaries.size());

        Assertions.assertTrue(boundaries.get(0).isFull());
        Assertions.assertTrue(boundaries.get(1).isFull());

        final RegionBSPTree3D resultTree = RegionBSPTree3D.from(boundaries);

        EuclideanTestUtils.assertRegionLocation(resultTree, RegionLocation.INSIDE,
                Vector3D.of(1, 1, 0), Vector3D.of(-1, 1, 0), Vector3D.of(-1, -1, 0), Vector3D.of(1, -1, 0));

        EuclideanTestUtils.assertRegionLocation(resultTree, RegionLocation.BOUNDARY,
                Vector3D.of(1, 1, 1), Vector3D.of(-1, 1, 1), Vector3D.of(-1, -1, 1), Vector3D.of(1, -1, 1),
                Vector3D.of(1, 1, -1), Vector3D.of(-1, 1, -1), Vector3D.of(-1, -1, -1), Vector3D.of(1, -1, -1));

        EuclideanTestUtils.assertRegionLocation(resultTree, RegionLocation.OUTSIDE,
                Vector3D.of(1, 1, 2), Vector3D.of(-1, 1, 2), Vector3D.of(-1, -1, 2), Vector3D.of(1, -1, 2),
                Vector3D.of(1, 1, -2), Vector3D.of(-1, 1, -2), Vector3D.of(-1, -1, -2), Vector3D.of(1, -1, -2));
    }",PlanesTest::testExtrude_region_full_oe
commons-geometry_1715,"@Test
    void testExtrude_region_disjointRegions_oe() {
        // arrange
        final RegionBSPTree2D tree = RegionBSPTree2D.empty();
        tree.insert(Parallelogram.axisAligned(Vector2D.ZERO, Vector2D.of(1, 1), TEST_PRECISION));
        tree.insert(Parallelogram.axisAligned(Vector2D.of(2, 2), Vector2D.of(3, 3), TEST_PRECISION));

        final EmbeddingPlane plane = Planes.fromPointAndPlaneVectors(Vector3D.of(0, 0, 1),
                Vector3D.Unit.PLUS_X, Vector3D.Unit.PLUS_Y, TEST_PRECISION);
        final Vector3D extrusionVector = Vector3D.of(0, 0, -2);

        // act
        final List<PlaneConvexSubset> boundaries = Planes.extrude(tree, plane, extrusionVector, TEST_PRECISION);

        // assert
        Assertions.assertEquals(12, boundaries.size());

        final RegionBSPTree3D resultTree = RegionBSPTree3D.from(boundaries);

        Assertions.assertEquals(4, resultTree.getSize(), TEST_EPS);
        Assertions.assertEquals(20, resultTree.getBoundarySize(), TEST_EPS);
        EuclideanTestUtils.assertCoordinatesEqual(Vector3D.of(1.5, 1.5, 0), resultTree.getCentroid(), TEST_EPS);

        EuclideanTestUtils.assertRegionLocation(resultTree, RegionLocation.INSIDE,
                Vector3D.of(0.5, 0.5, 0), Vector3D.of(2.5, 2.5, 0));

        EuclideanTestUtils.assertRegionLocation(resultTree, RegionLocation.BOUNDARY,
                Vector3D.ZERO, Vector3D.of(1, 1, 0), Vector3D.of(2, 2, 0), Vector3D.of(3, 3, 0),
                Vector3D.of(0.5, 0.5, -1), Vector3D.of(0.5, 0.5, 1), Vector3D.of(2.5, 2.5, -1),
                Vector3D.of(2.5, 2.5, 1));

        EuclideanTestUtils.assertRegionLocation(resultTree, RegionLocation.OUTSIDE,
                Vector3D.of(-1, -1, 0), Vector3D.of(1.5, 1.5, 0), Vector3D.of(4, 4, 0),
                Vector3D.of(0.5, 0.5, -2), Vector3D.of(0.5, 0.5, 2), Vector3D.of(2.5, 2.5, -2),
                Vector3D.of(2.5, 2.5, 2));
    }",PlanesTest::testExtrude_region_disjointRegions_oe
commons-geometry_1716,"@Test
    void testExtrude_region_starWithCutout_oe() {
        // arrange
        // NOTE: this is pretty messed-up looking star :-)
        final RegionBSPTree2D tree = RegionBSPTree2D.empty();
        tree.insert(LinePath.builder(TEST_PRECISION)
                .append(Vector2D.of(0, 4))
                .append(Vector2D.of(-1.5, 1))
                .append(Vector2D.of(-4, 1))
                .append(Vector2D.of(-2, -1))
                .append(Vector2D.of(-3, -4))
                .append(Vector2D.of(0, -2))
                .append(Vector2D.of(3, -4))
                .append(Vector2D.of(2, -1))
                .append(Vector2D.of(4, 1))
                .append(Vector2D.of(1.5, 1))
                .close());
        tree.insert(LinePath.builder(TEST_PRECISION)
                .append(Vector2D.of(0, 1))
                .append(Vector2D.of(1, 0))
                .append(Vector2D.of(0, -1))
                .append(Vector2D.of(-1, 0))
                .close());

        final EmbeddingPlane plane = Planes.fromPointAndPlaneVectors(Vector3D.of(0, 0, -1),
                Vector3D.Unit.PLUS_X, Vector3D.Unit.PLUS_Y, TEST_PRECISION);
        final Vector3D extrusionVector = Vector3D.of(0, 0, 2);

        // act
        final List<PlaneConvexSubset> boundaries = Planes.extrude(tree, plane, extrusionVector, TEST_PRECISION);

        // assert
        final RegionBSPTree3D resultTree = RegionBSPTree3D.from(boundaries);

        Assertions.assertTrue(resultTree.isFinite());
        EuclideanTestUtils.assertRegionLocation(resultTree, RegionLocation.OUTSIDE, resultTree.getCentroid());
    }",PlanesTest::testExtrude_region_starWithCutout_oe
commons-geometry_1717,"@Test
    void testExtrude_invalidExtrusionVector_oe() {
        // arrange
        final List<Vector2D> vertices = new ArrayList<>();
        final LinePath path = LinePath.empty();
        final RegionBSPTree2D tree = RegionBSPTree2D.empty();

        final EmbeddingPlane plane = Planes.fromPointAndPlaneVectors(Vector3D.of(0, 0, 1),
                Vector3D.Unit.PLUS_X, Vector3D.Unit.PLUS_Y, TEST_PRECISION);

        final Pattern errorPattern = Pattern.compile(""^Extrusion vector produces regions of zero size.*"");

        // act/assert
        GeometryTestUtils.assertThrowsWithMessage(() -> {
            Planes.extrudeVertexLoop(vertices, plane, Vector3D.of(1e-16, 0, 0), TEST_PRECISION);
        }, IllegalArgumentException.class, errorPattern);
        GeometryTestUtils.assertThrowsWithMessage(() -> {
            Planes.extrudeVertexLoop(vertices, plane, Vector3D.of(4, 1e-16, 0), TEST_PRECISION);
        }, IllegalArgumentException.class, errorPattern);
        GeometryTestUtils.assertThrowsWithMessage(() -> {
            Planes.extrudeVertexLoop(vertices, plane, Vector3D.of(1e-16, 5, 0), TEST_PRECISION);
        }, IllegalArgumentException.class, errorPattern);

        GeometryTestUtils.assertThrowsWithMessage(() -> {
            Planes.extrude(path, plane, Vector3D.of(1e-16, 0, 0), TEST_PRECISION);
        }, IllegalArgumentException.class, errorPattern);
        GeometryTestUtils.assertThrowsWithMessage(() -> {
            Planes.extrude(path, plane, Vector3D.of(4, 1e-16, 0), TEST_PRECISION);
        }, IllegalArgumentException.class, errorPattern);
        GeometryTestUtils.assertThrowsWithMessage(() -> {
            Planes.extrude(path, plane, Vector3D.of(1e-16, 5, 0), TEST_PRECISION);
        }, IllegalArgumentException.class, errorPattern);

        GeometryTestUtils.assertThrowsWithMessage(() -> {
            Planes.extrude(tree, plane, Vector3D.of(1e-16, 0, 0), TEST_PRECISION);
        }, IllegalArgumentException.class, errorPattern);
        GeometryTestUtils.assertThrowsWithMessage(() -> {
            Planes.extrude(tree, plane, Vector3D.of(4, 1e-16, 0), TEST_PRECISION);
        }, IllegalArgumentException.class, errorPattern);
        GeometryTestUtils.assertThrowsWithMessage(() -> {
            Planes.extrude(tree, plane, Vector3D.of(1e-16, 5, 0), TEST_PRECISION);
        }, IllegalArgumentException.class, errorPattern);
    }",PlanesTest::testExtrude_invalidExtrusionVector_oe
commons-geometry_1718,"@Test
    void testToConvex_oe() {
        // arrange
        final PlaneConvexSubset sp = Planes.convexPolygonFromVertices(
                Arrays.asList(Vector3D.Unit.PLUS_X,  Vector3D.Unit.PLUS_Y, Vector3D.Unit.PLUS_Z), TEST_PRECISION);

        // act
        final List<PlaneConvexSubset> convex = sp.toConvex();

        // assert
        Assertions.assertEquals(1, convex.size());
        Assertions.assertSame(sp, convex.get(0));
    }",PlaneConvexSubsetTest::testToConvex_oe
commons-geometry_1719,"@Test
    void testReverse_oe() {
        // arrange
        final Vector3D p1 = Vector3D.of(1, 0, 1);
        final Vector3D p2 = Vector3D.of(2, 0, 1);
        final Vector3D p3 = Vector3D.of(1, 1, 1);

        final PlaneConvexSubset sp = Planes.convexPolygonFromVertices(Arrays.asList(p1, p2, p3), TEST_PRECISION);

        // act
        final PlaneConvexSubset reversed = sp.reverse();

        // assert
        Assertions.assertEquals(sp.getPlane().reverse(), reversed.getPlane());
        EuclideanTestUtils.assertCoordinatesEqual(Vector3D.Unit.MINUS_Z, reversed.getPlane().getNormal(), TEST_EPS);

        Assertions.assertEquals(0.5, reversed.getSize(), TEST_EPS);

        checkVertices(reversed, p1, p3, p2);

        checkPoints(reversed, RegionLocation.INSIDE, Vector3D.of(1.25, 0.25, 1));

        checkPoints(reversed, RegionLocation.BOUNDARY, p1, p2, p3);
    }",PlaneConvexSubsetTest::testReverse_oe
commons-geometry_1720,"@Test
    void testTransform_full_oe() {
        // arrange
        final EmbeddingPlane plane = Planes.fromPointAndPlaneVectors(Vector3D.Unit.PLUS_Z, Vector3D.Unit.PLUS_X, Vector3D.Unit.PLUS_Y, TEST_PRECISION);
        final PlaneConvexSubset sp = Planes.subsetFromConvexArea(plane, ConvexArea.full());

        final AffineTransformMatrix3D transform = AffineTransformMatrix3D.identity()
                .rotate(QuaternionRotation.fromAxisAngle(Vector3D.Unit.PLUS_X, Angle.PI_OVER_TWO))
                .translate(Vector3D.Unit.PLUS_Y);

        // act
        final PlaneConvexSubset transformed = sp.transform(transform);

        // assert
        Assertions.assertTrue(transformed.isFull());
        Assertions.assertFalse(transformed.isEmpty());

        checkPlane(transformed.getPlane(), Vector3D.ZERO, Vector3D.Unit.PLUS_X, Vector3D.Unit.PLUS_Z);
    }",PlaneConvexSubsetTest::testTransform_full_oe
commons-geometry_1721,"@Test
    void testTransform_halfSpace_oe() {
        // arrange
        final EmbeddingPlane plane = Planes.fromPointAndPlaneVectors(Vector3D.Unit.PLUS_Z, Vector3D.Unit.PLUS_X, Vector3D.Unit.PLUS_Y, TEST_PRECISION);
        final PlaneConvexSubset sp = Planes.subsetFromConvexArea(plane,
                ConvexArea.fromBounds(Lines.fromPoints(Vector2D.of(1, 0), Vector2D.of(1, 1), TEST_PRECISION)));

        final AffineTransformMatrix3D transform = AffineTransformMatrix3D.createRotation(Vector3D.Unit.PLUS_Z,
                QuaternionRotation.fromAxisAngle(Vector3D.Unit.PLUS_Y, Angle.PI_OVER_TWO));

        // act
        final PlaneConvexSubset transformed = sp.transform(transform);

        // assert
        Assertions.assertFalse(transformed.isFull());
        Assertions.assertFalse(transformed.isEmpty());

        checkPlane(transformed.getPlane(), Vector3D.ZERO, Vector3D.Unit.MINUS_Z, Vector3D.Unit.PLUS_Y);
    }",PlaneConvexSubsetTest::testTransform_halfSpace_oe
commons-geometry_1722,"@Test
    void testSplit_full_oe() {
        // arrange
        final EmbeddingPlane plane = Planes.fromPointAndNormal(Vector3D.ZERO, Vector3D.Unit.PLUS_Z, TEST_PRECISION)
                .getEmbedding();
        final PlaneConvexSubset sp = Planes.subsetFromConvexArea(plane, ConvexArea.full());

        final Plane splitter = Planes.fromPointAndNormal(Vector3D.ZERO, Vector3D.Unit.PLUS_X, TEST_PRECISION);

        // act
        final Split<PlaneConvexSubset> split = sp.split(splitter);

        // assert
        Assertions.assertEquals(SplitLocation.BOTH, split.getLocation());

        final PlaneConvexSubset minus = split.getMinus();
        Assertions.assertEquals(1, minus.getEmbedded().getSubspaceRegion().getBoundaries().size());
        checkPoints(minus, RegionLocation.BOUNDARY, Vector3D.ZERO, Vector3D.Unit.PLUS_Y, Vector3D.Unit.MINUS_Y);
        checkPoints(minus, RegionLocation.INSIDE, Vector3D.Unit.MINUS_X);
        checkPoints(minus, RegionLocation.OUTSIDE, Vector3D.Unit.PLUS_X);

        final PlaneConvexSubset plus = split.getPlus();
        Assertions.assertEquals(1, plus.getEmbedded().getSubspaceRegion().getBoundaries().size());
        checkPoints(plus, RegionLocation.BOUNDARY, Vector3D.ZERO, Vector3D.Unit.PLUS_Y, Vector3D.Unit.MINUS_Y);
        checkPoints(plus, RegionLocation.INSIDE, Vector3D.Unit.PLUS_X);
        checkPoints(plus, RegionLocation.OUTSIDE, Vector3D.Unit.MINUS_X);
    }",PlaneConvexSubsetTest::testSplit_full_oe
commons-geometry_1723,"@Test
    void testSplit_both_oe() {
        // arrange
        final PlaneConvexSubset sp = Planes.convexPolygonFromVertices(Arrays.asList(
                    Vector3D.of(1, 1, 1), Vector3D.of(1, 1, -3), Vector3D.of(0, 2, 0)
                ), TEST_PRECISION);

        final Plane splitter = Planes.fromPointAndNormal(Vector3D.ZERO, Vector3D.Unit.PLUS_Z, TEST_PRECISION);

        // act
        final Split<PlaneConvexSubset> split = sp.split(splitter);

        // assert
        Assertions.assertEquals(SplitLocation.BOTH, split.getLocation());

        final PlaneConvexSubset minus = split.getMinus();
        checkVertices(minus, Vector3D.of(1, 1, 0), Vector3D.of(1, 1, -3), Vector3D.of(0, 2, 0));

        final PlaneConvexSubset plus = split.getPlus();
        checkVertices(plus, Vector3D.of(1, 1, 1), Vector3D.of(1, 1, 0), Vector3D.of(0, 2, 0));
    }",PlaneConvexSubsetTest::testSplit_both_oe
commons-geometry_1724,"@Test
    void testSplit_plusOnly_oe() {
        // arrange
        final PlaneConvexSubset sp = Planes.convexPolygonFromVertices(Arrays.asList(
                    Vector3D.of(1, 1, 1), Vector3D.of(1, 1, -3), Vector3D.of(0, 2, 0)
                ), TEST_PRECISION);

        final Plane splitter = Planes.fromPointAndNormal(Vector3D.of(0, 0, -3.1), Vector3D.Unit.PLUS_Z, TEST_PRECISION);

        // act
        final Split<PlaneConvexSubset> split = sp.split(splitter);

        // assert
        Assertions.assertEquals(SplitLocation.PLUS, split.getLocation());

        Assertions.assertNull(split.getMinus());

        final PlaneConvexSubset plus = split.getPlus();
        checkVertices(plus, Vector3D.of(1, 1, 1), Vector3D.of(1, 1, -3), Vector3D.of(0, 2, 0));
    }",PlaneConvexSubsetTest::testSplit_plusOnly_oe
commons-geometry_1725,"@Test
    void testSplit_minusOnly_oe() {
        // arrange
        final PlaneConvexSubset sp = Planes.convexPolygonFromVertices(Arrays.asList(
                    Vector3D.of(1, 1, 1), Vector3D.of(1, 1, -3), Vector3D.of(0, 2, 0)
                ), TEST_PRECISION);

        final Plane splitter = Planes.fromPointAndNormal(Vector3D.of(0, 0, 1.1), Vector3D.Unit.PLUS_Z, TEST_PRECISION);

        // act
        final Split<PlaneConvexSubset> split = sp.split(splitter);

        // assert
        Assertions.assertEquals(SplitLocation.MINUS, split.getLocation());

        final PlaneConvexSubset minus = split.getMinus();
        checkVertices(minus, Vector3D.of(1, 1, 1), Vector3D.of(1, 1, -3), Vector3D.of(0, 2, 0));

        Assertions.assertNull(split.getPlus());
    }",PlaneConvexSubsetTest::testSplit_minusOnly_oe
commons-geometry_1726,"@Test
    void testSplit_parallelSplitter_on_oe() {
        // arrange
        final PlaneConvexSubset sp = Planes.convexPolygonFromVertices(Arrays.asList(
                    Vector3D.of(1, 1, 1), Vector3D.of(1, 1, -3), Vector3D.of(0, 2, 0)
                ), TEST_PRECISION);

        final Plane splitter = sp.getPlane();

        // act
        final Split<PlaneConvexSubset> split = sp.split(splitter);

        // assert
        Assertions.assertEquals(SplitLocation.NEITHER, split.getLocation());

        Assertions.assertNull(split.getMinus());
        Assertions.assertNull(split.getPlus());
    }",PlaneConvexSubsetTest::testSplit_parallelSplitter_on_oe
commons-geometry_1727,"@Test
    void testSplit_parallelSplitter_minus_oe() {
        // arrange
        final PlaneConvexSubset sp = Planes.convexPolygonFromVertices(Arrays.asList(
                    Vector3D.of(1, 1, 1), Vector3D.of(1, 1, -3), Vector3D.of(0, 2, 0)
                ), TEST_PRECISION);

        final Plane plane = sp.getPlane();
        final Plane splitter = plane.translate(plane.getNormal());

        // act
        final Split<PlaneConvexSubset> split = sp.split(splitter);

        // assert
        Assertions.assertEquals(SplitLocation.MINUS, split.getLocation());

        Assertions.assertSame(sp, split.getMinus());
        Assertions.assertNull(split.getPlus());
    }",PlaneConvexSubsetTest::testSplit_parallelSplitter_minus_oe
commons-geometry_1728,"@Test
    void testSplit_parallelSplitter_plus_oe() {
        // arrange
        final PlaneConvexSubset sp = Planes.convexPolygonFromVertices(Arrays.asList(
                    Vector3D.of(1, 1, 1), Vector3D.of(1, 1, -3), Vector3D.of(0, 2, 0)
                ), TEST_PRECISION);

        final Plane plane = sp.getPlane();
        final Plane splitter = plane.translate(plane.getNormal().negate());

        // act
        final Split<PlaneConvexSubset> split = sp.split(splitter);

        // assert
        Assertions.assertEquals(SplitLocation.PLUS, split.getLocation());

        Assertions.assertNull(split.getMinus());
        Assertions.assertSame(sp, split.getPlus());
    }",PlaneConvexSubsetTest::testSplit_parallelSplitter_plus_oe
commons-geometry_1729,"@Test
    void testSplit_antiParallelSplitter_on_oe() {
        // arrange
        final PlaneConvexSubset sp = Planes.convexPolygonFromVertices(Arrays.asList(
                    Vector3D.of(1, 1, 1), Vector3D.of(1, 1, -3), Vector3D.of(0, 2, 0)
                ), TEST_PRECISION);

        final Plane splitter = sp.getPlane().reverse();

        // act
        final Split<PlaneConvexSubset> split = sp.split(splitter);

        // assert
        Assertions.assertEquals(SplitLocation.NEITHER, split.getLocation());

        Assertions.assertNull(split.getMinus());
        Assertions.assertNull(split.getPlus());
    }",PlaneConvexSubsetTest::testSplit_antiParallelSplitter_on_oe
commons-geometry_1730,"@Test
    void testSplit_antiParallelSplitter_minus_oe() {
        // arrange
        final PlaneConvexSubset sp = Planes.convexPolygonFromVertices(Arrays.asList(
                    Vector3D.of(1, 1, 1), Vector3D.of(1, 1, -3), Vector3D.of(0, 2, 0)
                ), TEST_PRECISION);

        final Plane plane = sp.getPlane().reverse();
        final Plane splitter = plane.translate(plane.getNormal());

        // act
        final Split<PlaneConvexSubset> split = sp.split(splitter);

        // assert
        Assertions.assertEquals(SplitLocation.MINUS, split.getLocation());

        Assertions.assertSame(sp, split.getMinus());
        Assertions.assertNull(split.getPlus());
    }",PlaneConvexSubsetTest::testSplit_antiParallelSplitter_minus_oe
commons-geometry_1731,"@Test
    void testSplit_antiParallelSplitter_plus_oe() {
        // arrange
        final PlaneConvexSubset ps = Planes.convexPolygonFromVertices(Arrays.asList(
                    Vector3D.of(1, 1, 1), Vector3D.of(1, 1, -3), Vector3D.of(0, 2, 0)
                ), TEST_PRECISION);

        final Plane plane = ps.getPlane().reverse();
        final Plane splitter = plane.translate(plane.getNormal().negate());

        // act
        final Split<PlaneConvexSubset> split = ps.split(splitter);

        // assert
        Assertions.assertEquals(SplitLocation.PLUS, split.getLocation());

        Assertions.assertNull(split.getMinus());
        Assertions.assertSame(ps, split.getPlus());
    }",PlaneConvexSubsetTest::testSplit_antiParallelSplitter_plus_oe
commons-geometry_1732,"@Test
    void testSplit_usesVertexBasedTypesWhenPossible_oe() {
        // arrange
        // create an infinite subset
        final EmbeddingPlane plane = Planes.fromPointAndPlaneVectors(Vector3D.ZERO,
                Vector3D.Unit.PLUS_X, Vector3D.Unit.PLUS_Y, TEST_PRECISION);
        final PlaneConvexSubset ps = Planes.subsetFromConvexArea(plane, ConvexArea.fromBounds(
                    Lines.fromPointAndAngle(Vector2D.ZERO, 0, TEST_PRECISION),
                    Lines.fromPointAndAngle(Vector2D.of(1, 0), Angle.PI_OVER_TWO, TEST_PRECISION),
                    Lines.fromPointAndAngle(Vector2D.of(0, 1), -Angle.PI_OVER_TWO, TEST_PRECISION)
                ));

        final Plane splitter = Planes.fromPointAndNormal(Vector3D.of(0, 1, 0), Vector3D.Unit.PLUS_Y, TEST_PRECISION);

        // act
        final Split<PlaneConvexSubset> split = ps.split(splitter);

        // assert
        Assertions.assertTrue(ps.isInfinite());

        Assertions.assertEquals(SplitLocation.BOTH, split.getLocation());

        final PlaneConvexSubset plus = split.getPlus();
        Assertions.assertNotNull(plus);
        Assertions.assertTrue(plus.isInfinite());
        Assertions.assertFalse(plus instanceof ConvexPolygon3D);

        final PlaneConvexSubset minus = split.getMinus();
        Assertions.assertNotNull(minus);
        Assertions.assertFalse(minus.isInfinite());
        Assertions.assertTrue(minus instanceof ConvexPolygon3D);
    }",PlaneConvexSubsetTest::testSplit_usesVertexBasedTypesWhenPossible_oe
commons-geometry_1733,"@Test
    void testIntersection_line_oe() {
        // arrange
        final PlaneConvexSubset ps = Planes.convexPolygonFromVertices(Arrays.asList(
                Vector3D.of(0, 0, 2), Vector3D.of(1, 0, 2), Vector3D.of(1, 1, 2), Vector3D.of(0, 1, 2)),
                TEST_PRECISION);

        // act/assert
        EuclideanTestUtils.assertCoordinatesEqual(Vector3D.of(0.5, 0.5, 2),
                ps.intersection(Lines3D.fromPoints(Vector3D.of(0.5, 0.5, 2), Vector3D.ZERO, TEST_PRECISION)), TEST_EPS);

        EuclideanTestUtils.assertCoordinatesEqual(Vector3D.of(1, 1, 2),
                ps.intersection(Lines3D.fromPoints(Vector3D.of(1, 1, 2), Vector3D.of(1, 1, 0), TEST_PRECISION)), TEST_EPS);

        Assertions.assertNull(ps.intersection(Lines3D.fromPoints(Vector3D.ZERO, Vector3D.Unit.PLUS_X, TEST_PRECISION)));
        Assertions.assertNull(ps.intersection(Lines3D.fromPoints(Vector3D.of(0, 0, 2), Vector3D.of(1, 1, 2), TEST_PRECISION)));

        Assertions.assertNull(ps.intersection(Lines3D.fromPoints(Vector3D.of(4, 4, 2), Vector3D.of(4, 4, 0), TEST_PRECISION)));
    }",PlaneConvexSubsetTest::testIntersection_line_oe
commons-geometry_1734,"@Test
    void testIntersection_segment_oe() {
        // arrange
        final PlaneConvexSubset sp = Planes.convexPolygonFromVertices(Arrays.asList(
                Vector3D.of(0, 0, 2), Vector3D.of(1, 0, 2), Vector3D.of(1, 1, 2), Vector3D.of(0, 1, 2)),
                TEST_PRECISION);

        // act/assert
        EuclideanTestUtils.assertCoordinatesEqual(Vector3D.of(0.5, 0.5, 2),
                sp.intersection(Lines3D.segmentFromPoints(Vector3D.of(0.5, 0.5, 2), Vector3D.ZERO, TEST_PRECISION)), TEST_EPS);

        EuclideanTestUtils.assertCoordinatesEqual(Vector3D.of(1, 1, 2),
                sp.intersection(Lines3D.segmentFromPoints(Vector3D.of(1, 1, 2), Vector3D.of(1, 1, 0), TEST_PRECISION)), TEST_EPS);

        Assertions.assertNull(sp.intersection(Lines3D.segmentFromPoints(Vector3D.of(0.5, 0.5, 4), Vector3D.of(0.5, 0.5, 3), TEST_PRECISION)));

        Assertions.assertNull(sp.intersection(Lines3D.segmentFromPoints(Vector3D.ZERO, Vector3D.Unit.PLUS_X, TEST_PRECISION)));
        Assertions.assertNull(sp.intersection(Lines3D.segmentFromPoints(Vector3D.of(0, 0, 2), Vector3D.of(1, 1, 2), TEST_PRECISION)));

        Assertions.assertNull(sp.intersection(Lines3D.segmentFromPoints(Vector3D.of(4, 4, 2), Vector3D.of(4, 4, 0), TEST_PRECISION)));
    }",PlaneConvexSubsetTest::testIntersection_segment_oe
commons-geometry_1735,"@Test
    void testSpaceConversion_oe() {
        // arrange
        final EmbeddingPlane plane = Planes.fromPointAndPlaneVectors(Vector3D.of(1, 0, 0),
                Vector3D.Unit.PLUS_Y, Vector3D.Unit.PLUS_Z, TEST_PRECISION);

        final EmbeddedAreaPlaneConvexSubset ps = new EmbeddedAreaPlaneConvexSubset(plane, ConvexArea.full());

        // act/assert
        EuclideanTestUtils.assertCoordinatesEqual(Vector2D.of(1, 2), ps.toSubspace(Vector3D.of(-5, 1, 2)), TEST_EPS);
        EuclideanTestUtils.assertCoordinatesEqual(Vector3D.of(1, -2, 4), ps.toSpace(Vector2D.of(-2, 4)), TEST_EPS);
    }",EmbeddedAreaPlaneConvexSubsetTest::testSpaceConversion_oe
commons-geometry_1736,"@Test
    void testProperties_infinite_oe() {
        // arrange
        final ConvexArea area = ConvexArea.full();

        // act
        final EmbeddedAreaPlaneConvexSubset ps = new EmbeddedAreaPlaneConvexSubset(XY_PLANE_Z1, area);

        // assert
        Assertions.assertTrue(ps.isFull());
        Assertions.assertFalse(ps.isEmpty());
        Assertions.assertFalse(ps.isFinite());
        Assertions.assertTrue(ps.isInfinite());

        GeometryTestUtils.assertPositiveInfinity(ps.getSize());

        Assertions.assertSame(XY_PLANE_Z1, ps.getPlane());
        Assertions.assertSame(area, ps.getSubspaceRegion());

        Assertions.assertEquals(0, ps.getVertices().size());
    }",EmbeddedAreaPlaneConvexSubsetTest::testProperties_infinite_oe
commons-geometry_1737,"@Test
    void testProperties_finite_oe() {
        // arrange
        final ConvexArea area = ConvexArea.convexPolygonFromPath(LinePath.builder(TEST_PRECISION)
                .appendVertices(Vector2D.ZERO, Vector2D.of(1, 0), Vector2D.of(0, 1))
                .build(true));

        // act
        final EmbeddedAreaPlaneConvexSubset ps = new EmbeddedAreaPlaneConvexSubset(XY_PLANE_Z1, area);

        // assert
        Assertions.assertFalse(ps.isFull());
        Assertions.assertFalse(ps.isEmpty());
        Assertions.assertTrue(ps.isFinite());
        Assertions.assertFalse(ps.isInfinite());

        Assertions.assertEquals(0.5, ps.getSize(), TEST_EPS);

        Assertions.assertSame(XY_PLANE_Z1, ps.getPlane());
        Assertions.assertSame(area, ps.getSubspaceRegion());

        EuclideanTestUtils.assertVertexLoopSequence(
                Arrays.asList(Vector3D.of(0, 0, 1), Vector3D.of(1, 0, 1), Vector3D.of(0, 1, 1)),
                ps.getVertices(), TEST_PRECISION);
    }",EmbeddedAreaPlaneConvexSubsetTest::testProperties_finite_oe
commons-geometry_1738,"@Test
    void testGetVertices_twoParallelLines_oe() {
        // arrange
        final EmbeddingPlane plane = Planes.fromNormal(Vector3D.Unit.PLUS_Z, TEST_PRECISION).getEmbedding();
        final PlaneConvexSubset sp = new EmbeddedAreaPlaneConvexSubset(plane, ConvexArea.fromBounds(
                    Lines.fromPointAndAngle(Vector2D.of(0, 1), Math.PI, TEST_PRECISION),
                    Lines.fromPointAndAngle(Vector2D.of(0, -1), 0.0, TEST_PRECISION)
                ));

        // act
        final List<Vector3D> vertices = sp.getVertices();

        // assert
        Assertions.assertEquals(0, vertices.size());
    }",EmbeddedAreaPlaneConvexSubsetTest::testGetVertices_twoParallelLines_oe
commons-geometry_1739,"@Test
    void testGetVertices_infiniteWithVertices_oe() {
        // arrange
        final EmbeddingPlane plane = Planes.fromPointAndPlaneVectors(Vector3D.of(0, 0, 1), Vector3D.Unit.PLUS_X, Vector3D.Unit.PLUS_Y, TEST_PRECISION);
        final PlaneConvexSubset sp = new EmbeddedAreaPlaneConvexSubset(plane, ConvexArea.fromBounds(
                    Lines.fromPointAndAngle(Vector2D.of(0, 1), Math.PI, TEST_PRECISION),
                    Lines.fromPointAndAngle(Vector2D.of(0, -1), 0.0, TEST_PRECISION),
                    Lines.fromPointAndAngle(Vector2D.of(1, 0), Angle.PI_OVER_TWO, TEST_PRECISION)
                ));

        // act
        final List<Vector3D> vertices = sp.getVertices();

        // assert
        Assertions.assertEquals(2, vertices.size());

        EuclideanTestUtils.assertCoordinatesEqual(Vector3D.of(1, -1, 1), vertices.get(0), TEST_EPS);
        EuclideanTestUtils.assertCoordinatesEqual(Vector3D.of(1, 1, 1), vertices.get(1), TEST_EPS);
    }",EmbeddedAreaPlaneConvexSubsetTest::testGetVertices_infiniteWithVertices_oe
commons-geometry_1740,"@Test
    void testToTriangles_infinite_oe() {
        // arrange
        final Pattern pattern = Pattern.compile(""^Cannot convert infinite plane subset to triangles: .*"");

        // act/assert
        GeometryTestUtils.assertThrowsWithMessage(() -> {
            new EmbeddedAreaPlaneConvexSubset(XY_PLANE_Z1, ConvexArea.full()).toTriangles();
        }, IllegalStateException.class, pattern);

        GeometryTestUtils.assertThrowsWithMessage(() -> {
            final ConvexArea area = ConvexArea.fromBounds(Lines.fromPointAndAngle(Vector2D.ZERO, 0, TEST_PRECISION));
            final EmbeddedAreaPlaneConvexSubset halfSpace = new EmbeddedAreaPlaneConvexSubset(XY_PLANE_Z1, area);

            halfSpace.toTriangles();
        }, IllegalStateException.class, pattern);

        GeometryTestUtils.assertThrowsWithMessage(() -> {
            final ConvexArea area = ConvexArea.fromBounds(
                    Lines.fromPointAndAngle(Vector2D.ZERO, 0, TEST_PRECISION),
                    Lines.fromPointAndAngle(Vector2D.ZERO, 0.5 * Math.PI, TEST_PRECISION));

            final EmbeddedAreaPlaneConvexSubset halfSpaceWithVertices = new EmbeddedAreaPlaneConvexSubset(XY_PLANE_Z1, area);

            halfSpaceWithVertices.toTriangles();
        }, IllegalStateException.class, pattern);
    }",EmbeddedAreaPlaneConvexSubsetTest::testToTriangles_infinite_oe
commons-geometry_1741,"@Test
    void testToTriangles_finite_oe() {
        // arrange
        final Vector3D p1 = Vector3D.of(0, 0, 1);
        final Vector3D p2 = Vector3D.of(1, 0, 1);
        final Vector3D p3 = Vector3D.of(2, 1, 1);
        final Vector3D p4 = Vector3D.of(1.5, 1, 1);

        final List<Vector2D> subPts = XY_PLANE_Z1.toSubspace(Arrays.asList(p1, p2, p3, p4));

        final EmbeddedAreaPlaneConvexSubset ps = new EmbeddedAreaPlaneConvexSubset(XY_PLANE_Z1,
                ConvexArea.convexPolygonFromVertices(subPts, TEST_PRECISION));

        // act
        final List<Triangle3D> tris = ps.toTriangles();

        // assert
        Assertions.assertEquals(2, tris.size());

        EuclideanTestUtils.assertVertexLoopSequence(Arrays.asList(p4, p1, p2),
                tris.get(0).getVertices(), TEST_PRECISION);
        EuclideanTestUtils.assertVertexLoopSequence(Arrays.asList(p4, p2, p3),
                tris.get(1).getVertices(), TEST_PRECISION);
    }",EmbeddedAreaPlaneConvexSubsetTest::testToTriangles_finite_oe
commons-geometry_1742,"@Test
    void testClosest_oe() {
        // arrange
        final EmbeddedAreaPlaneConvexSubset ps = new EmbeddedAreaPlaneConvexSubset(XY_PLANE_Z1,
                Parallelogram.builder(TEST_PRECISION)
                    .setPosition(Vector2D.of(2, 3))
                    .setScale(2, 2)
                    .build());

        // act/assert
        EuclideanTestUtils.assertCoordinatesEqual(Vector3D.of(2, 3, 1), ps.closest(Vector3D.of(2, 3, 1)), TEST_EPS);
        EuclideanTestUtils.assertCoordinatesEqual(Vector3D.of(2, 3, 1), ps.closest(Vector3D.of(2, 3, 100)), TEST_EPS);
        EuclideanTestUtils.assertCoordinatesEqual(Vector3D.of(1, 2, 1),
                ps.closest(Vector3D.of(-100, -100, -100)), TEST_EPS);
        EuclideanTestUtils.assertCoordinatesEqual(Vector3D.of(3, 3.5, 1),
                ps.closest(Vector3D.of(100, 3.5, 100)), TEST_EPS);
    }",EmbeddedAreaPlaneConvexSubsetTest::testClosest_oe
commons-geometry_1743,"@Test
    void testGetBounds_noBounds_oe() {
        // arrange
        final EmbeddingPlane plane = Planes.fromPointAndPlaneVectors(Vector3D.of(0, 0, 1),
                Vector3D.Unit.PLUS_Y, Vector3D.Unit.MINUS_X, TEST_PRECISION);

        final EmbeddedAreaPlaneConvexSubset full = new EmbeddedAreaPlaneConvexSubset(plane, ConvexArea.full());
        final EmbeddedAreaPlaneConvexSubset halfPlane = new EmbeddedAreaPlaneConvexSubset(plane,
                ConvexArea.fromBounds(Lines.fromPointAndAngle(Vector2D.ZERO, 0, TEST_PRECISION)));

        // act/assert
        Assertions.assertNull(full.getBounds());
        Assertions.assertNull(halfPlane.getBounds());
    }",EmbeddedAreaPlaneConvexSubsetTest::testGetBounds_noBounds_oe
commons-geometry_1744,"@Test
    void testGetBounds_hasBounds_oe() {
        // arrange
        final EmbeddingPlane plane = Planes.fromPointAndPlaneVectors(Vector3D.of(0, 0, 1),
                Vector3D.Unit.PLUS_Y, Vector3D.Unit.MINUS_X, TEST_PRECISION);

        final EmbeddedAreaPlaneConvexSubset ps = new EmbeddedAreaPlaneConvexSubset(plane,
                ConvexArea.convexPolygonFromVertices(Arrays.asList(
                    Vector2D.of(1, 1), Vector2D.of(2, 1), Vector2D.of(1, 2)
                ), TEST_PRECISION));

        // act
        final Bounds3D bounds = ps.getBounds();

        // assert
        EuclideanTestUtils.assertCoordinatesEqual(Vector3D.of(-2, 1, 1), bounds.getMin(), TEST_EPS);
        EuclideanTestUtils.assertCoordinatesEqual(Vector3D.of(-1, 2, 1), bounds.getMax(), TEST_EPS);
    }",EmbeddedAreaPlaneConvexSubsetTest::testGetBounds_hasBounds_oe
commons-geometry_1745,"@Test
    void testTransform_oe() {
        // arrange
        final AffineTransformMatrix3D t = AffineTransformMatrix3D.identity()
                .rotate(QuaternionRotation.fromAxisAngle(Vector3D.Unit.PLUS_Y, -Angle.PI_OVER_TWO))
                .scale(1, 1, 2)
                .translate(Vector3D.of(1, 0, 0));

        final EmbeddedAreaPlaneConvexSubset ps = new EmbeddedAreaPlaneConvexSubset(XY_PLANE_Z1,
                Parallelogram.builder(TEST_PRECISION)
                    .setPosition(Vector2D.of(2, 3))
                    .setScale(2, 2)
                    .build());

        // act
        final EmbeddedAreaPlaneConvexSubset result = ps.transform(t);

        // assert
        Assertions.assertFalse(result.isFull());
        Assertions.assertFalse(result.isEmpty());
        Assertions.assertTrue(result.isFinite());
        Assertions.assertFalse(result.isInfinite());

        Assertions.assertEquals(8, result.getSize(), TEST_EPS);

        EuclideanTestUtils.assertCoordinatesEqual(Vector3D.Unit.MINUS_X, result.getPlane().getNormal(), TEST_EPS);
        EuclideanTestUtils.assertCoordinatesEqual(Vector3D.Unit.PLUS_Z, result.getPlane().getU(), TEST_EPS);

        EuclideanTestUtils.assertVertexLoopSequence(
                Arrays.asList(Vector3D.of(0, 2, 2), Vector3D.of(0, 2, 6), Vector3D.of(0, 4, 6), Vector3D.of(0, 4, 2)),
                result.getVertices(), TEST_PRECISION);
    }",EmbeddedAreaPlaneConvexSubsetTest::testTransform_oe
commons-geometry_1746,"@Test
    void testReverse_oe() {
        // arrange
        final EmbeddedAreaPlaneConvexSubset ps = new EmbeddedAreaPlaneConvexSubset(XY_PLANE_Z1,
                Parallelogram.builder(TEST_PRECISION)
                    .setPosition(Vector2D.of(2, 3))
                    .setScale(2, 2)
                    .build());

        // act
        final EmbeddedAreaPlaneConvexSubset result = ps.reverse();

        // assert
        Assertions.assertFalse(result.isFull());
        Assertions.assertFalse(result.isEmpty());
        Assertions.assertTrue(result.isFinite());
        Assertions.assertFalse(result.isInfinite());

        Assertions.assertEquals(4, result.getSize(), TEST_EPS);

        EuclideanTestUtils.assertCoordinatesEqual(Vector3D.Unit.MINUS_Z, result.getPlane().getNormal(), TEST_EPS);
        EuclideanTestUtils.assertCoordinatesEqual(Vector3D.Unit.PLUS_Y, result.getPlane().getU(), TEST_EPS);

        EuclideanTestUtils.assertVertexLoopSequence(
                Arrays.asList(Vector3D.of(1, 4, 1), Vector3D.of(3, 4, 1), Vector3D.of(3, 2, 1), Vector3D.of(1, 2, 1)),
                result.getVertices(), TEST_PRECISION);
    }",EmbeddedAreaPlaneConvexSubsetTest::testReverse_oe
commons-geometry_1747,"@Test
    void testSplit_plus_oe() {
        // arrange
        final EmbeddedAreaPlaneConvexSubset ps = new EmbeddedAreaPlaneConvexSubset(XY_PLANE_Z1,
                ConvexArea.convexPolygonFromVertices(Arrays.asList(Vector2D.ZERO, Vector2D.of(1, 0), Vector2D.of(0, 1)),
                        TEST_PRECISION));

        final Plane splitter = Planes.fromPointAndNormal(Vector3D.ZERO, Vector3D.Unit.PLUS_X, TEST_PRECISION);

        // act
        final Split<PlaneConvexSubset> split = ps.split(splitter);

        // assert
        Assertions.assertEquals(SplitLocation.PLUS, split.getLocation());

        Assertions.assertNull(split.getMinus());
        Assertions.assertSame(ps, split.getPlus());
    }",EmbeddedAreaPlaneConvexSubsetTest::testSplit_plus_oe
commons-geometry_1748,"@Test
    void testSplit_minus_oe() {
        // arrange
        final EmbeddedAreaPlaneConvexSubset ps = new EmbeddedAreaPlaneConvexSubset(XY_PLANE_Z1,
                ConvexArea.convexPolygonFromVertices(Arrays.asList(Vector2D.ZERO, Vector2D.of(1, 0), Vector2D.of(0, 1)),
                        TEST_PRECISION));

        final Plane splitter = Planes.fromPointAndNormal(Vector3D.ZERO, Vector3D.Unit.MINUS_Z, TEST_PRECISION);

        // act
        final Split<PlaneConvexSubset> split = ps.split(splitter);

        // assert
        Assertions.assertEquals(SplitLocation.MINUS, split.getLocation());

        Assertions.assertSame(ps, split.getMinus());
        Assertions.assertNull(split.getPlus());
    }",EmbeddedAreaPlaneConvexSubsetTest::testSplit_minus_oe
commons-geometry_1749,"@Test
    void testSplit_both_oe() {
        // arrange
        final EmbeddedAreaPlaneConvexSubset ps = new EmbeddedAreaPlaneConvexSubset(XY_PLANE_Z1,
                ConvexArea.convexPolygonFromVertices(Arrays.asList(Vector2D.ZERO, Vector2D.of(1, 0), Vector2D.of(0, 1)),
                        TEST_PRECISION));

        final Plane splitter = Planes.fromPointAndNormal(Vector3D.ZERO, Vector3D.of(-1, 1, 0), TEST_PRECISION);

        // act
        final Split<PlaneConvexSubset> split = ps.split(splitter);

        // assert
        Assertions.assertEquals(SplitLocation.BOTH, split.getLocation());

        final PlaneConvexSubset minus = split.getMinus();
        EuclideanTestUtils.assertVertexLoopSequence(
                Arrays.asList(Vector3D.of(0, 0, 1), Vector3D.of(1, 0, 1), Vector3D.of(0.5, 0.5, 1)),
                minus.getVertices(), TEST_PRECISION);

        final PlaneConvexSubset plus = split.getPlus();
        EuclideanTestUtils.assertVertexLoopSequence(
                Arrays.asList(Vector3D.of(0, 0, 1), Vector3D.of(0.5, 0.5, 1), Vector3D.of(0, 1, 1)),
                plus.getVertices(), TEST_PRECISION);
    }",EmbeddedAreaPlaneConvexSubsetTest::testSplit_both_oe
commons-geometry_1750,"@Test
    void testSplit_neither_oe() {
        // arrange
        final EmbeddedAreaPlaneConvexSubset ps = new EmbeddedAreaPlaneConvexSubset(XY_PLANE_Z1,
                ConvexArea.convexPolygonFromVertices(Arrays.asList(Vector2D.ZERO, Vector2D.of(1, 0), Vector2D.of(0, 1)),
                        TEST_PRECISION));

        final Plane splitter = Planes.fromPointAndNormal(Vector3D.of(0, 0, 1), Vector3D.of(0, 1e-15, -1), TEST_PRECISION);

        // act
        final Split<PlaneConvexSubset> split = ps.split(splitter);

        // assert
        Assertions.assertEquals(SplitLocation.NEITHER, split.getLocation());

        Assertions.assertNull(split.getMinus());
        Assertions.assertNull(split.getPlus());
    }",EmbeddedAreaPlaneConvexSubsetTest::testSplit_neither_oe
commons-geometry_1751,"@Test
    void testSplit_usesVertexBasedSubsetsWhenPossible_oe() {
        // arrange
        // create an infinite subset
        final EmbeddingPlane plane = Planes.fromPointAndPlaneVectors(Vector3D.ZERO,
                Vector3D.Unit.PLUS_X, Vector3D.Unit.PLUS_Y, TEST_PRECISION);
        final EmbeddedAreaPlaneConvexSubset ps = new EmbeddedAreaPlaneConvexSubset(plane, ConvexArea.fromBounds(
                    Lines.fromPointAndAngle(Vector2D.ZERO, 0, TEST_PRECISION),
                    Lines.fromPointAndAngle(Vector2D.of(1, 0), Angle.PI_OVER_TWO, TEST_PRECISION),
                    Lines.fromPointAndAngle(Vector2D.of(0, 1), -Angle.PI_OVER_TWO, TEST_PRECISION)
                ));

        final Plane splitter = Planes.fromPointAndNormal(Vector3D.of(0.5, 0.5, 0), Vector3D.of(-1, 1, 0), TEST_PRECISION);

        // act
        final Split<PlaneConvexSubset> split = ps.split(splitter);

        // assert
        Assertions.assertTrue(ps.isInfinite());

        Assertions.assertEquals(SplitLocation.BOTH, split.getLocation());

        final PlaneConvexSubset plus = split.getPlus();
        Assertions.assertNotNull(plus);
        Assertions.assertTrue(plus.isInfinite());
        Assertions.assertTrue(plus instanceof EmbeddedAreaPlaneConvexSubset);

        final PlaneConvexSubset minus = split.getMinus();
        Assertions.assertNotNull(minus);
        Assertions.assertFalse(minus.isInfinite());
        Assertions.assertTrue(minus instanceof SimpleTriangle3D);
    }",EmbeddedAreaPlaneConvexSubsetTest::testSplit_usesVertexBasedSubsetsWhenPossible_oe
commons-geometry_1752,"@Test
    void testToString_oe() {
        // arrange
        final EmbeddedAreaPlaneConvexSubset ps = new EmbeddedAreaPlaneConvexSubset(XY_PLANE_Z1,
                ConvexArea.convexPolygonFromVertices(Arrays.asList(Vector2D.ZERO, Vector2D.of(1, 0), Vector2D.of(0, 1)),
                        TEST_PRECISION));

        // act
        final String str = ps.toString();

        // assert
        GeometryTestUtils.assertContains(""EmbeddedAreaPlaneConvexSubset[plane= EmbeddingPlane["", str);
        GeometryTestUtils.assertContains(""subspaceRegion= ConvexArea["", str);
    }",EmbeddedAreaPlaneConvexSubsetTest::testToString_oe
commons-geometry_1753,"@Test
    void testProperties_oe() {
        // act
        final VertexListConvexPolygon3D p = new VertexListConvexPolygon3D(XY_PLANE_Z1, TRIANGLE_VERTICES);

        // assert
        Assertions.assertFalse(p.isFull());
        Assertions.assertFalse(p.isEmpty());
        Assertions.assertTrue(p.isFinite());
        Assertions.assertFalse(p.isInfinite());

        Assertions.assertEquals(0.5, p.getSize(), TEST_EPS);
        EuclideanTestUtils.assertCoordinatesEqual(Vector3D.of(1.0 / 3.0, 1.0 / 3.0, 1), p.getCentroid(), TEST_EPS);

        Assertions.assertSame(XY_PLANE_Z1, p.getPlane());

        EuclideanTestUtils.assertVertexLoopSequence(
                Arrays.asList(Vector3D.of(0, 0, 1), Vector3D.of(1, 0, 1), Vector3D.of(0, 1, 1)),
                p.getVertices(), TEST_PRECISION);


        final Bounds3D bounds = p.getBounds();
        EuclideanTestUtils.assertCoordinatesEqual(Vector3D.of(0, 0, 1), bounds.getMin(), TEST_EPS);
        EuclideanTestUtils.assertCoordinatesEqual(Vector3D.of(1, 1, 1), bounds.getMax(), TEST_EPS);
    }",VertexListConvexPolygon3DTest::testProperties_oe
commons-geometry_1754,"@Test
    void testCtor_validatesVertexListSize_oe() {
        // act/assert
        GeometryTestUtils.assertThrowsWithMessage(() -> {
            new VertexListConvexPolygon3D(XY_PLANE_Z1, Arrays.asList(Vector3D.ZERO, Vector3D.Unit.PLUS_X));
        }, IllegalArgumentException.class, ""Convex polygon requires at least 3 points; found 2"");
    }",VertexListConvexPolygon3DTest::testCtor_validatesVertexListSize_oe
commons-geometry_1755,"@Test
    void testVertices_listIsImmutable_oe() {
        // arrange
        final List<Vector3D> vertices = new ArrayList<>(TRIANGLE_VERTICES);
        final VertexListConvexPolygon3D p = new VertexListConvexPolygon3D(XY_PLANE_Z1, vertices);

        // act/assert
        Assertions.assertThrows(UnsupportedOperationException.class, () -> p.getVertices().add(Vector3D.of(-1, 0, 1)));
    }",VertexListConvexPolygon3DTest::testVertices_listIsImmutable_oe
commons-geometry_1756,"@Test
    void testGetCentroid_linearVertices_oe() {
        // this should not happen with all of the checks in place for constructing these
        // instances; this test is to ensure that the centroid computation can still handle
        // the situation

        // arrange
        final List<Vector3D> vertices = Arrays.asList(Vector3D.ZERO, Vector3D.of(0.5, 0, 0), Vector3D.of(2, 0, 0));
        final VertexListConvexPolygon3D p = new VertexListConvexPolygon3D(XY_PLANE_Z1, vertices);

        // act
        final Vector3D center = p.getCentroid();

        // assert
        EuclideanTestUtils.assertCoordinatesEqual(Vector3D.of(1, 0, 0), center, TEST_EPS);
    }",VertexListConvexPolygon3DTest::testGetCentroid_linearVertices_oe
commons-geometry_1757,"@Test
    void testGetSubspaceRegion_oe() {
        // arrange
        final VertexListConvexPolygon3D p = new VertexListConvexPolygon3D(XY_PLANE_Z1, TRIANGLE_VERTICES);

        // act
        final ConvexArea area = p.getEmbedded().getSubspaceRegion();

        // assert
        Assertions.assertFalse(area.isFull());
        Assertions.assertFalse(area.isEmpty());
        Assertions.assertTrue(area.isFinite());
        Assertions.assertFalse(area.isInfinite());

        Assertions.assertEquals(0.5, area.getSize(), TEST_EPS);

        final List<Vector2D> vertices = area.getVertices();
        Assertions.assertEquals(3, vertices.size());
        EuclideanTestUtils.assertCoordinatesEqual(Vector2D.ZERO, vertices.get(0), TEST_EPS);
        EuclideanTestUtils.assertCoordinatesEqual(Vector2D.of(1, 0), vertices.get(1), TEST_EPS);
        EuclideanTestUtils.assertCoordinatesEqual(Vector2D.of(0, 1), vertices.get(2), TEST_EPS);
    }",VertexListConvexPolygon3DTest::testGetSubspaceRegion_oe
commons-geometry_1758,"@Test
    void testToTriangles_threeVertices_oe() {
        // arrange
        final VertexListConvexPolygon3D p = new VertexListConvexPolygon3D(XY_PLANE_Z1, TRIANGLE_VERTICES);

        // act
        final List<Triangle3D> tris = p.toTriangles();

        // assert
        Assertions.assertEquals(1, tris.size());

        final Triangle3D a = tris.get(0);
        Assertions.assertSame(XY_PLANE_Z1, a.getPlane());
        EuclideanTestUtils.assertVertexLoopSequence(TRIANGLE_VERTICES, a.getVertices(), TEST_PRECISION);
    }",VertexListConvexPolygon3DTest::testToTriangles_threeVertices_oe
commons-geometry_1759,"@Test
    void testToTriangles_fiveVertices_oe() {
        // arrange
        final Vector3D p1 = Vector3D.of(1, 1, 1);
        final Vector3D p2 = Vector3D.of(2, 1.2, 1);
        final Vector3D p3 = Vector3D.of(3, 2, 1);
        final Vector3D p4 = Vector3D.of(1, 4, 1);
        final Vector3D p5 = Vector3D.of(0, 2, 1);

        final VertexListConvexPolygon3D p = new VertexListConvexPolygon3D(XY_PLANE_Z1, Arrays.asList(p1, p2, p3, p4, p5));

        // act
        final List<Triangle3D> tris = p.toTriangles();

        // assert
        Assertions.assertEquals(3, tris.size());

        final Triangle3D a = tris.get(0);
        Assertions.assertSame(XY_PLANE_Z1, a.getPlane());
        EuclideanTestUtils.assertVertexLoopSequence(Arrays.asList(p2, p3, p4), a.getVertices(), TEST_PRECISION);

        final Triangle3D b = tris.get(1);
        Assertions.assertSame(XY_PLANE_Z1, b.getPlane());
        EuclideanTestUtils.assertVertexLoopSequence(Arrays.asList(p2, p4, p5), b.getVertices(), TEST_PRECISION);

        final Triangle3D c = tris.get(2);
        Assertions.assertSame(XY_PLANE_Z1, c.getPlane());
        EuclideanTestUtils.assertVertexLoopSequence(Arrays.asList(p2, p5, p1), c.getVertices(), TEST_PRECISION);
    }",VertexListConvexPolygon3DTest::testToTriangles_fiveVertices_oe
commons-geometry_1760,"@Test
    void testClosest_oe() {
        // arrange
        final VertexListConvexPolygon3D p = new VertexListConvexPolygon3D(XY_PLANE_Z1, Arrays.asList(
                Vector3D.of(1, 2, 1), Vector3D.of(3, 2, 1),
                Vector3D.of(3, 4, 1), Vector3D.of(1, 4, 1)
            ));

        // act/assert
        EuclideanTestUtils.assertCoordinatesEqual(Vector3D.of(2, 3, 1), p.closest(Vector3D.of(2, 3, 1)), TEST_EPS);
        EuclideanTestUtils.assertCoordinatesEqual(Vector3D.of(2, 3, 1), p.closest(Vector3D.of(2, 3, 100)), TEST_EPS);

        EuclideanTestUtils.assertCoordinatesEqual(Vector3D.of(3, 4, 1), p.closest(Vector3D.of(3, 5, 10)), TEST_EPS);
        EuclideanTestUtils.assertCoordinatesEqual(Vector3D.of(3, 4, 1), p.closest(Vector3D.of(3, 4, 10)), TEST_EPS);
        EuclideanTestUtils.assertCoordinatesEqual(Vector3D.of(3, 3, 1), p.closest(Vector3D.of(3, 3, 10)), TEST_EPS);
        EuclideanTestUtils.assertCoordinatesEqual(Vector3D.of(3, 2, 1), p.closest(Vector3D.of(3, 2, 10)), TEST_EPS);
        EuclideanTestUtils.assertCoordinatesEqual(Vector3D.of(3, 2, 1), p.closest(Vector3D.of(3, 1, 10)), TEST_EPS);

        EuclideanTestUtils.assertCoordinatesEqual(Vector3D.of(1, 4, 1), p.closest(Vector3D.of(0, 5, -10)), TEST_EPS);
        EuclideanTestUtils.assertCoordinatesEqual(Vector3D.of(1, 4, 1), p.closest(Vector3D.of(1, 5, -10)), TEST_EPS);
        EuclideanTestUtils.assertCoordinatesEqual(Vector3D.of(2, 4, 1), p.closest(Vector3D.of(2, 5, -10)), TEST_EPS);
        EuclideanTestUtils.assertCoordinatesEqual(Vector3D.of(3, 4, 1), p.closest(Vector3D.of(3, 5, -10)), TEST_EPS);
        EuclideanTestUtils.assertCoordinatesEqual(Vector3D.of(3, 4, 1), p.closest(Vector3D.of(4, 5, -10)), TEST_EPS);

        EuclideanTestUtils.assertCoordinatesEqual(Vector3D.of(1, 2, 1), p.closest(Vector3D.of(0, 2, 1)), TEST_EPS);
        EuclideanTestUtils.assertCoordinatesEqual(Vector3D.of(1, 2, 1), p.closest(Vector3D.of(1, 2, 1)), TEST_EPS);
        EuclideanTestUtils.assertCoordinatesEqual(Vector3D.of(2, 2, 1), p.closest(Vector3D.of(2, 2, 1)), TEST_EPS);
        EuclideanTestUtils.assertCoordinatesEqual(Vector3D.of(3, 2, 1), p.closest(Vector3D.of(3, 2, 1)), TEST_EPS);
        EuclideanTestUtils.assertCoordinatesEqual(Vector3D.of(3, 2, 1), p.closest(Vector3D.of(4, 2, 1)), TEST_EPS);

        EuclideanTestUtils.assertCoordinatesEqual(Vector3D.of(1, 3, 1), p.closest(Vector3D.of(0, 3, -10)), TEST_EPS);
        EuclideanTestUtils.assertCoordinatesEqual(Vector3D.of(1, 3, 1), p.closest(Vector3D.of(1, 3, -10)), TEST_EPS);
        EuclideanTestUtils.assertCoordinatesEqual(Vector3D.of(2, 3, 1), p.closest(Vector3D.of(2, 3, -10)), TEST_EPS);
        EuclideanTestUtils.assertCoordinatesEqual(Vector3D.of(3, 3, 1), p.closest(Vector3D.of(3, 3, -10)), TEST_EPS);
        EuclideanTestUtils.assertCoordinatesEqual(Vector3D.of(3, 3, 1), p.closest(Vector3D.of(4, 3, -10)), TEST_EPS);

        EuclideanTestUtils.assertCoordinatesEqual(Vector3D.of(1, 2, 1),
                p.closest(Vector3D.of(-100, -100, -100)), TEST_EPS);
        EuclideanTestUtils.assertCoordinatesEqual(Vector3D.of(3, 3.5, 1),
                p.closest(Vector3D.of(100, 3.5, 100)), TEST_EPS);
    }",VertexListConvexPolygon3DTest::testClosest_oe
commons-geometry_1761,"@Test
    void testTransform_oe() {
        // arrange
        final AffineTransformMatrix3D t = AffineTransformMatrix3D.identity()
                .rotate(QuaternionRotation.fromAxisAngle(Vector3D.Unit.PLUS_Y, -Angle.PI_OVER_TWO))
                .scale(1, 1, 2)
                .translate(Vector3D.of(1, 0, 0));

        final VertexListConvexPolygon3D p = new VertexListConvexPolygon3D(XY_PLANE_Z1, Arrays.asList(
                Vector3D.of(1, 2, 1), Vector3D.of(3, 2, 1),
                Vector3D.of(3, 4, 1), Vector3D.of(1, 4, 1)
            ));

        // act
        final VertexListConvexPolygon3D result = p.transform(t);

        // assert
        Assertions.assertFalse(result.isFull());
        Assertions.assertFalse(result.isEmpty());
        Assertions.assertTrue(result.isFinite());
        Assertions.assertFalse(result.isInfinite());

        Assertions.assertEquals(8, result.getSize(), TEST_EPS);

        EuclideanTestUtils.assertCoordinatesEqual(Vector3D.Unit.MINUS_X, result.getPlane().getNormal(), TEST_EPS);

        EuclideanTestUtils.assertVertexLoopSequence(
                Arrays.asList(Vector3D.of(0, 2, 2), Vector3D.of(0, 2, 6), Vector3D.of(0, 4, 6), Vector3D.of(0, 4, 2)),
                result.getVertices(), TEST_PRECISION);
    }",VertexListConvexPolygon3DTest::testTransform_oe
commons-geometry_1762,"@Test
    void testReverse_oe() {
        // arrange
        final VertexListConvexPolygon3D p = new VertexListConvexPolygon3D(XY_PLANE_Z1, Arrays.asList(
                Vector3D.of(1, 2, 1), Vector3D.of(3, 2, 1),
                Vector3D.of(3, 4, 1), Vector3D.of(1, 4, 1)
            ));

        // act
        final VertexListConvexPolygon3D result = p.reverse();

        // assert
        Assertions.assertFalse(result.isFull());
        Assertions.assertFalse(result.isEmpty());
        Assertions.assertTrue(result.isFinite());
        Assertions.assertFalse(result.isInfinite());

        Assertions.assertEquals(4, result.getSize(), TEST_EPS);

        EuclideanTestUtils.assertCoordinatesEqual(Vector3D.Unit.MINUS_Z, result.getPlane().getNormal(), TEST_EPS);

        EuclideanTestUtils.assertVertexLoopSequence(
                Arrays.asList(Vector3D.of(1, 4, 1), Vector3D.of(3, 4, 1), Vector3D.of(3, 2, 1), Vector3D.of(1, 2, 1)),
                result.getVertices(), TEST_PRECISION);
    }",VertexListConvexPolygon3DTest::testReverse_oe
commons-geometry_1763,"@Test
    void testSplit_plus_oe() {
        // arrange
        final VertexListConvexPolygon3D p = new VertexListConvexPolygon3D(XY_PLANE_Z1, TRIANGLE_VERTICES);

        final Plane splitter = Planes.fromPointAndNormal(Vector3D.ZERO, Vector3D.Unit.PLUS_X, TEST_PRECISION);

        // act
        final Split<PlaneConvexSubset> split = p.split(splitter);

        // assert
        Assertions.assertEquals(SplitLocation.PLUS, split.getLocation());

        Assertions.assertNull(split.getMinus());
        Assertions.assertSame(p, split.getPlus());
    }",VertexListConvexPolygon3DTest::testSplit_plus_oe
commons-geometry_1764,"@Test
    void testSplit_minus_oe() {
        // arrange
        final VertexListConvexPolygon3D p = new VertexListConvexPolygon3D(XY_PLANE_Z1, TRIANGLE_VERTICES);

        final Plane splitter = Planes.fromPointAndNormal(Vector3D.ZERO, Vector3D.Unit.MINUS_Z, TEST_PRECISION);

        // act
        final Split<PlaneConvexSubset> split = p.split(splitter);

        // assert
        Assertions.assertEquals(SplitLocation.MINUS, split.getLocation());

        Assertions.assertSame(p, split.getMinus());
        Assertions.assertNull(split.getPlus());
    }",VertexListConvexPolygon3DTest::testSplit_minus_oe
commons-geometry_1765,"@Test
    void testSplit_both_oe() {
        // arrange
        final VertexListConvexPolygon3D p = new VertexListConvexPolygon3D(XY_PLANE_Z1, TRIANGLE_VERTICES);

        final Plane splitter = Planes.fromPointAndNormal(Vector3D.ZERO, Vector3D.of(-1, 1, 0), TEST_PRECISION);

        // act
        final Split<PlaneConvexSubset> split = p.split(splitter);

        // assert
        Assertions.assertEquals(SplitLocation.BOTH, split.getLocation());

        final PlaneConvexSubset minus = split.getMinus();
        EuclideanTestUtils.assertVertexLoopSequence(
                Arrays.asList(Vector3D.of(0, 0, 1), Vector3D.of(1, 0, 1), Vector3D.of(0.5, 0.5, 1)),
                minus.getVertices(), TEST_PRECISION);

        final PlaneConvexSubset plus = split.getPlus();
        EuclideanTestUtils.assertVertexLoopSequence(
                Arrays.asList(Vector3D.of(0, 0, 1), Vector3D.of(0.5, 0.5, 1), Vector3D.of(0, 1, 1)),
                plus.getVertices(), TEST_PRECISION);
    }",VertexListConvexPolygon3DTest::testSplit_both_oe
commons-geometry_1766,"@Test
    void testSplit_neither_oe() {
        // arrange
        final VertexListConvexPolygon3D p = new VertexListConvexPolygon3D(XY_PLANE_Z1, TRIANGLE_VERTICES);

        final Plane splitter = Planes.fromPointAndNormal(Vector3D.of(0, 0, 1), Vector3D.of(0, 1e-15, -1), TEST_PRECISION);

        // act
        final Split<PlaneConvexSubset> split = p.split(splitter);

        // assert
        Assertions.assertEquals(SplitLocation.NEITHER, split.getLocation());

        Assertions.assertNull(split.getMinus());
        Assertions.assertNull(split.getPlus());
    }",VertexListConvexPolygon3DTest::testSplit_neither_oe
commons-geometry_1767,"@Test
    void testToString_oe() {
        // arrange
        final VertexListConvexPolygon3D p = new VertexListConvexPolygon3D(XY_PLANE_Z1, TRIANGLE_VERTICES);

        // act
        final String str = p.toString();

        // assert
        GeometryTestUtils.assertContains(""VertexListConvexPolygon3D[normal= ("", str);
        GeometryTestUtils.assertContains(""vertices= ["", str);
    }",VertexListConvexPolygon3DTest::testToString_oe
commons-geometry_1768,"@Test
    void testFromPointAndPlaneVectors_illegalArguments_oe() {
        // arrange
        final Vector3D pt = Vector3D.of(1, 2, 3);

        // act/assert

        // identical vectors
        Assertions.assertThrows(IllegalArgumentException.class, () -> Planes.fromPointAndPlaneVectors(pt, Vector3D.of(0, 0, 1), Vector3D.of(0, 0, 1), TEST_PRECISION));
        // zero vector
        Assertions.assertThrows(IllegalArgumentException.class, () -> Planes.fromPointAndPlaneVectors(pt, Vector3D.of(0, 0, 1), Vector3D.ZERO, TEST_PRECISION));
        // collinear vectors
        Assertions.assertThrows(IllegalArgumentException.class, () -> Planes.fromPointAndPlaneVectors(pt, Vector3D.of(0, 0, 1), Vector3D.of(0, 0, 2), TEST_PRECISION));
        // collinear vectors - reversed
        Assertions.assertThrows(IllegalArgumentException.class, () -> Planes.fromPointAndPlaneVectors(pt, Vector3D.of(0, 0, 1), Vector3D.of(0, 0, -2), TEST_PRECISION));
    }",EmbeddingPlaneTest::testFromPointAndPlaneVectors_illegalArguments_oe
commons-geometry_1769,"@Test
    void testGetEmbedding_oe() {
        // arrange
        final EmbeddingPlane plane = Planes.fromPointAndPlaneVectors(Vector3D.ZERO,
                Vector3D.Unit.PLUS_X, Vector3D.Unit.MINUS_Y, TEST_PRECISION);

        // act/assert
        Assertions.assertSame(plane, plane.getEmbedding());
    }",EmbeddingPlaneTest::testGetEmbedding_oe
commons-geometry_1770,"@Test
    void testPointAt_oe() {
        // arrange
        final Vector3D pt = Vector3D.of(0, 0, 1);
        final EmbeddingPlane plane = Planes.fromPointAndPlaneVectors(pt,
                Vector3D.Unit.PLUS_Y, Vector3D.Unit.MINUS_X, TEST_PRECISION);

        // act/assert
        EuclideanTestUtils.assertCoordinatesEqual(pt, plane.pointAt(Vector2D.ZERO, 0), TEST_EPS);
        EuclideanTestUtils.assertCoordinatesEqual(Vector3D.ZERO, plane.pointAt(Vector2D.ZERO, -1), TEST_EPS);
        EuclideanTestUtils.assertCoordinatesEqual(Vector3D.of(0, 0, -1), plane.pointAt(Vector2D.ZERO, -2), TEST_EPS);
        EuclideanTestUtils.assertCoordinatesEqual(Vector3D.of(0, 0, 2), plane.pointAt(Vector2D.ZERO, 1), TEST_EPS);

        EuclideanTestUtils.assertCoordinatesEqual(Vector3D.of(-1, 2, 1), plane.pointAt(Vector2D.of(2, 1), 0), TEST_EPS);
        EuclideanTestUtils.assertCoordinatesEqual(Vector3D.of(4, -3, 6), plane.pointAt(Vector2D.of(-3, -4), 5), TEST_EPS);
    }",EmbeddingPlaneTest::testPointAt_oe
commons-geometry_1771,"@Test
    void testReverse_oe() {
        // arrange
        final Vector3D pt = Vector3D.of(0, 0, 1);
        final EmbeddingPlane plane = Planes.fromPointAndPlaneVectors(pt,
                Vector3D.Unit.PLUS_X, Vector3D.Unit.PLUS_Y, TEST_PRECISION);

        // act
        final EmbeddingPlane reversed = plane.reverse();

        // assert
        checkPlane(reversed, pt, Vector3D.Unit.PLUS_Y, Vector3D.Unit.PLUS_X);

        Assertions.assertTrue(reversed.contains(Vector3D.of(1, 1, 1)));
        Assertions.assertTrue(reversed.contains(Vector3D.of(-1, -1, 1)));
        Assertions.assertFalse(reversed.contains(Vector3D.ZERO));

        Assertions.assertEquals(1.0, reversed.offset(Vector3D.ZERO), TEST_EPS);
    }",EmbeddingPlaneTest::testReverse_oe
commons-geometry_1772,"@Test
    void testTransform_asymmetricScaling_oe() {
        // arrange
        final Vector3D pt = Vector3D.of(0, 1, 0);
        final EmbeddingPlane plane = Planes.fromPointAndPlaneVectors(pt, Vector3D.Unit.MINUS_Z, Vector3D.of(-1, 1, 0), TEST_PRECISION);

        final AffineTransformMatrix3D mat = AffineTransformMatrix3D.createScale(2, 1, 1);

        // act
        final EmbeddingPlane result = plane.transform(mat);

        // assert
        final Vector3D expectedU = Vector3D.Unit.MINUS_Z;
        final Vector3D expectedV = Vector3D.Unit.of(-2, 1, 0);
        final Vector3D expectedNormal = Vector3D.Unit.of(1, 2, 0);

        final Vector3D transformedPt = mat.apply(plane.getOrigin());
        final Vector3D expectedOrigin = transformedPt.project(expectedNormal);

        checkPlane(result, expectedOrigin, expectedU, expectedV);

        Assertions.assertTrue(result.contains(transformedPt));
        Assertions.assertFalse(plane.contains(transformedPt));
    }",EmbeddingPlaneTest::testTransform_asymmetricScaling_oe
commons-geometry_1773,"@Test
    void testTransform_consistency_oe() {
        // arrange
        final Vector3D pt = Vector3D.of(1, 2, 3);
        final Vector3D normal = Vector3D.Unit.from(1, 1, 1);
        final Vector3D u = normal.orthogonal(Vector3D.Unit.PLUS_X);
        final Vector3D v = normal.cross(u).normalize();

        final EmbeddingPlane plane = Planes.fromPointAndPlaneVectors(pt, u, v, TEST_PRECISION);

        final Vector3D p1 = plane.project(Vector3D.of(4, 5, 6));
        final Vector3D p2 = plane.project(Vector3D.of(-7, -8, -9));
        final Vector3D p3 = plane.project(Vector3D.of(10, -11, 12));

        final Vector3D notOnPlane1 = plane.getOrigin().add(plane.getNormal());
        final Vector3D notOnPlane2 = plane.getOrigin().subtract(plane.getNormal());

        EuclideanTestUtils.permuteSkipZero(-4, 4, 1, (a, b, c) -> {
            final AffineTransformMatrix3D t = AffineTransformMatrix3D.identity()
                    .rotate(Vector3D.of(-1, 2, 3),
                            QuaternionRotation.fromAxisAngle(Vector3D.Unit.PLUS_X, 0.3 * a))
                    .scale(Math.max(a, 1), Math.max(b, 1), Math.max(c, 1))
                    .translate(c, b, a);

            // act
            final EmbeddingPlane result = plane.transform(t);

            // assert
            Vector3D expectedNormal = t.normalTransform().apply(plane.getNormal()).normalize();
            if (!t.preservesOrientation()) {
                expectedNormal = expectedNormal.negate();
            }

            EuclideanTestUtils.assertCoordinatesEqual(expectedNormal, result.getNormal(), TEST_EPS);

            Assertions.assertTrue(result.contains(t.apply(p1)));
            Assertions.assertTrue(result.contains(t.apply(p2)));
            Assertions.assertTrue(result.contains(t.apply(p3)));

            Assertions.assertFalse(result.contains(t.apply(notOnPlane1)));
            Assertions.assertFalse(result.contains(t.apply(notOnPlane2)));
        });
    }",EmbeddingPlaneTest::testTransform_consistency_oe
commons-geometry_1774,"@Test
    void testRotate_oe() {
        // arrange
        final Vector3D p1 = Vector3D.of(1.2, 3.4, -5.8);
        final Vector3D p2 = Vector3D.of(3.4, -5.8, 1.2);
        final Vector3D p3 = Vector3D.of(-2.0, 4.3, 0.7);
        EmbeddingPlane plane  = Planes.fromPoints(p1, p2, p3, TEST_PRECISION).getEmbedding();
        final Vector3D oldNormal = plane.getNormal();

        // act/assert
        plane = plane.rotate(p2, QuaternionRotation.fromAxisAngle(p2.subtract(p1), 1.7));
        Assertions.assertTrue(plane.contains(p1));
        Assertions.assertTrue(plane.contains(p2));
        Assertions.assertFalse(plane.contains(p3));

        plane = plane.rotate(p2, QuaternionRotation.fromAxisAngle(oldNormal, 0.1));
        Assertions.assertFalse(plane.contains(p1));
        Assertions.assertTrue(plane.contains(p2));
        Assertions.assertFalse(plane.contains(p3));

        plane = plane.rotate(p1, QuaternionRotation.fromAxisAngle(oldNormal, 0.1));
        Assertions.assertFalse(plane.contains(p1));
        Assertions.assertFalse(plane.contains(p2));
        Assertions.assertFalse(plane.contains(p3));
    }",EmbeddingPlaneTest::testRotate_oe
commons-geometry_1775,"@Test
    void testTranslate_oe() {
        // arrange
        final Vector3D p1 = Vector3D.of(1.2, 3.4, -5.8);
        final Vector3D p2 = Vector3D.of(3.4, -5.8, 1.2);
        final Vector3D p3 = Vector3D.of(-2.0, 4.3, 0.7);
        EmbeddingPlane plane  = Planes.fromPoints(p1, p2, p3, TEST_PRECISION).getEmbedding();

        // act/assert
        plane = plane.translate(Vector3D.Sum.create()
                .addScaled(2.0, plane.getU())
                .addScaled(-1.5, plane.getV()).get());
        Assertions.assertTrue(plane.contains(p1));
        Assertions.assertTrue(plane.contains(p2));
        Assertions.assertTrue(plane.contains(p3));

        plane = plane.translate(plane.getNormal().multiply(-1.2));
        Assertions.assertFalse(plane.contains(p1));
        Assertions.assertFalse(plane.contains(p2));
        Assertions.assertFalse(plane.contains(p3));

        plane = plane.translate(plane.getNormal().multiply(+1.2));
        Assertions.assertTrue(plane.contains(p1));
        Assertions.assertTrue(plane.contains(p2));
        Assertions.assertTrue(plane.contains(p3));
    }",EmbeddingPlaneTest::testTranslate_oe
commons-geometry_1776,"@Test
    void testSubspaceTransform_transformsPointsCorrectly_oe() {
        // arrange
        final EmbeddingPlane plane = Planes.fromPointAndPlaneVectors(Vector3D.of(1, 2, 3),
                Vector3D.of(-1, -1, 1), Vector3D.of(-1, 1, 1), TEST_PRECISION);

        EuclideanTestUtils.permuteSkipZero(-2, 2, 0.5, (a, b, c) -> {
            // create a somewhat complicate transform to try to hit all of the edge cases
            final AffineTransformMatrix3D transform = AffineTransformMatrix3D.createTranslation(Vector3D.of(a, b, c))
                    .rotate(QuaternionRotation.fromAxisAngle(Vector3D.of(b, c, a), Math.PI * c))
                    .scale(0.1, 4, 8);

            // act
            final SubspaceTransform st = plane.subspaceTransform(transform);

            // assert
            EuclideanTestUtils.permute(-5, 5, 1, (x, y) -> {
                final Vector2D subPt = Vector2D.of(x, y);
                final Vector3D expected = transform.apply(plane.toSpace(subPt));
                final Vector3D actual = st.getPlane().toSpace(
                        st.getTransform().apply(subPt));

                EuclideanTestUtils.assertCoordinatesEqual(expected, actual, TEST_EPS);
            });
        });
    }",EmbeddingPlaneTest::testSubspaceTransform_transformsPointsCorrectly_oe
commons-geometry_1777,"@Test
    void testEq_stdAndEmbedding_oe() {
        // arrange
        final Plane stdPlane = Planes.fromPointAndNormal(Vector3D.of(1, 1, 1), Vector3D.Unit.PLUS_Z, TEST_PRECISION);
        final EmbeddingPlane embeddingPlane = Planes.fromPointAndPlaneVectors(Vector3D.of(1, 1, 1),
                Vector3D.of(1, 1, 0), Vector3D.of(-1, 1, 0), TEST_PRECISION);

        final EmbeddingPlane nonEqEmbeddingPlane = Planes.fromPointAndPlaneVectors(Vector3D.of(1, 1, 1),
                Vector3D.of(1, 1, 1), Vector3D.of(-1, 1, 1), TEST_PRECISION);

        // act/assert
        Assertions.assertTrue(stdPlane.eq(embeddingPlane, TEST_PRECISION));
        Assertions.assertTrue(embeddingPlane.eq(stdPlane, TEST_PRECISION));

        Assertions.assertFalse(stdPlane.eq(nonEqEmbeddingPlane, TEST_PRECISION));
        Assertions.assertFalse(nonEqEmbeddingPlane.eq(stdPlane, TEST_PRECISION));
    }",EmbeddingPlaneTest::testEq_stdAndEmbedding_oe
commons-geometry_1778,"@Test
    void testSimilarOrientation_stdAndEmbedding_oe() {
        // arrange
        final Plane stdPlane = Planes.fromPointAndNormal(Vector3D.of(1, 1, 1), Vector3D.Unit.PLUS_Z, TEST_PRECISION);
        final EmbeddingPlane embeddingPlane = Planes.fromPointAndPlaneVectors(Vector3D.of(1, 1, 1),
                Vector3D.of(1, 1, 1), Vector3D.of(-1, 1, 1), TEST_PRECISION);

        final EmbeddingPlane nonSimilarEmbeddingPlane = Planes.fromPointAndPlaneVectors(Vector3D.of(1, 1, 1),
                Vector3D.Unit.PLUS_Y, Vector3D.Unit.PLUS_X, TEST_PRECISION);

        // act/assert
        Assertions.assertTrue(stdPlane.similarOrientation(embeddingPlane));
        Assertions.assertTrue(embeddingPlane.similarOrientation(stdPlane));

        Assertions.assertFalse(stdPlane.similarOrientation(nonSimilarEmbeddingPlane));
        Assertions.assertFalse(nonSimilarEmbeddingPlane.similarOrientation(stdPlane));
    }",EmbeddingPlaneTest::testSimilarOrientation_stdAndEmbedding_oe
commons-geometry_1779,"@Test
    void testHashCode_oe() {
        // arrange
        final Vector3D pt = Vector3D.of(1, 2, 3);
        final Vector3D u = Vector3D.Unit.PLUS_X;
        final Vector3D v = Vector3D.Unit.PLUS_Y;

        final EmbeddingPlane a = Planes.fromPointAndPlaneVectors(pt, u, v, TEST_PRECISION);
        final EmbeddingPlane b = Planes.fromPointAndPlaneVectors(Vector3D.of(1, 2, 4), u, v, TEST_PRECISION);
        final EmbeddingPlane c = Planes.fromPointAndPlaneVectors(pt, Vector3D.of(1, 1, 0), v, TEST_PRECISION);
        final EmbeddingPlane d = Planes.fromPointAndPlaneVectors(pt, u, Vector3D.Unit.MINUS_Y, TEST_PRECISION);
        final EmbeddingPlane e = Planes.fromPointAndPlaneVectors(pt, u, v, Precision.doubleEquivalenceOfEpsilon(1e-8));
        final EmbeddingPlane f = Planes.fromPointAndPlaneVectors(pt, u, v, TEST_PRECISION);

        // act/assert
        final int hash = a.hashCode();

        Assertions.assertEquals(hash, a.hashCode());

        Assertions.assertNotEquals(hash, b.hashCode());
        Assertions.assertNotEquals(hash, c.hashCode());
        Assertions.assertNotEquals(hash, d.hashCode());
        Assertions.assertNotEquals(hash, e.hashCode());

        Assertions.assertEquals(hash, f.hashCode());
    }",EmbeddingPlaneTest::testHashCode_oe
commons-geometry_1780,"@Test
    void testEquals_oe() {
        // arrange
        final Vector3D pt = Vector3D.of(1, 2, 3);
        final Vector3D u = Vector3D.Unit.PLUS_X;
        final Vector3D v = Vector3D.Unit.PLUS_Y;

        final EmbeddingPlane a = Planes.fromPointAndPlaneVectors(pt, u, v, TEST_PRECISION);
        final EmbeddingPlane b = Planes.fromPointAndPlaneVectors(Vector3D.of(1, 2, 4), u, v, TEST_PRECISION);
        final EmbeddingPlane c = Planes.fromPointAndPlaneVectors(pt, Vector3D.Unit.MINUS_X, v, TEST_PRECISION);
        final EmbeddingPlane d = Planes.fromPointAndPlaneVectors(pt, u, Vector3D.Unit.MINUS_Y, TEST_PRECISION);
        final EmbeddingPlane e = Planes.fromPointAndPlaneVectors(pt, u, v, Precision.doubleEquivalenceOfEpsilon(1e-8));
        final EmbeddingPlane f = Planes.fromPointAndPlaneVectors(pt, u, v, TEST_PRECISION);

        final Plane stdPlane = Planes.fromPointAndNormal(pt, Vector3D.Unit.PLUS_Z, TEST_PRECISION);

        // act/assert
        GeometryTestUtils.assertSimpleEqualsCases(a);

        Assertions.assertNotEquals(a, b);
        Assertions.assertNotEquals(a, c);
        Assertions.assertNotEquals(a, d);
        Assertions.assertNotEquals(a, e);

        Assertions.assertEquals(a, f);
        Assertions.assertEquals(f, a);

        Assertions.assertNotEquals(a, stdPlane);
    }",EmbeddingPlaneTest::testEquals_oe
commons-geometry_1781,"@Test
    void testToString_oe() {
        // arrange
        final EmbeddingPlane plane = Planes.fromPointAndPlaneVectors(Vector3D.ZERO,
                Vector3D.Unit.PLUS_X, Vector3D.Unit.PLUS_Y, TEST_PRECISION);

        // act
        final String str = plane.toString();

        // assert
        Assertions.assertTrue(str.startsWith(""EmbeddingPlane[""));
        Assertions.assertTrue(str.matches("".*origin= \\(0(\\.0)?, 0(\\.0)?\\, 0(\\.0)?\\).*""));
        Assertions.assertTrue(str.matches("".*u= \\(1(\\.0)?, 0(\\.0)?\\, 0(\\.0)?\\).*""));
        Assertions.assertTrue(str.matches("".*v= \\(0(\\.0)?, 1(\\.0)?\\, 0(\\.0)?\\).*""));
        Assertions.assertTrue(str.matches("".*w= \\(0(\\.0)?, 0(\\.0)?\\, 1(\\.0)?\\).*""));
    }",EmbeddingPlaneTest::testToString_oe
commons-geometry_1782,"@Test
    void testOf_oe() {
        // arrange
        final double[] arr = {
            1, 2, 3, 4,
            5, 6, 7, 8,
            9, 10, 11, 12
        };

        // act
        final AffineTransformMatrix3D transform = AffineTransformMatrix3D.of(arr);

        // assert
        final double[] result = transform.toArray();
        Assertions.assertNotSame(arr, result);
        Assertions.assertArrayEquals(arr, result, 0.0);
    }",AffineTransformMatrix3DTest::testOf_oe
commons-geometry_1783,"@Test
    void testOf_invalidDimensions_oe() {
        // act/assert
        GeometryTestUtils.assertThrowsWithMessage(() -> AffineTransformMatrix3D.of(1, 2),
                IllegalArgumentException.class, ""Dimension mismatch: 2 != 12"");
    }",AffineTransformMatrix3DTest::testOf_invalidDimensions_oe
commons-geometry_1784,"@Test
    void testFromColumnVectors_threeVectors_oe() {
        // arrange
        final Vector3D u = Vector3D.of(1, 2, 3);
        final Vector3D v = Vector3D.of(4, 5, 6);
        final Vector3D w = Vector3D.of(7, 8, 9);

        // act
        final AffineTransformMatrix3D transform = AffineTransformMatrix3D.fromColumnVectors(u, v, w);

        // assert
        Assertions.assertArrayEquals(new double[] {
            1, 4, 7, 0,
            2, 5, 8, 0,
            3, 6, 9, 0
        }, transform.toArray(), 0.0);
    }",AffineTransformMatrix3DTest::testFromColumnVectors_threeVectors_oe
commons-geometry_1785,"@Test
    void testFromColumnVectors_fourVectors_oe() {
        // arrange
        final Vector3D u = Vector3D.of(1, 2, 3);
        final Vector3D v = Vector3D.of(4, 5, 6);
        final Vector3D w = Vector3D.of(7, 8, 9);
        final Vector3D t = Vector3D.of(10, 11, 12);

        // act
        final AffineTransformMatrix3D transform = AffineTransformMatrix3D.fromColumnVectors(u, v, w, t);

        // assert
        Assertions.assertArrayEquals(new double[] {
            1, 4, 7, 10,
            2, 5, 8, 11,
            3, 6, 9, 12
        }, transform.toArray(), 0.0);
    }",AffineTransformMatrix3DTest::testFromColumnVectors_fourVectors_oe
commons-geometry_1786,"@Test
    void testFrom_oe() {
        // act/assert
        Assertions.assertArrayEquals(new double[] {
            1, 0, 0, 0,
            0, 1, 0, 0,
            0, 0, 1, 0
        }, AffineTransformMatrix3D.from(UnaryOperator.identity()).toArray(), EPS);
        Assertions.assertArrayEquals(new double[] {
            1, 0, 0, 2,
            0, 1, 0, 3,
            0, 0, 1, -4
        }, AffineTransformMatrix3D.from(v -> v.add(Vector3D.of(2, 3, -4))).toArray(), EPS);
        Assertions.assertArrayEquals(new double[] {
            3, 0, 0, 0,
            0, 3, 0, 0,
            0, 0, 3, 0
        }, AffineTransformMatrix3D.from(v -> v.multiply(3)).toArray(), EPS);
        Assertions.assertArrayEquals(new double[] {
            3, 0, 0, 6,
            0, 3, 0, 9,
            0, 0, 3, 12
        }, AffineTransformMatrix3D.from(v -> v.add(Vector3D.of(2, 3, 4)).multiply(3)).toArray(), EPS);
    }",AffineTransformMatrix3DTest::testFrom_oe
commons-geometry_1787,"@Test
    void testFrom_invalidFunction_oe() {
        // act/assert
        Assertions.assertThrows(IllegalArgumentException.class, () -> AffineTransformMatrix3D.from(v -> v.multiply(0)));
    }",AffineTransformMatrix3DTest::testFrom_invalidFunction_oe
commons-geometry_1788,"@Test
    void testIdentity_oe() {
        // act
        final AffineTransformMatrix3D transform = AffineTransformMatrix3D.identity();

        // assert
        final double[] expected = {
            1, 0, 0, 0,
            0, 1, 0, 0,
            0, 0, 1, 0
        };
        Assertions.assertArrayEquals(expected, transform.toArray(), 0.0);
    }",AffineTransformMatrix3DTest::testIdentity_oe
commons-geometry_1789,"@Test
    void testCreateTranslation_xyz_oe() {
        // act
        final AffineTransformMatrix3D transform = AffineTransformMatrix3D.createTranslation(2, 3, 4);

        // assert
        final double[] expected = {
            1, 0, 0, 2,
            0, 1, 0, 3,
            0, 0, 1, 4
        };
        Assertions.assertArrayEquals(expected, transform.toArray(), 0.0);
    }",AffineTransformMatrix3DTest::testCreateTranslation_xyz_oe
commons-geometry_1790,"@Test
    void testCreateTranslation_vector_oe() {
        // act
        final AffineTransformMatrix3D transform = AffineTransformMatrix3D.createTranslation(Vector3D.of(5, 6, 7));

        // assert
        final double[] expected = {
            1, 0, 0, 5,
            0, 1, 0, 6,
            0, 0, 1, 7
        };
        Assertions.assertArrayEquals(expected, transform.toArray(), 0.0);
    }",AffineTransformMatrix3DTest::testCreateTranslation_vector_oe
commons-geometry_1791,"@Test
    void testCreateScale_xyz_oe() {
        // act
        final AffineTransformMatrix3D transform = AffineTransformMatrix3D.createScale(2, 3, 4);

        // assert
        final double[] expected = {
            2, 0, 0, 0,
            0, 3, 0, 0,
            0, 0, 4, 0
        };
        Assertions.assertArrayEquals(expected, transform.toArray(), 0.0);
    }",AffineTransformMatrix3DTest::testCreateScale_xyz_oe
commons-geometry_1792,"@Test
    void testTranslate_xyz_oe() {
        // arrange
        final AffineTransformMatrix3D a = AffineTransformMatrix3D.of(
                    2, 0, 0, 10,
                    0, 3, 0, 11,
                    0, 0, 4, 12
                );

        // act
        final AffineTransformMatrix3D result = a.translate(4, 5, 6);

        // assert
        final double[] expected = {
            2, 0, 0, 14,
            0, 3, 0, 16,
            0, 0, 4, 18
        };
        Assertions.assertArrayEquals(expected, result.toArray(), 0.0);
    }",AffineTransformMatrix3DTest::testTranslate_xyz_oe
commons-geometry_1793,"@Test
    void testTranslate_vector_oe() {
        // arrange
        final AffineTransformMatrix3D a = AffineTransformMatrix3D.of(
                    2, 0, 0, 10,
                    0, 3, 0, 11,
                    0, 0, 4, 12
                );

        // act
        final AffineTransformMatrix3D result = a.translate(Vector3D.of(7, 8, 9));

        // assert
        final double[] expected = {
            2, 0, 0, 17,
            0, 3, 0, 19,
            0, 0, 4, 21
        };
        Assertions.assertArrayEquals(expected, result.toArray(), 0.0);
    }",AffineTransformMatrix3DTest::testTranslate_vector_oe
commons-geometry_1794,"@Test
    void testCreateScale_vector_oe() {
        // act
        final AffineTransformMatrix3D transform = AffineTransformMatrix3D.createScale(Vector3D.of(4, 5, 6));

        // assert
        final double[] expected = {
            4, 0, 0, 0,
            0, 5, 0, 0,
            0, 0, 6, 0
        };
        Assertions.assertArrayEquals(expected, transform.toArray(), 0.0);
    }",AffineTransformMatrix3DTest::testCreateScale_vector_oe
commons-geometry_1795,"@Test
    void testCreateScale_singleValue_oe() {
        // act
        final AffineTransformMatrix3D transform = AffineTransformMatrix3D.createScale(7);

        // assert
        final double[] expected = {
            7, 0, 0, 0,
            0, 7, 0, 0,
            0, 0, 7, 0
        };
        Assertions.assertArrayEquals(expected, transform.toArray(), 0.0);
    }",AffineTransformMatrix3DTest::testCreateScale_singleValue_oe
commons-geometry_1796,"@Test
    void testScale_xyz_oe() {
        // arrange
        final AffineTransformMatrix3D a = AffineTransformMatrix3D.of(
                    2, 0, 0, 10,
                    0, 3, 0, 11,
                    0, 0, 4, 12
                );

        // act
        final AffineTransformMatrix3D result = a.scale(4, 5, 6);

        // assert
        final double[] expected = {
            8, 0, 0, 40,
            0, 15, 0, 55,
            0, 0, 24, 72
        };
        Assertions.assertArrayEquals(expected, result.toArray(), 0.0);
    }",AffineTransformMatrix3DTest::testScale_xyz_oe
commons-geometry_1797,"@Test
    void testScale_vector_oe() {
        // arrange
        final AffineTransformMatrix3D a = AffineTransformMatrix3D.of(
                    2, 0, 0, 10,
                    0, 3, 0, 11,
                    0, 0, 4, 12
                );

        // act
        final AffineTransformMatrix3D result = a.scale(Vector3D.of(7, 8, 9));

        // assert
        final double[] expected = {
            14, 0, 0, 70,
            0, 24, 0, 88,
            0, 0, 36, 108
        };
        Assertions.assertArrayEquals(expected, result.toArray(), 0.0);
    }",AffineTransformMatrix3DTest::testScale_vector_oe
commons-geometry_1798,"@Test
    void testScale_singleValue_oe() {
        // arrange
        final AffineTransformMatrix3D a = AffineTransformMatrix3D.of(
                    2, 0, 0, 10,
                    0, 3, 0, 11,
                    0, 0, 4, 12
                );

        // act
        final AffineTransformMatrix3D result = a.scale(10);

        // assert
        final double[] expected = {
            20, 0, 0, 100,
            0, 30, 0, 110,
            0, 0, 40, 120
        };
        Assertions.assertArrayEquals(expected, result.toArray(), 0.0);
    }",AffineTransformMatrix3DTest::testScale_singleValue_oe
commons-geometry_1799,"@Test
    void testCreateRotation_oe() {
        // arrange
        final Vector3D center = Vector3D.of(1, 2, 3);
        final QuaternionRotation rotation = QuaternionRotation.fromAxisAngle(Vector3D.Unit.PLUS_Z, Angle.PI_OVER_TWO);

        // act
        final AffineTransformMatrix3D result = AffineTransformMatrix3D.createRotation(center, rotation);

        // assert
        final double[] expected = {
            0, -1, 0, 3,
            1, 0, 0, 1,
            0, 0, 1, 0
        };
        Assertions.assertArrayEquals(expected, result.toArray(), EPS);
    }",AffineTransformMatrix3DTest::testCreateRotation_oe
commons-geometry_1800,"@Test
    void testRotate_oe() {
        // arrange
        final AffineTransformMatrix3D a = AffineTransformMatrix3D.of(
                    1, 2, 3, 4,
                    5, 6, 7, 8,
                    9, 10, 11, 12
                );

        final QuaternionRotation rotation = QuaternionRotation.fromAxisAngle(Vector3D.Unit.PLUS_Z, Angle.PI_OVER_TWO);

        // act
        final AffineTransformMatrix3D result = a.rotate(rotation);

        // assert
        final double[] expected = {
            -5, -6, -7, -8,
            1, 2, 3, 4,
            9, 10, 11, 12
        };
        Assertions.assertArrayEquals(expected, result.toArray(), EPS);
    }",AffineTransformMatrix3DTest::testRotate_oe
commons-geometry_1801,"@Test
    void testRotate_aroundCenter_oe() {
        // arrange
        final AffineTransformMatrix3D a = AffineTransformMatrix3D.of(
                    1, 2, 3, 4,
                    5, 6, 7, 8,
                    9, 10, 11, 12
                );

        final Vector3D center = Vector3D.of(1, 2, 3);
        final QuaternionRotation rotation = QuaternionRotation.fromAxisAngle(Vector3D.Unit.PLUS_Z, Angle.PI_OVER_TWO);

        // act
        final AffineTransformMatrix3D result = a.rotate(center, rotation);

        // assert
        final double[] expected = {
            -5, -6, -7, -5,
            1, 2, 3, 5,
            9, 10, 11, 12
        };
        Assertions.assertArrayEquals(expected, result.toArray(), EPS);
    }",AffineTransformMatrix3DTest::testRotate_aroundCenter_oe
commons-geometry_1802,"@Test
    void testApply_identity_oe() {
        // arrange
        final AffineTransformMatrix3D transform = AffineTransformMatrix3D.identity();

        // act/assert
        runWithCoordinates((x, y, z) -> {
            final Vector3D v = Vector3D.of(x, y, z);

            EuclideanTestUtils.assertCoordinatesEqual(v, transform.apply(v), EPS);
        });
    }",AffineTransformMatrix3DTest::testApply_identity_oe
commons-geometry_1803,"@Test
    void testApply_translate_oe() {
        // arrange
        final Vector3D translation = Vector3D.of(1.1, -Math.PI, 5.5);

        final AffineTransformMatrix3D transform = AffineTransformMatrix3D.identity()
                .translate(translation);

        // act/assert
        runWithCoordinates((x, y, z) -> {
            final Vector3D vec = Vector3D.of(x, y, z);

            final Vector3D expectedVec = vec.add(translation);

            EuclideanTestUtils.assertCoordinatesEqual(expectedVec, transform.apply(vec), EPS);
        });
    }",AffineTransformMatrix3DTest::testApply_translate_oe
commons-geometry_1804,"@Test
    void testApply_scale_oe() {
        // arrange
        final Vector3D factors = Vector3D.of(2.0, -3.0, 4.0);

        final AffineTransformMatrix3D transform = AffineTransformMatrix3D.identity()
                .scale(factors);

        // act/assert
        runWithCoordinates((x, y, z) -> {
            final Vector3D vec = Vector3D.of(x, y, z);

            final Vector3D expectedVec = Vector3D.of(factors.getX() * x, factors.getY() * y, factors.getZ() * z);

            EuclideanTestUtils.assertCoordinatesEqual(expectedVec, transform.apply(vec), EPS);
        });
    }",AffineTransformMatrix3DTest::testApply_scale_oe
commons-geometry_1805,"@Test
    void testApply_translateThenScale_oe() {
        // arrange
        final Vector3D translation = Vector3D.of(-2.0, -3.0, -4.0);
        final Vector3D scale = Vector3D.of(5.0, 6.0, 7.0);

        final AffineTransformMatrix3D transform = AffineTransformMatrix3D.identity()
                .translate(translation)
                .scale(scale);

        // act/assert
        EuclideanTestUtils.assertCoordinatesEqual(Vector3D.of(-5, -12, -21), transform.apply(Vector3D.of(1, 1, 1)), EPS);

        runWithCoordinates((x, y, z) -> {
            final Vector3D vec = Vector3D.of(x, y, z);

            final Vector3D expectedVec = Vector3D.of(
                        (x + translation.getX()) * scale.getX(),
                        (y + translation.getY()) * scale.getY(),
                        (z + translation.getZ()) * scale.getZ()
                    );

            EuclideanTestUtils.assertCoordinatesEqual(expectedVec, transform.apply(vec), EPS);
        });
    }",AffineTransformMatrix3DTest::testApply_translateThenScale_oe
commons-geometry_1806,"@Test
    void testApply_scaleThenTranslate_oe() {
        // arrange
        final Vector3D scale = Vector3D.of(5.0, 6.0, 7.0);
        final Vector3D translation = Vector3D.of(-2.0, -3.0, -4.0);

        final AffineTransformMatrix3D transform = AffineTransformMatrix3D.identity()
                .scale(scale)
                .translate(translation);

        // act/assert
        runWithCoordinates((x, y, z) -> {
            final Vector3D vec = Vector3D.of(x, y, z);

            final Vector3D expectedVec = Vector3D.of(
                        (x * scale.getX()) + translation.getX(),
                        (y * scale.getY()) + translation.getY(),
                        (z * scale.getZ()) + translation.getZ()
                    );

            EuclideanTestUtils.assertCoordinatesEqual(expectedVec, transform.apply(vec), EPS);
        });
    }",AffineTransformMatrix3DTest::testApply_scaleThenTranslate_oe
commons-geometry_1807,"@Test
    void testApply_rotate_oe() {
        // arrange
        final QuaternionRotation rotation = QuaternionRotation.fromAxisAngle(Vector3D.of(1, 1, 1), 2.0 * Math.PI / 3.0);

        final AffineTransformMatrix3D transform = AffineTransformMatrix3D.identity().rotate(rotation);

        // act/assert
        runWithCoordinates((x, y, z) -> {
            final Vector3D vec = Vector3D.of(x, y, z);

            final Vector3D expectedVec = StandardRotations.PLUS_DIAGONAL_TWO_THIRDS_PI.apply(vec);

            EuclideanTestUtils.assertCoordinatesEqual(expectedVec, transform.apply(vec), EPS);
        });
    }",AffineTransformMatrix3DTest::testApply_rotate_oe
commons-geometry_1808,"@Test
    void testApply_rotate_aroundCenter_oe() {
        // arrange
        final double scaleFactor = 2;
        final Vector3D center = Vector3D.of(3, -4, 5);
        final QuaternionRotation rotation = QuaternionRotation.fromAxisAngle(Vector3D.Unit.PLUS_Z, Angle.PI_OVER_TWO);

        final AffineTransformMatrix3D transform = AffineTransformMatrix3D.identity()
                .scale(scaleFactor)
                .rotate(center, rotation);

        // act/assert
        EuclideanTestUtils.assertCoordinatesEqual(Vector3D.of(3, -3, 2), transform.apply(Vector3D.of(2, -2, 1)), EPS);

        runWithCoordinates((x, y, z) -> {
            final Vector3D vec = Vector3D.of(x, y, z);

            final Vector3D expectedVec = StandardRotations.PLUS_Z_HALF_PI.apply(vec.multiply(scaleFactor).subtract(center)).add(center);

            EuclideanTestUtils.assertCoordinatesEqual(expectedVec, transform.apply(vec), EPS);
        });
    }",AffineTransformMatrix3DTest::testApply_rotate_aroundCenter_oe
commons-geometry_1809,"@Test
    void testApplyXYZ_oe() {
        // arrange
        final double scaleFactor = 2;
        final Vector3D center = Vector3D.of(3, -4, 5);
        final QuaternionRotation rotation = QuaternionRotation.fromAxisAngle(Vector3D.of(0.5, 1, 1), 2 * Math.PI / 3);

        final AffineTransformMatrix3D transform = AffineTransformMatrix3D.identity()
                .scale(scaleFactor)
                .rotate(center, rotation);

        // act/assert
        runWithCoordinates((x, y, z) -> {
            final Vector3D vec = Vector3D.of(x, y, z);
            final Vector3D expectedVec = rotation.apply(vec.multiply(scaleFactor).subtract(center)).add(center);

            Assertions.assertEquals(expectedVec.getX(), transform.applyX(x, y, z), EPS);
            Assertions.assertEquals(expectedVec.getY(), transform.applyY(x, y, z), EPS);
            Assertions.assertEquals(expectedVec.getZ(), transform.applyZ(x, y, z), EPS);
        });
    }",AffineTransformMatrix3DTest::testApplyXYZ_oe
commons-geometry_1810,"@Test
    void testApplyVector_identity_oe() {
        // arrange
        final AffineTransformMatrix3D transform = AffineTransformMatrix3D.identity();

        // act/assert
        runWithCoordinates((x, y, z) -> {
            final Vector3D v = Vector3D.of(x, y, z);

            EuclideanTestUtils.assertCoordinatesEqual(v, transform.applyVector(v), EPS);
        });
    }",AffineTransformMatrix3DTest::testApplyVector_identity_oe
commons-geometry_1811,"@Test
    void testApplyVector_translate_oe() {
        // arrange
        final Vector3D translation = Vector3D.of(1.1, -Math.PI, 5.5);

        final AffineTransformMatrix3D transform = AffineTransformMatrix3D.identity()
                .translate(translation);

        // act/assert
        runWithCoordinates((x, y, z) -> {
            final Vector3D vec = Vector3D.of(x, y, z);

            EuclideanTestUtils.assertCoordinatesEqual(vec, transform.applyVector(vec), EPS);
        });
    }",AffineTransformMatrix3DTest::testApplyVector_translate_oe
commons-geometry_1812,"@Test
    void testApplyVector_scale_oe() {
        // arrange
        final Vector3D factors = Vector3D.of(2.0, -3.0, 4.0);

        final AffineTransformMatrix3D transform = AffineTransformMatrix3D.identity()
                .scale(factors);

        // act/assert
        runWithCoordinates((x, y, z) -> {
            final Vector3D vec = Vector3D.of(x, y, z);

            final Vector3D expectedVec = Vector3D.of(factors.getX() * x, factors.getY() * y, factors.getZ() * z);

            EuclideanTestUtils.assertCoordinatesEqual(expectedVec, transform.applyVector(vec), EPS);
        });
    }",AffineTransformMatrix3DTest::testApplyVector_scale_oe
commons-geometry_1813,"@Test
    void testApplyVector_representsDisplacement_oe() {
        // arrange
        final Vector3D p1 = Vector3D.of(1, 2, 3);

        final AffineTransformMatrix3D transform = AffineTransformMatrix3D.identity()
                .scale(1.5)
                .translate(4, 6, 5)
                .rotate(QuaternionRotation.fromAxisAngle(Vector3D.Unit.PLUS_Z, Angle.PI_OVER_TWO));

        // act/assert
        runWithCoordinates((x, y, z) -> {
            final Vector3D p2 = Vector3D.of(x, y, z);
            final Vector3D input = p1.subtract(p2);

            final Vector3D expected = transform.apply(p1).subtract(transform.apply(p2));

            EuclideanTestUtils.assertCoordinatesEqual(expected, transform.applyVector(input), EPS);
        });
    }",AffineTransformMatrix3DTest::testApplyVector_representsDisplacement_oe
commons-geometry_1814,"@Test
    void testApplyVectorXYZ_oe() {
        // arrange
        final Vector3D p1 = Vector3D.of(1, 2, 3);

        final AffineTransformMatrix3D transform = AffineTransformMatrix3D.identity()
                .scale(1.5)
                .translate(4, 6, 5)
                .rotate(QuaternionRotation.fromAxisAngle(Vector3D.of(0.5, 1, 1), Angle.PI_OVER_TWO));

        // act/assert
        runWithCoordinates((x, y, z) -> {
            final Vector3D p2 = p1.add(Vector3D.of(x, y, z));

            final Vector3D expected = transform.apply(p1).vectorTo(transform.apply(p2));

            Assertions.assertEquals(expected.getX(), transform.applyVectorX(x, y, z), EPS);
            Assertions.assertEquals(expected.getY(), transform.applyVectorY(x, y, z), EPS);
            Assertions.assertEquals(expected.getZ(), transform.applyVectorZ(x, y, z), EPS);
        });
    }",AffineTransformMatrix3DTest::testApplyVectorXYZ_oe
commons-geometry_1815,"@Test
    void testApplyDirection_identity_oe() {
        // arrange
        final AffineTransformMatrix3D transform = AffineTransformMatrix3D.identity();

        // act/assert
        EuclideanTestUtils.permuteSkipZero(-5, 5, 0.5, (x, y, z) -> {
            final Vector3D v = Vector3D.of(x, y, z);

            EuclideanTestUtils.assertCoordinatesEqual(v.normalize(), transform.applyDirection(v), EPS);
        });
    }",AffineTransformMatrix3DTest::testApplyDirection_identity_oe
commons-geometry_1816,"@Test
    void testApplyDirection_translate_oe() {
        // arrange
        final Vector3D translation = Vector3D.of(1.1, -Math.PI, 5.5);

        final AffineTransformMatrix3D transform = AffineTransformMatrix3D.identity()
                .translate(translation);

        // act/assert
        EuclideanTestUtils.permuteSkipZero(-5, 5, 0.5, (x, y, z) -> {
            final Vector3D vec = Vector3D.of(x, y, z);

            EuclideanTestUtils.assertCoordinatesEqual(vec.normalize(), transform.applyDirection(vec), EPS);
        });
    }",AffineTransformMatrix3DTest::testApplyDirection_translate_oe
commons-geometry_1817,"@Test
    void testApplyDirection_scale_oe() {
        // arrange
        final Vector3D factors = Vector3D.of(2.0, -3.0, 4.0);

        final AffineTransformMatrix3D transform = AffineTransformMatrix3D.identity()
                .scale(factors);

        // act/assert
        EuclideanTestUtils.permuteSkipZero(-5, 5, 0.5, (x, y, z) -> {
            final Vector3D vec = Vector3D.of(x, y, z);

            final Vector3D expectedVec = Vector3D.of(factors.getX() * x, factors.getY() * y, factors.getZ() * z).normalize();

            EuclideanTestUtils.assertCoordinatesEqual(expectedVec, transform.applyDirection(vec), EPS);
        });
    }",AffineTransformMatrix3DTest::testApplyDirection_scale_oe
commons-geometry_1818,"@Test
    void testApplyDirection_representsNormalizedDisplacement_oe() {
        // arrange
        final Vector3D p1 = Vector3D.of(1, 2, 3);

        final AffineTransformMatrix3D transform = AffineTransformMatrix3D.identity()
                .scale(1.5)
                .translate(4, 6, 5)
                .rotate(QuaternionRotation.fromAxisAngle(Vector3D.Unit.PLUS_Z, Angle.PI_OVER_TWO));

        // act/assert
        runWithCoordinates((x, y, z) -> {
            final Vector3D p2 = Vector3D.of(x, y, z);
            final Vector3D input = p1.subtract(p2);

            final Vector3D expected = transform.apply(p1).subtract(transform.apply(p2)).normalize();

            EuclideanTestUtils.assertCoordinatesEqual(expected, transform.applyDirection(input), EPS);
        });
    }",AffineTransformMatrix3DTest::testApplyDirection_representsNormalizedDisplacement_oe
commons-geometry_1819,"@Test
    void testApplyDirection_illegalNorm_oe() {
        // act/assert
        Assertions.assertThrows(IllegalArgumentException.class, () -> AffineTransformMatrix3D.createScale(1, 0, 1).applyDirection(Vector3D.Unit.PLUS_Y));
        Assertions.assertThrows(IllegalArgumentException.class, () -> AffineTransformMatrix3D.createScale(2).applyDirection(Vector3D.ZERO));
    }",AffineTransformMatrix3DTest::testApplyDirection_illegalNorm_oe
commons-geometry_1820,"@Test
    void testMultiply_oe() {
        // arrange
        final AffineTransformMatrix3D a = AffineTransformMatrix3D.of(
                    1, 2, 3, 4,
                    5, 6, 7, 8,
                    9, 10, 11, 12
                );
        final AffineTransformMatrix3D b = AffineTransformMatrix3D.of(
                    13, 14, 15, 16,
                    17, 18, 19, 20,
                    21, 22, 23, 24
                );

        // act
        final AffineTransformMatrix3D result = a.multiply(b);

        // assert
        final double[] arr = result.toArray();
        Assertions.assertArrayEquals(new double[] {
            110, 116, 122, 132,
            314, 332, 350, 376,
            518, 548, 578, 620
        }, arr, EPS);
    }",AffineTransformMatrix3DTest::testMultiply_oe
commons-geometry_1821,"@Test
    void testDeterminant_oe() {
        // act/assert
        Assertions.assertEquals(1.0, AffineTransformMatrix3D.identity().determinant(), EPS);
        Assertions.assertEquals(1.0,AffineTransformMatrix3D.of(1,0,0,10,0,1,0,11,0,0,1,12).determinant(),EPS);
        Assertions.assertEquals(-1.0,AffineTransformMatrix3D.of(-1,0,0,10,0,1,0,11,0,0,1,12).determinant(),EPS);
        Assertions.assertEquals(1.0,AffineTransformMatrix3D.of(-1,0,0,10,0,-1,0,11,0,0,1,12).determinant(),EPS);
        Assertions.assertEquals(-1.0,AffineTransformMatrix3D.of(-1,0,0,10,0,-1,0,11,0,0,-1,12).determinant(),EPS);
        Assertions.assertEquals(49.0,AffineTransformMatrix3D.of(2,-3,1,10,2,0,-1,11,1,4,5,-12).determinant(),EPS);
        Assertions.assertEquals(0.0,AffineTransformMatrix3D.of(1,2,3,0,4,5,6,0,7,8,9,0).determinant(),EPS);
    }",AffineTransformMatrix3DTest::testDeterminant_oe
commons-geometry_1822,"@Test
    void testPreservesOrientation_oe() {
        // act/assert
        Assertions.assertTrue(AffineTransformMatrix3D.identity().preservesOrientation());
        Assertions.assertTrue(AffineTransformMatrix3D.of(1,0,0,10,0,1,0,11,0,0,1,12).preservesOrientation());
        Assertions.assertTrue(AffineTransformMatrix3D.of(2,-3,1,10,2,0,-1,11,1,4,5,-12).preservesOrientation());

        Assertions.assertFalse(AffineTransformMatrix3D.of(-1,0,0,10,0,1,0,11,0,0,1,12).preservesOrientation());

        Assertions.assertTrue(AffineTransformMatrix3D.of(-1,0,0,10,0,-1,0,11,0,0,1,12).preservesOrientation());

        Assertions.assertFalse(AffineTransformMatrix3D.of(-1,0,0,10,0,-1,0,11,0,0,-1,12).preservesOrientation());
        Assertions.assertFalse(AffineTransformMatrix3D.of(1,2,3,0,4,5,6,0,7,8,9,0).preservesOrientation());
    }",AffineTransformMatrix3DTest::testPreservesOrientation_oe
commons-geometry_1823,"@Test
    void testMultiply_combinesTransformOperations_oe() {
        // arrange
        final Vector3D translation1 = Vector3D.of(1, 2, 3);
        final double scale = 2.0;
        final Vector3D translation2 = Vector3D.of(4, 5, 6);

        final AffineTransformMatrix3D a = AffineTransformMatrix3D.createTranslation(translation1);
        final AffineTransformMatrix3D b = AffineTransformMatrix3D.createScale(scale);
        final AffineTransformMatrix3D c = AffineTransformMatrix3D.identity();
        final AffineTransformMatrix3D d = AffineTransformMatrix3D.createTranslation(translation2);

        // act
        final AffineTransformMatrix3D transform = d.multiply(c).multiply(b).multiply(a);

        // assert
        runWithCoordinates((x, y, z) -> {
            final Vector3D vec = Vector3D.of(x, y, z);

            final Vector3D expectedVec = vec
                    .add(translation1)
                    .multiply(scale)
                    .add(translation2);

            EuclideanTestUtils.assertCoordinatesEqual(expectedVec, transform.apply(vec), EPS);
        });
    }",AffineTransformMatrix3DTest::testMultiply_combinesTransformOperations_oe
commons-geometry_1824,"@Test
    void testPremultiply_oe() {
        // arrange
        final AffineTransformMatrix3D a = AffineTransformMatrix3D.of(
                    1, 2, 3, 4,
                    5, 6, 7, 8,
                    9, 10, 11, 12
                );
        final AffineTransformMatrix3D b = AffineTransformMatrix3D.of(
                    13, 14, 15, 16,
                    17, 18, 19, 20,
                    21, 22, 23, 24
                );

        // act
        final AffineTransformMatrix3D result = b.premultiply(a);

        // assert
        final double[] arr = result.toArray();
        Assertions.assertArrayEquals(new double[] {
            110, 116, 122, 132,
            314, 332, 350, 376,
            518, 548, 578, 620
        }, arr, EPS);
    }",AffineTransformMatrix3DTest::testPremultiply_oe
commons-geometry_1825,"@Test
    void testPremultiply_combinesTransformOperations_oe() {
        // arrange
        final Vector3D translation1 = Vector3D.of(1, 2, 3);
        final double scale = 2.0;
        final Vector3D translation2 = Vector3D.of(4, 5, 6);

        final AffineTransformMatrix3D a = AffineTransformMatrix3D.createTranslation(translation1);
        final AffineTransformMatrix3D b = AffineTransformMatrix3D.createScale(scale);
        final AffineTransformMatrix3D c = AffineTransformMatrix3D.identity();
        final AffineTransformMatrix3D d = AffineTransformMatrix3D.createTranslation(translation2);

        // act
        final AffineTransformMatrix3D transform = a.premultiply(b).premultiply(c).premultiply(d);

        // assert
        runWithCoordinates((x, y, z) -> {
            final Vector3D vec = Vector3D.of(x, y, z);

            final Vector3D expectedVec = vec
                    .add(translation1)
                    .multiply(scale)
                    .add(translation2);

            EuclideanTestUtils.assertCoordinatesEqual(expectedVec, transform.apply(vec), EPS);
        });
    }",AffineTransformMatrix3DTest::testPremultiply_combinesTransformOperations_oe
commons-geometry_1826,"@Test
    void testInverse_identity_oe() {
        // act
        final AffineTransformMatrix3D inverse = AffineTransformMatrix3D.identity().inverse();

        // assert
        final double[] expected = {
            1, 0, 0, 0,
            0, 1, 0, 0,
            0, 0, 1, 0
        };
        Assertions.assertArrayEquals(expected, inverse.toArray(), 0.0);
    }",AffineTransformMatrix3DTest::testInverse_identity_oe
commons-geometry_1827,"@Test
    void testInverse_multiplyByInverse_producesIdentity_oe() {
        // arrange
        final AffineTransformMatrix3D a = AffineTransformMatrix3D.of(
                    1, 3, 7, 8,
                    2, 4, 9, 12,
                    5, 6, 10, 11
                );

        final AffineTransformMatrix3D inv = a.inverse();

        // act
        final AffineTransformMatrix3D result = inv.multiply(a);

        // assert
        final double[] expected = {
            1, 0, 0, 0,
            0, 1, 0, 0,
            0, 0, 1, 0
        };
        Assertions.assertArrayEquals(expected, result.toArray(), EPS);
    }",AffineTransformMatrix3DTest::testInverse_multiplyByInverse_producesIdentity_oe
commons-geometry_1828,"@Test
    void testInverse_translate_oe() {
        // arrange
        final AffineTransformMatrix3D transform = AffineTransformMatrix3D.createTranslation(1, -2, 4);

        // act
        final AffineTransformMatrix3D inverse = transform.inverse();

        // assert
        final double[] expected = {
            1, 0, 0, -1,
            0, 1, 0, 2,
            0, 0, 1, -4
        };
        Assertions.assertArrayEquals(expected, inverse.toArray(), 0.0);
    }",AffineTransformMatrix3DTest::testInverse_translate_oe
commons-geometry_1829,"@Test
    void testInverse_scale_oe() {
        // arrange
        final AffineTransformMatrix3D transform = AffineTransformMatrix3D.createScale(10, -2, 4);

        // act
        final AffineTransformMatrix3D inverse = transform.inverse();

        // assert
        final double[] expected = {
            0.1, 0, 0, 0,
            0, -0.5, 0, 0,
            0, 0, 0.25, 0
        };
        Assertions.assertArrayEquals(expected, inverse.toArray(), 0.0);
    }",AffineTransformMatrix3DTest::testInverse_scale_oe
commons-geometry_1830,"@Test
    void testInverse_rotate_oe() {
        // arrange
        final Vector3D center = Vector3D.of(1, 2, 3);
        final QuaternionRotation rotation = QuaternionRotation.fromAxisAngle(Vector3D.Unit.PLUS_Z, Angle.PI_OVER_TWO);

        final AffineTransformMatrix3D transform = AffineTransformMatrix3D.createRotation(center, rotation);

        // act
        final AffineTransformMatrix3D inverse = transform.inverse();

        // assert
        final double[] expected = {
            0, 1, 0, -1,
            -1, 0, 0, 3,
            0, 0, 1, 0
        };
        Assertions.assertArrayEquals(expected, inverse.toArray(), EPS);
    }",AffineTransformMatrix3DTest::testInverse_rotate_oe
commons-geometry_1831,"@Test
    void testInverse_undoesOriginalTransform_oe() {
        // arrange
        final Vector3D v1 = Vector3D.ZERO;
        final Vector3D v2 = Vector3D.Unit.PLUS_X;
        final Vector3D v3 = Vector3D.of(1, 1, 1);
        final Vector3D v4 = Vector3D.of(-2, 3, 4);

        final Vector3D center = Vector3D.of(1, 2, 3);
        final QuaternionRotation rotation = QuaternionRotation.fromAxisAngle(Vector3D.of(1, 2, 3), 0.25);

        // act/assert
        runWithCoordinates((x, y, z) -> {
            final AffineTransformMatrix3D transform = AffineTransformMatrix3D
                        .createTranslation(x, y, z)
                        .scale(2, 3, 4)
                        .rotate(center, rotation)
                        .translate(x / 3, y / 3, z / 3);

            final AffineTransformMatrix3D inverse = transform.inverse();

            EuclideanTestUtils.assertCoordinatesEqual(v1, inverse.apply(transform.apply(v1)), EPS);
            EuclideanTestUtils.assertCoordinatesEqual(v2, inverse.apply(transform.apply(v2)), EPS);
            EuclideanTestUtils.assertCoordinatesEqual(v3, inverse.apply(transform.apply(v3)), EPS);
            EuclideanTestUtils.assertCoordinatesEqual(v4, inverse.apply(transform.apply(v4)), EPS);
        });
    }",AffineTransformMatrix3DTest::testInverse_undoesOriginalTransform_oe
commons-geometry_1832,"@Test
    void testInverse_nonInvertible_oe() {
        // act/assert
        GeometryTestUtils.assertThrowsWithMessage(() -> AffineTransformMatrix3D.of(
                0, 0, 0, 0,
                0, 0, 0, 0,
                0, 0, 0, 0).inverse(), IllegalStateException.class, ""Matrix is not invertible; matrix determinant is 0.0"");

        GeometryTestUtils.assertThrowsWithMessage(() -> AffineTransformMatrix3D.of(
                1, 0, 0, 0,
                0, 1, 0, 0,
                0, 0, Double.NaN, 0).inverse(), IllegalStateException.class, ""Matrix is not invertible; matrix determinant is NaN"");

        GeometryTestUtils.assertThrowsWithMessage(() -> AffineTransformMatrix3D.of(
                1, 0, 0, 0,
                0, Double.NEGATIVE_INFINITY, 0, 0,
                0, 0, 1, 0).inverse(), IllegalStateException.class, ""Matrix is not invertible; matrix determinant is NaN"");

        GeometryTestUtils.assertThrowsWithMessage(() -> AffineTransformMatrix3D.of(
                Double.POSITIVE_INFINITY, 0, 0, 0,
                0, 1, 0, 0,
                0, 0, 1, 0).inverse(), IllegalStateException.class, ""Matrix is not invertible; matrix determinant is NaN"");

        GeometryTestUtils.assertThrowsWithMessage(() -> AffineTransformMatrix3D.of(
                1, 0, 0, Double.NaN,
                0, 1, 0, 0,
                0, 0, 1, 0).inverse(), IllegalStateException.class, ""Matrix is not invertible; invalid matrix element: NaN"");

        GeometryTestUtils.assertThrowsWithMessage(() -> AffineTransformMatrix3D.of(
                1, 0, 0, 0,
                0, 1, 0, Double.POSITIVE_INFINITY,
                0, 0, 1, 0).inverse(), IllegalStateException.class, ""Matrix is not invertible; invalid matrix element: Infinity"");

        GeometryTestUtils.assertThrowsWithMessage(() -> AffineTransformMatrix3D.of(
                1, 0, 0, 0,
                0, 1, 0, 0,
                0, 0, 1, Double.NEGATIVE_INFINITY).inverse(), IllegalStateException.class, ""Matrix is not invertible; invalid matrix element: -Infinity"");
    }",AffineTransformMatrix3DTest::testInverse_nonInvertible_oe
commons-geometry_1833,"@Test
    void testLinear_oe() {
        // arrange
        final AffineTransformMatrix3D mat = AffineTransformMatrix3D.of(
                2, 3, 4, 5,
                6, 7, 8, 9,
                10, 11, 12, 13);

        // act
        final AffineTransformMatrix3D result = mat.linear();

        // assert
        final double[] expected = {
            2, 3, 4, 0,
            6, 7, 8, 0,
            10, 11, 12, 0
        };
        Assertions.assertArrayEquals(expected, result.toArray(), 0.0);
    }",AffineTransformMatrix3DTest::testLinear_oe
commons-geometry_1834,"@Test
    void testLinearTranspose_oe() {
        // arrange
        final AffineTransformMatrix3D mat = AffineTransformMatrix3D.of(
                2, 3, 4, 5,
                6, 7, 8, 9,
                10, 11, 12, 13);

        // act
        final AffineTransformMatrix3D result = mat.linearTranspose();

        // assert
        final double[] expected = {
            2, 6, 10, 0,
            3, 7, 11, 0,
            4, 8, 12, 0
        };
        Assertions.assertArrayEquals(expected, result.toArray(), 0.0);
    }",AffineTransformMatrix3DTest::testLinearTranspose_oe
commons-geometry_1835,"@Test
    void testNormalTransform_nonInvertible_oe() {
        // act/assert
        Assertions.assertThrows(IllegalStateException.class, () -> AffineTransformMatrix3D.createScale(0).normalTransform());
    }",AffineTransformMatrix3DTest::testNormalTransform_nonInvertible_oe
commons-geometry_1836,"@Test
    void testHashCode_oe() {
        // arrange
        final double[] values = {
            1, 2, 3, 4,
            5, 6, 7, 8,
            9, 10, 11, 12
        };

        // act/assert
        final int orig = AffineTransformMatrix3D.of(values).hashCode();
        final int same = AffineTransformMatrix3D.of(values).hashCode();

        Assertions.assertEquals(orig, same);

        double[] temp;
        for (int i = 0; i < values.length; ++i) {
            temp = values.clone();
            temp[i] = 0;

            final int modified = AffineTransformMatrix3D.of(temp).hashCode();

            Assertions.assertNotEquals(orig, modified);
        }
    }",AffineTransformMatrix3DTest::testHashCode_oe
commons-geometry_1837,"@Test
    void testEquals_oe() {
        // arrange
        final double[] values = {
            1, 2, 3, 4,
            5, 6, 7, 8,
            9, 10, 11, 12
        };

        final AffineTransformMatrix3D a = AffineTransformMatrix3D.of(values);

        // act/assert
        GeometryTestUtils.assertSimpleEqualsCases(a);

        double[] temp;
        for (int i = 0; i < values.length; ++i) {
            temp = values.clone();
            temp[i] = 0;

            final AffineTransformMatrix3D modified = AffineTransformMatrix3D.of(temp);

            Assertions.assertNotEquals(a, modified);
        }
    }",AffineTransformMatrix3DTest::testEquals_oe
commons-geometry_1838,"@Test
    void testEqualsAndHashCode_signedZeroConsistency_oe() {
        // arrange
        final double[] arrWithPosZero = {
            1.0, 0.0, 0.0, 0.0,
            0.0, 1.0, 0.0, 0.0,
            0.0, 0.0, 1.0, 0.0,
        };
        final double[] arrWithNegZero = {
            1.0, 0.0, 0.0, 0.0,
            0.0, 1.0, 0.0, 0.0,
            0.0, 0.0, 1.0, -0.0,
        };
        final AffineTransformMatrix3D a = AffineTransformMatrix3D.of(arrWithPosZero);
        final AffineTransformMatrix3D b = AffineTransformMatrix3D.of(arrWithNegZero);
        final AffineTransformMatrix3D c = AffineTransformMatrix3D.of(arrWithPosZero);
        final AffineTransformMatrix3D d = AffineTransformMatrix3D.of(arrWithNegZero);

        // act/assert
        Assertions.assertFalse(a.equals(b));
        Assertions.assertNotEquals(a.hashCode(), b.hashCode());

        Assertions.assertTrue(a.equals(c));
        Assertions.assertEquals(a.hashCode(), c.hashCode());

        Assertions.assertTrue(b.equals(d));
        Assertions.assertEquals(b.hashCode(), d.hashCode());
    }",AffineTransformMatrix3DTest::testEqualsAndHashCode_signedZeroConsistency_oe
commons-geometry_1840,"@Test
    void testProperties_oe() {
        // arrange
        final Vector3D p1 = Vector3D.of(1, 2, 1);
        final Vector3D p2 = Vector3D.of(2, 2, 1);
        final Vector3D p3 = Vector3D.of(2, 3, 1);

        // act
        final SimpleTriangle3D tri = new SimpleTriangle3D(XY_PLANE_Z1, p1, p2, p3);

        // assert
        Assertions.assertFalse(tri.isFull());
        Assertions.assertFalse(tri.isEmpty());
        Assertions.assertFalse(tri.isInfinite());
        Assertions.assertTrue(tri.isFinite());

        Assertions.assertSame(XY_PLANE_Z1, tri.getPlane());
        Assertions.assertSame(p1, tri.getPoint1());
        Assertions.assertSame(p2, tri.getPoint2());
        Assertions.assertSame(p3, tri.getPoint3());

        Assertions.assertEquals(Arrays.asList(p1, p2, p3), tri.getVertices());

        final List<Vector2D> subspaceVertices = tri.getEmbedded().getSubspaceRegion().getVertices();
        Assertions.assertEquals(3, subspaceVertices.size());
        EuclideanTestUtils.assertCoordinatesEqual(Vector2D.of(1, 2), subspaceVertices.get(0), TEST_EPS);
        EuclideanTestUtils.assertCoordinatesEqual(Vector2D.of(2, 2), subspaceVertices.get(1), TEST_EPS);
        EuclideanTestUtils.assertCoordinatesEqual(Vector2D.of(2, 3), subspaceVertices.get(2), TEST_EPS);

        Assertions.assertEquals(0.5, tri.getSize(), TEST_EPS);
        EuclideanTestUtils.assertCoordinatesEqual(Vector3D.of(5.0 / 3.0, 7.0 / 3.0, 1), tri.getCentroid(), TEST_EPS);

        final Bounds3D bounds = tri.getBounds();
        EuclideanTestUtils.assertCoordinatesEqual(Vector3D.of(1, 2, 1), bounds.getMin(), TEST_EPS);
        EuclideanTestUtils.assertCoordinatesEqual(Vector3D.of(2, 3, 1), bounds.getMax(), TEST_EPS);
    }",SimpleTriangle3DTest::testProperties_oe
commons-geometry_1841,"@Test
    void testVertices_listIsImmutable_oe() {
        // arrange
        final SimpleTriangle3D tri = new SimpleTriangle3D(XY_PLANE_Z1,
                Vector3D.of(0, 0, 1), Vector3D.of(1, 0, 1), Vector3D.of(0, 1, 1));

        // act/assert
        Assertions.assertThrows(UnsupportedOperationException.class, () -> tri.getVertices().add(Vector3D.of(-1, 0, 1)));
    }",SimpleTriangle3DTest::testVertices_listIsImmutable_oe
commons-geometry_1842,"@Test
    void testToTriangles_oe() {
        // arrange
        final SimpleTriangle3D tri = new SimpleTriangle3D(XY_PLANE_Z1,
                Vector3D.of(0, 0, 1), Vector3D.of(1, 0, 1), Vector3D.of(0, 1, 1));

        // act
        final List<Triangle3D> triangles = tri.toTriangles();

        // assert
        Assertions.assertEquals(1, triangles.size());
        Assertions.assertSame(tri, triangles.get(0));
    }",SimpleTriangle3DTest::testToTriangles_oe
commons-geometry_1843,"@Test
    void testGetSize_oe() {
        // arrange
        final QuaternionRotation rot = QuaternionRotation.fromAxisAngle(Vector3D.Unit.PLUS_Z, 0.2);

        // act/assert
        Assertions.assertEquals(0.5,new SimpleTriangle3D(XY_PLANE_Z1,Vector3D.of(0,0,1),Vector3D.of(1,0,1),Vector3D.of(0,1,1)).getSize(),TEST_EPS);

        Assertions.assertEquals(1,new SimpleTriangle3D(XY_PLANE_Z1,Vector3D.of(0,0,1),Vector3D.of(2,0,1),Vector3D.of(0,1,1)).getSize(),TEST_EPS);

        Assertions.assertEquals(1.5,new SimpleTriangle3D(XY_PLANE_Z1,Vector3D.of(1,2,1),Vector3D.of(4,2,1),Vector3D.of(2,3,1)).getSize(),TEST_EPS);

        Assertions.assertEquals(1.5,new SimpleTriangle3D(XY_PLANE_Z1,rot.applyVector(Vector3D.of(1,2,1)),rot.apply(Vector3D.of(4,2,1)),rot.applyVector(Vector3D.of(2,3,1))).getSize(),TEST_EPS);
    }",SimpleTriangle3DTest::testGetSize_oe
commons-geometry_1844,"@Test
    void testClosest_oe() {
        // arrange
        final Vector3D p1 = Vector3D.of(1, 2, 1);
        final Vector3D p2 = Vector3D.of(3, 2, 1);
        final Vector3D p3 = Vector3D.of(2, 3, 1);

        final Vector3D centroid = Vector3D.centroid(p1, p2, p3);

        final SimpleTriangle3D tri = new SimpleTriangle3D(XY_PLANE_Z1, p1, p2, p3);

        // act/assert
        EuclideanTestUtils.assertCoordinatesEqual(centroid, tri.closest(centroid), TEST_EPS);
        EuclideanTestUtils.assertCoordinatesEqual(centroid, tri.closest(centroid.add(Vector3D.Unit.PLUS_Z)), TEST_EPS);
        EuclideanTestUtils.assertCoordinatesEqual(centroid, tri.closest(centroid.add(Vector3D.Unit.MINUS_Z)), TEST_EPS);

        EuclideanTestUtils.assertCoordinatesEqual(p1, tri.closest(Vector3D.of(0, 2, 5)), TEST_EPS);
        EuclideanTestUtils.assertCoordinatesEqual(p1, tri.closest(Vector3D.of(1, 2, 5)), TEST_EPS);
        EuclideanTestUtils.assertCoordinatesEqual(Vector3D.of(2, 2, 1), tri.closest(Vector3D.of(2, 2, 5)), TEST_EPS);
        EuclideanTestUtils.assertCoordinatesEqual(p2, tri.closest(Vector3D.of(3, 2, 5)), TEST_EPS);
        EuclideanTestUtils.assertCoordinatesEqual(p2, tri.closest(Vector3D.of(4, 2, 5)), TEST_EPS);

        EuclideanTestUtils.assertCoordinatesEqual(p1, tri.closest(Vector3D.of(0, 1, 5)), TEST_EPS);
        EuclideanTestUtils.assertCoordinatesEqual(p1, tri.closest(Vector3D.of(1, 1, 5)), TEST_EPS);
        EuclideanTestUtils.assertCoordinatesEqual(Vector3D.of(2, 2, 1), tri.closest(Vector3D.of(2, 1, 5)), TEST_EPS);
        EuclideanTestUtils.assertCoordinatesEqual(p2, tri.closest(Vector3D.of(3, 1, 5)), TEST_EPS);
        EuclideanTestUtils.assertCoordinatesEqual(p2, tri.closest(Vector3D.of(4, 1, 5)), TEST_EPS);

        EuclideanTestUtils.assertCoordinatesEqual(Vector3D.of(1.5, 2.5, 1),
                tri.closest(Vector3D.of(1, 3, -10)), TEST_EPS);
    }",SimpleTriangle3DTest::testClosest_oe
commons-geometry_1845,"@Test
    void testReverse_oe() {
        // arrange
        final Vector3D p1 = Vector3D.of(1, 2, 1);
        final Vector3D p2 = Vector3D.of(3, 2, 1);
        final Vector3D p3 = Vector3D.of(2, 3, 1);

        final SimpleTriangle3D tri = new SimpleTriangle3D(XY_PLANE_Z1, p1, p2, p3);

        // act
        final SimpleTriangle3D result = tri.reverse();

        // assert
        EuclideanTestUtils.assertCoordinatesEqual(Vector3D.Unit.MINUS_Z, result.getPlane().getNormal(), TEST_EPS);

        Assertions.assertSame(p1, result.getPoint1());
        Assertions.assertSame(p3, result.getPoint2());
        Assertions.assertSame(p2, result.getPoint3());

        final Vector3D v1 = result.getPoint1().vectorTo(result.getPoint2());
        final Vector3D v2 = result.getPoint1().vectorTo(result.getPoint3());
        EuclideanTestUtils.assertCoordinatesEqual(Vector3D.Unit.MINUS_Z, v1.cross(v2).normalize(), TEST_EPS);

        Assertions.assertEquals(1, result.getSize(), TEST_EPS);
    }",SimpleTriangle3DTest::testReverse_oe
commons-geometry_1846,"@Test
    void testTransform_oe() {
        // arrange
        final Vector3D p1 = Vector3D.of(1, 2, 1);
        final Vector3D p2 = Vector3D.of(3, 2, 1);
        final Vector3D p3 = Vector3D.of(2, 3, 1);

        final SimpleTriangle3D tri = new SimpleTriangle3D(XY_PLANE_Z1, p1, p2, p3);

        final AffineTransformMatrix3D t = AffineTransformMatrix3D.identity()
                .rotate(QuaternionRotation.fromAxisAngle(Vector3D.Unit.PLUS_Y, -Angle.PI_OVER_TWO))
                .scale(1, 1, 2)
                .translate(Vector3D.of(1, 0, 0));

        // act
        final SimpleTriangle3D result = tri.transform(t);

        // assert
        EuclideanTestUtils.assertCoordinatesEqual(Vector3D.Unit.MINUS_X, result.getPlane().getNormal(), TEST_EPS);

        EuclideanTestUtils.assertCoordinatesEqual(Vector3D.of(0, 2, 2), result.getPoint1(), TEST_EPS);
        EuclideanTestUtils.assertCoordinatesEqual(Vector3D.of(0, 2, 6), result.getPoint2(), TEST_EPS);
        EuclideanTestUtils.assertCoordinatesEqual(Vector3D.of(0, 3, 4), result.getPoint3(), TEST_EPS);

        final Vector3D v1 = result.getPoint1().vectorTo(result.getPoint2());
        final Vector3D v2 = result.getPoint1().vectorTo(result.getPoint3());
        EuclideanTestUtils.assertCoordinatesEqual(Vector3D.Unit.MINUS_X, v1.cross(v2).normalize(), TEST_EPS);

        Assertions.assertEquals(2, result.getSize(), TEST_EPS);
    }",SimpleTriangle3DTest::testTransform_oe
commons-geometry_1847,"@Test
    void testSplit_plus_oe() {
        // arrange
        final SimpleTriangle3D tri = new SimpleTriangle3D(XY_PLANE_Z1,
                Vector3D.of(0, 0, 1), Vector3D.of(1, 0, 1), Vector3D.of(0, 1, 1));

        final Plane splitter = Planes.fromPointAndNormal(Vector3D.ZERO, Vector3D.Unit.PLUS_X, TEST_PRECISION);

        // act
        final Split<PlaneConvexSubset> split = tri.split(splitter);

        // assert
        Assertions.assertEquals(SplitLocation.PLUS, split.getLocation());

        Assertions.assertNull(split.getMinus());
        Assertions.assertSame(tri, split.getPlus());
    }",SimpleTriangle3DTest::testSplit_plus_oe
commons-geometry_1848,"@Test
    void testSplit_minus_oe() {
        // arrange
        final SimpleTriangle3D tri = new SimpleTriangle3D(XY_PLANE_Z1,
                Vector3D.of(0, 0, 1), Vector3D.of(1, 0, 1), Vector3D.of(0, 1, 1));

        final Plane splitter = Planes.fromPointAndNormal(Vector3D.ZERO, Vector3D.Unit.MINUS_Z, TEST_PRECISION);

        // act
        final Split<PlaneConvexSubset> split = tri.split(splitter);

        // assert
        Assertions.assertEquals(SplitLocation.MINUS, split.getLocation());

        Assertions.assertSame(tri, split.getMinus());
        Assertions.assertNull(split.getPlus());
    }",SimpleTriangle3DTest::testSplit_minus_oe
commons-geometry_1849,"@Test
    void testSplit_both_oe() {
        // arrange
        final SimpleTriangle3D tri = new SimpleTriangle3D(XY_PLANE_Z1,
                Vector3D.of(0, 0, 1), Vector3D.of(1, 0, 1), Vector3D.of(0, 1, 1));

        final Plane splitter = Planes.fromPointAndNormal(Vector3D.ZERO, Vector3D.of(-1, 1, 0), TEST_PRECISION);

        // act
        final Split<PlaneConvexSubset> split = tri.split(splitter);

        // assert
        Assertions.assertEquals(SplitLocation.BOTH, split.getLocation());

        final PlaneConvexSubset minus = split.getMinus();
        EuclideanTestUtils.assertVertexLoopSequence(
                Arrays.asList(Vector3D.of(0, 0, 1), Vector3D.of(1, 0, 1), Vector3D.of(0.5, 0.5, 1)),
                minus.getVertices(), TEST_PRECISION);

        final PlaneConvexSubset plus = split.getPlus();
        EuclideanTestUtils.assertVertexLoopSequence(
                Arrays.asList(Vector3D.of(0, 0, 1), Vector3D.of(0.5, 0.5, 1), Vector3D.of(0, 1, 1)),
                plus.getVertices(), TEST_PRECISION);
    }",SimpleTriangle3DTest::testSplit_both_oe
commons-geometry_1850,"@Test
    void testSplit_neither_oe() {
        // arrange
        final SimpleTriangle3D tri = new SimpleTriangle3D(XY_PLANE_Z1,
                Vector3D.of(0, 0, 1), Vector3D.of(1, 0, 1), Vector3D.of(0, 1, 1));

        final Plane splitter = Planes.fromPointAndNormal(Vector3D.of(0, 0, 1), Vector3D.of(0, 1e-15, -1), TEST_PRECISION);

        // act
        final Split<PlaneConvexSubset> split = tri.split(splitter);

        // assert
        Assertions.assertEquals(SplitLocation.NEITHER, split.getLocation());

        Assertions.assertNull(split.getMinus());
        Assertions.assertNull(split.getPlus());
    }",SimpleTriangle3DTest::testSplit_neither_oe
commons-geometry_1851,"@Test
    void testToString_oe() {
        // arrange
        final SimpleTriangle3D tri = new SimpleTriangle3D(XY_PLANE_Z1,
                Vector3D.of(0, 0, 1), Vector3D.of(1, 0, 1), Vector3D.of(0, 1, 1));

        // act
        final String str = tri.toString();

        // assert
        GeometryTestUtils.assertContains(""SimpleTriangle3D[normal= ("", str);
        GeometryTestUtils.assertContains(""vertices= ["", str);
    }",SimpleTriangle3DTest::testToString_oe
commons-geometry_1852,"@Test
    void testIsRealNonZero_oe() {
        // act/assert
        Assertions.assertTrue(Vectors.isRealNonZero(1e-20));
        Assertions.assertTrue(Vectors.isRealNonZero(1e20));
        Assertions.assertTrue(Vectors.isRealNonZero(-1e-20));
        Assertions.assertTrue(Vectors.isRealNonZero(-1e20));

        Assertions.assertFalse(Vectors.isRealNonZero(0.0));
        Assertions.assertFalse(Vectors.isRealNonZero(-0.0));
        Assertions.assertFalse(Vectors.isRealNonZero(Double.NaN));
        Assertions.assertFalse(Vectors.isRealNonZero(Double.POSITIVE_INFINITY));
        Assertions.assertFalse(Vectors.isRealNonZero(Double.NEGATIVE_INFINITY));
    }",VectorsTest::testIsRealNonZero_oe
commons-geometry_1853,"@Test
    void testCheckedNorm_normArg_oe() {
        // act/assert
        Assertions.assertEquals(1.0, Vectors.checkedNorm(1.0), EPS);
        Assertions.assertEquals(23.12, Vectors.checkedNorm(23.12), EPS);
        Assertions.assertEquals(2e-12, Vectors.checkedNorm(2e-12), EPS);

        Assertions.assertEquals(-1.0, Vectors.checkedNorm(-1.0), EPS);
        Assertions.assertEquals(-23.12, Vectors.checkedNorm(-23.12), EPS);
        Assertions.assertEquals(-2e-12, Vectors.checkedNorm(-2e-12), EPS);

        GeometryTestUtils.assertThrowsWithMessage(() -> Vectors.checkedNorm(0.0),
                IllegalArgumentException.class, ""Illegal norm: 0.0"");
        GeometryTestUtils.assertThrowsWithMessage(() -> Vectors.checkedNorm(Double.NaN),
                IllegalArgumentException.class, ""Illegal norm: NaN"");
        GeometryTestUtils.assertThrowsWithMessage(() -> Vectors.checkedNorm(Double.POSITIVE_INFINITY),
                IllegalArgumentException.class, ""Illegal norm: Infinity"");
        GeometryTestUtils.assertThrowsWithMessage(() -> Vectors.checkedNorm(Double.NEGATIVE_INFINITY),
                IllegalArgumentException.class, ""Illegal norm: -Infinity"");
    }",VectorsTest::testCheckedNorm_normArg_oe
commons-geometry_1854,"@Test
    void testCheckedNorm_vectorArg_oe() {
        // act/assert
        Assertions.assertEquals(1.0, Vectors.checkedNorm(Vector1D.of(1.0)), EPS);
        Assertions.assertEquals(23.12, Vectors.checkedNorm(Vector1D.of(23.12)), EPS);
        Assertions.assertEquals(2e-12, Vectors.checkedNorm(Vector1D.of(2e-12)), EPS);

        Assertions.assertEquals(1.0, Vectors.checkedNorm(Vector1D.of(-1.0)), EPS);
        Assertions.assertEquals(23.12, Vectors.checkedNorm(Vector1D.of(-23.12)), EPS);
        Assertions.assertEquals(2e-12, Vectors.checkedNorm(Vector1D.of(-2e-12)), EPS);

        GeometryTestUtils.assertThrowsWithMessage(() -> Vectors.checkedNorm(Vector3D.ZERO),
                IllegalArgumentException.class, ""Illegal norm: 0.0"");
        GeometryTestUtils.assertThrowsWithMessage(() -> Vectors.checkedNorm(Vector3D.NaN),
                IllegalArgumentException.class, ""Illegal norm: NaN"");
        GeometryTestUtils.assertThrowsWithMessage(() -> Vectors.checkedNorm(Vector3D.POSITIVE_INFINITY),
                IllegalArgumentException.class, ""Illegal norm: Infinity"");
        GeometryTestUtils.assertThrowsWithMessage(() -> Vectors.checkedNorm(Vector3D.NEGATIVE_INFINITY),
                IllegalArgumentException.class, ""Illegal norm: Infinity"");
    }",VectorsTest::testCheckedNorm_vectorArg_oe
commons-geometry_1855,"@Test
    void testNorm_oneD_oe() {
        // act/assert
        Assertions.assertEquals(0.0, Vectors.norm(0.0), EPS);

        Assertions.assertEquals(2.0, Vectors.norm(-2.0), EPS);
        Assertions.assertEquals(1.0, Vectors.norm(-1.0), EPS);

        Assertions.assertEquals(1.0, Vectors.norm(1.0), EPS);
        Assertions.assertEquals(2.0, Vectors.norm(2.0), EPS);
    }",VectorsTest::testNorm_oneD_oe
commons-geometry_1856,"@Test
    void testNorm_twoD_oe() {
        // act/assert
        Assertions.assertEquals(0.0, Vectors.norm(0.0, 0.0), EPS);

        Assertions.assertEquals(Math.sqrt(5.0), Vectors.norm(1.0, 2.0), EPS);
        Assertions.assertEquals(5.0, Vectors.norm(3.0, -4.0), EPS);
        Assertions.assertEquals(Math.sqrt(61.0), Vectors.norm(-5.0, 6.0), EPS);
        Assertions.assertEquals(Math.sqrt(130.0), Vectors.norm(-7.0, -9.0), EPS);
    }",VectorsTest::testNorm_twoD_oe
commons-geometry_1857,"@Test
    void testNorm_threeD_oe() {
        // act/assert
        Assertions.assertEquals(0.0, Vectors.norm(0.0, 0.0, 0.0), EPS);

        Assertions.assertEquals(Math.sqrt(14.0), Vectors.norm(1.0, 2.0, 3.0), EPS);
        Assertions.assertEquals(Math.sqrt(77.0), Vectors.norm(4.0, 5.0, -6.0), EPS);
        Assertions.assertEquals(Math.sqrt(194.0), Vectors.norm(7.0, -8.0, 9.0), EPS);
        Assertions.assertEquals(Math.sqrt(365.0), Vectors.norm(10.0, -11.0, -12.0), EPS);
        Assertions.assertEquals(Math.sqrt(590.0), Vectors.norm(-13.0, 14.0, 15.0), EPS);
        Assertions.assertEquals(Math.sqrt(869.0), Vectors.norm(-16.0, 17.0, -18.0), EPS);
        Assertions.assertEquals(Math.sqrt(1202.0), Vectors.norm(-19.0, -20.0, 21.0), EPS);
        Assertions.assertEquals(Math.sqrt(1589.0), Vectors.norm(-22.0, -23.0, -24.0), EPS);
    }",VectorsTest::testNorm_threeD_oe
commons-geometry_1858,"@Test
    void testNormSq_oneD_oe() {
        // act/assert
        Assertions.assertEquals(0.0, Vectors.normSq(0.0), EPS);

        Assertions.assertEquals(9.0, Vectors.normSq(-3.0), EPS);
        Assertions.assertEquals(1.0, Vectors.normSq(-1.0), EPS);

        Assertions.assertEquals(1.0, Vectors.normSq(1.0), EPS);
        Assertions.assertEquals(9.0, Vectors.normSq(3.0), EPS);
    }",VectorsTest::testNormSq_oneD_oe
commons-geometry_1859,"@Test
    void testNormSq_twoD_oe() {
        // act/assert
        Assertions.assertEquals(0.0, Vectors.normSq(0.0, 0.0), EPS);

        Assertions.assertEquals(5.0, Vectors.normSq(1.0, 2.0), EPS);
        Assertions.assertEquals(25.0, Vectors.normSq(3.0, -4.0), EPS);
        Assertions.assertEquals(61.0, Vectors.normSq(-5.0, 6.0), EPS);
        Assertions.assertEquals(130.0, Vectors.normSq(-7.0, -9.0), EPS);
    }",VectorsTest::testNormSq_twoD_oe
commons-geometry_1860,"@Test
    void testNormSq_threeD_oe() {
        // act/assert
        Assertions.assertEquals(0.0, Vectors.normSq(0.0, 0.0, 0.0), EPS);

        Assertions.assertEquals(14.0, Vectors.normSq(1.0, 2.0, 3.0), EPS);
        Assertions.assertEquals(77.0, Vectors.normSq(4.0, 5.0, -6.0), EPS);
        Assertions.assertEquals(194.0, Vectors.normSq(7.0, -8.0, 9.0), EPS);
        Assertions.assertEquals(365.0, Vectors.normSq(10.0, -11.0, -12.0), EPS);
        Assertions.assertEquals(590.0, Vectors.normSq(-13.0, 14.0, 15.0), EPS);
        Assertions.assertEquals(869.0, Vectors.normSq(-16.0, 17.0, -18.0), EPS);
        Assertions.assertEquals(1202.0, Vectors.normSq(-19.0, -20.0, 21.0), EPS);
        Assertions.assertEquals(1589.0, Vectors.normSq(-22.0, -23.0, -24.0), EPS);
    }",VectorsTest::testNormSq_threeD_oe
commons-geometry_1861,"@Test
    void testDeterminant_2x2_oe() {
        // act/assert
        Assertions.assertEquals(1,Matrices.determinant(1,0,0,1),EPS);

        Assertions.assertEquals(-1,Matrices.determinant(-1,0,0,1),EPS);

        Assertions.assertEquals(0,Matrices.determinant(1,1,1,1),EPS);

        Assertions.assertEquals(-2,Matrices.determinant(1,2,3,4),EPS);

        Assertions.assertEquals(7,Matrices.determinant(-5,-4,-2,-3),EPS);

        Assertions.assertEquals(9,Matrices.determinant(-1,-2,6,3),EPS);
    }",MatricesTest::testDeterminant_2x2_oe
commons-geometry_1862,"@Test
    void testDeterminant_3x3_oe() {
        // act/assert
        Assertions.assertEquals(1,Matrices.determinant(1,0,0,0,1,0,0,0,1),EPS);

        Assertions.assertEquals(-1,Matrices.determinant(-1,0,0,0,-1,0,0,0,-1),EPS);

        Assertions.assertEquals(0,Matrices.determinant(1,2,3,4,5,6,7,8,9),EPS);

        Assertions.assertEquals(49,Matrices.determinant(2,-3,1,2,0,-1,1,4,5),EPS);

        Assertions.assertEquals(-40,Matrices.determinant(-5,0,-1,1,2,-1,-3,4,1),EPS);
    }",MatricesTest::testDeterminant_3x3_oe
commons-geometry_1863,"@Test
    void testCheckDeterminantForInverse_oe() {
        // act/assert
        Assertions.assertEquals(1.0, Matrices.checkDeterminantForInverse(1.0), EPS);
        Assertions.assertEquals(-1.0, Matrices.checkDeterminantForInverse(-1.0), EPS);
    }",MatricesTest::testCheckDeterminantForInverse_oe
commons-geometry_1864,"@Test
    void testCheckDeterminantForInverse_invalid_oe() {
        // act/assert
        GeometryTestUtils.assertThrowsWithMessage(() -> {
            Matrices.checkDeterminantForInverse(0);
        }, IllegalStateException.class, ""Matrix is not invertible; matrix determinant is 0.0"");

        GeometryTestUtils.assertThrowsWithMessage(() -> {
            Matrices.checkDeterminantForInverse(Double.NaN);
        }, IllegalStateException.class, ""Matrix is not invertible; matrix determinant is NaN"");

        GeometryTestUtils.assertThrowsWithMessage(() -> {
            Matrices.checkDeterminantForInverse(Double.POSITIVE_INFINITY);
        }, IllegalStateException.class, ""Matrix is not invertible; matrix determinant is Infinity"");

        GeometryTestUtils.assertThrowsWithMessage(() -> {
            Matrices.checkDeterminantForInverse(Double.NEGATIVE_INFINITY);
        }, IllegalStateException.class, ""Matrix is not invertible; matrix determinant is -Infinity"");
    }",MatricesTest::testCheckDeterminantForInverse_invalid_oe
commons-geometry_1865,"@Test
    void testCheckElementForInverse_oe() {
        // act/assert
        Assertions.assertEquals(0.0, Matrices.checkElementForInverse(0.0), EPS);

        Assertions.assertEquals(1.0, Matrices.checkElementForInverse(1.0), EPS);
        Assertions.assertEquals(-1.0, Matrices.checkElementForInverse(-1.0), EPS);
    }",MatricesTest::testCheckElementForInverse_oe
commons-geometry_1866,"@Test
    void testCheckElementForInverse_invalid_oe() {
        // act/assert
        GeometryTestUtils.assertThrowsWithMessage(() -> {
            Matrices.checkElementForInverse(Double.NaN);
        }, IllegalStateException.class, ""Matrix is not invertible; invalid matrix element: NaN"");

        GeometryTestUtils.assertThrowsWithMessage(() -> {
            Matrices.checkElementForInverse(Double.POSITIVE_INFINITY);
        }, IllegalStateException.class, ""Matrix is not invertible; invalid matrix element: Infinity"");

        GeometryTestUtils.assertThrowsWithMessage(() -> {
            Matrices.checkElementForInverse(Double.NEGATIVE_INFINITY);
        }, IllegalStateException.class, ""Matrix is not invertible; invalid matrix element: -Infinity"");
    }",MatricesTest::testCheckElementForInverse_invalid_oe
commons-geometry_1867,"@Test
    void testConvexPolygonToTriangleFan_threeVertices_oe() {
        // arrange
        final Vector3D p1 = Vector3D.ZERO;
        final Vector3D p2 = Vector3D.of(1, 0, 0);
        final Vector3D p3 = Vector3D.of(0, 1, 0);

        final List<List<Vector3D>> tris = new ArrayList<>();

        // act
        EuclideanUtils.convexPolygonToTriangleFan(Arrays.asList(p1, p2, p3), tris::add);

        // assert
        Assertions.assertEquals(1, tris.size());
        EuclideanTestUtils.assertVertexLoopSequence(Arrays.asList(p1, p2, p3), tris.get(0), TEST_PRECISION);
    }",EuclideanUtilsTest::testConvexPolygonToTriangleFan_threeVertices_oe
commons-geometry_1868,"@Test
    void testConvexPolygonToTriangleFan_fourVertices_oe() {
        // arrange
        final Vector3D p1 = Vector3D.ZERO;
        final Vector3D p2 = Vector3D.of(1, 0, 0);
        final Vector3D p3 = Vector3D.of(1, 1, 0);
        final Vector3D p4 = Vector3D.of(0, 1, 0);

        final List<List<Vector3D>> tris = new ArrayList<>();

        // act
        EuclideanUtils.convexPolygonToTriangleFan(Arrays.asList(p1, p2, p3, p4), tris::add);

        // assert
        Assertions.assertEquals(2, tris.size());

        EuclideanTestUtils.assertVertexLoopSequence(Arrays.asList(p1, p2, p3), tris.get(0), TEST_PRECISION);
        EuclideanTestUtils.assertVertexLoopSequence(Arrays.asList(p1, p3, p4), tris.get(1), TEST_PRECISION);
    }",EuclideanUtilsTest::testConvexPolygonToTriangleFan_fourVertices_oe
commons-geometry_1869,"@Test
    void testConvexPolygonToTriangleFan_fourVertices_chooseLargestInteriorAngleForBase_oe() {
        // arrange
        final Vector3D p1 = Vector3D.ZERO;
        final Vector3D p2 = Vector3D.of(1, 0, 0);
        final Vector3D p3 = Vector3D.of(2, 1, 0);
        final Vector3D p4 = Vector3D.of(1.5, 1, 0);

        final List<List<Vector3D>> tris = new ArrayList<>();

        // act
        EuclideanUtils.convexPolygonToTriangleFan(Arrays.asList(p1, p2, p3, p4), tris::add);

        // assert
        Assertions.assertEquals(2, tris.size());
        EuclideanTestUtils.assertVertexLoopSequence(Arrays.asList(p4, p1, p2), tris.get(0), TEST_PRECISION);
        EuclideanTestUtils.assertVertexLoopSequence(Arrays.asList(p4, p2, p3), tris.get(1), TEST_PRECISION);
    }",EuclideanUtilsTest::testConvexPolygonToTriangleFan_fourVertices_chooseLargestInteriorAngleForBase_oe
commons-geometry_1870,"@Test
    void testConvexPolygonToTriangleFan_fourVertices_distancesLessThanPrecision_oe() {
        // This test checks that the triangle fan algorithm is not affected by the distances between
        // the vertices, just as long as the points are not exactly equal. Callers are responsible for
        // ensuring that the points are actually distinct according to the relevant precision context.

        // arrange
        final Vector3D p1 = Vector3D.ZERO;
        final Vector3D p2 = Vector3D.of(1e-20, 0, 0);
        final Vector3D p3 = Vector3D.of(1e-20, 1e-20, 0);
        final Vector3D p4 = Vector3D.of(0, 1e-20, 0);

        final List<List<Vector3D>> tris = new ArrayList<>();

        // act
        EuclideanUtils.convexPolygonToTriangleFan(Arrays.asList(p1, p2, p3, p4), tris::add);

        // assert
        Assertions.assertEquals(2, tris.size());
        EuclideanTestUtils.assertVertexLoopSequence(Arrays.asList(p1, p2, p3), tris.get(0), TEST_PRECISION);
        EuclideanTestUtils.assertVertexLoopSequence(Arrays.asList(p1, p3, p4), tris.get(1), TEST_PRECISION);
    }",EuclideanUtilsTest::testConvexPolygonToTriangleFan_fourVertices_distancesLessThanPrecision_oe
commons-geometry_1871,"@Test
    void testConvexPolygonToTriangleFan_sixVertices_oe() {
        // arrange
        final Vector3D p1 = Vector3D.ZERO;
        final Vector3D p2 = Vector3D.of(1, -1, 0);
        final Vector3D p3 = Vector3D.of(1.5, -1, 0);
        final Vector3D p4 = Vector3D.of(5, 0, 0);
        final Vector3D p5 = Vector3D.of(3, 1, 0);
        final Vector3D p6 = Vector3D.of(0.5, 1, 0);

        final List<List<Vector3D>> tris = new ArrayList<>();

        // act
        EuclideanUtils.convexPolygonToTriangleFan(Arrays.asList(p1, p2, p3, p4, p5, p6), tris::add);

        // assert
        Assertions.assertEquals(4, tris.size());
        EuclideanTestUtils.assertVertexLoopSequence(Arrays.asList(p3, p4, p5), tris.get(0), TEST_PRECISION);
        EuclideanTestUtils.assertVertexLoopSequence(Arrays.asList(p3, p5, p6), tris.get(1), TEST_PRECISION);
        EuclideanTestUtils.assertVertexLoopSequence(Arrays.asList(p3, p6, p1), tris.get(2), TEST_PRECISION);
        EuclideanTestUtils.assertVertexLoopSequence(Arrays.asList(p3, p1, p2), tris.get(3), TEST_PRECISION);
    }",EuclideanUtilsTest::testConvexPolygonToTriangleFan_sixVertices_oe
commons-geometry_1872,"@Test
    void testConvexPolygonToTriangleFan_notEnoughVertices_oe() {
        // arrange
        final String baseMsg = ""Cannot create triangle fan: 3 or more vertices are required but found only "";

        // act/assert
        GeometryTestUtils.assertThrowsWithMessage(() -> {
            EuclideanUtils.convexPolygonToTriangleFan(Collections.emptyList(), Function.identity());
        }, IllegalArgumentException.class, baseMsg + ""0"");

        GeometryTestUtils.assertThrowsWithMessage(() -> {
            EuclideanUtils.convexPolygonToTriangleFan(Collections.singletonList(Vector3D.ZERO), Function.identity());
        }, IllegalArgumentException.class, baseMsg + ""1"");

        GeometryTestUtils.assertThrowsWithMessage(() -> {
            EuclideanUtils.convexPolygonToTriangleFan(Arrays.asList(Vector3D.ZERO, Vector3D.of(1, 0, 0)), Function.identity());
        }, IllegalArgumentException.class, baseMsg + ""2"");
    }",EuclideanUtilsTest::testConvexPolygonToTriangleFan_notEnoughVertices_oe
commons-geometry_1873,"@Test
    void testOf_doubles_invalidIntervals_oe() {

        // act/assert
        Assertions.assertThrows(IllegalArgumentException.class, () -> Interval.of(1, Double.NaN, TEST_PRECISION));
        Assertions.assertThrows(IllegalArgumentException.class, () -> Interval.of(Double.NaN, 1, TEST_PRECISION));
        Assertions.assertThrows(IllegalArgumentException.class, () -> Interval.of(Double.NaN, Double.NaN, TEST_PRECISION));
        Assertions.assertThrows(IllegalArgumentException.class, () -> Interval.of(Double.POSITIVE_INFINITY, Double.POSITIVE_INFINITY, TEST_PRECISION));
        Assertions.assertThrows(IllegalArgumentException.class, () -> Interval.of(Double.NEGATIVE_INFINITY, Double.NEGATIVE_INFINITY, TEST_PRECISION));
    }",IntervalTest::testOf_doubles_invalidIntervals_oe
commons-geometry_1874,"@Test
    void testOf_points_invalidIntervals_oe() {

        // act/assert
        Assertions.assertThrows(IllegalArgumentException.class, () -> Interval.of(Vector1D.of(1), Vector1D.of(Double.NaN), TEST_PRECISION));
        Assertions.assertThrows(IllegalArgumentException.class, () -> Interval.of(Vector1D.of(Double.POSITIVE_INFINITY), Vector1D.of(Double.POSITIVE_INFINITY), TEST_PRECISION));
    }",IntervalTest::testOf_points_invalidIntervals_oe
commons-geometry_1875,"@Test
    void testOf_hyperplanes_oe() {
        // act/assert
        Assertions.assertSame(Interval.full(), Interval.of(null, null));

        checkInterval(Interval.of(
                OrientedPoints.fromLocationAndDirection(1, true, TEST_PRECISION),
                OrientedPoints.fromLocationAndDirection(1, false, TEST_PRECISION)), 1, 1);
        checkInterval(Interval.of(
                OrientedPoints.fromLocationAndDirection(1, false, TEST_PRECISION),
                OrientedPoints.fromLocationAndDirection(1, true, TEST_PRECISION)), 1, 1);

        checkInterval(Interval.of(
                OrientedPoints.fromLocationAndDirection(-2, false, TEST_PRECISION),
                OrientedPoints.fromLocationAndDirection(5, true, TEST_PRECISION)), -2, 5);
        checkInterval(Interval.of(
                OrientedPoints.fromLocationAndDirection(5, true, TEST_PRECISION),
                OrientedPoints.fromLocationAndDirection(-2, false, TEST_PRECISION)), -2, 5);

        checkInterval(Interval.of(
                null,
                OrientedPoints.fromLocationAndDirection(5, true, TEST_PRECISION)), Double.NEGATIVE_INFINITY, 5);
        checkInterval(Interval.of(
                OrientedPoints.fromLocationAndDirection(5, true, TEST_PRECISION),
                null), Double.NEGATIVE_INFINITY, 5);
        checkInterval(Interval.of(
                OrientedPoints.fromLocationAndDirection(Double.NEGATIVE_INFINITY, false, TEST_PRECISION),
                OrientedPoints.fromLocationAndDirection(5, true, TEST_PRECISION)), Double.NEGATIVE_INFINITY, 5);

        checkInterval(Interval.of(
                null,
                OrientedPoints.fromLocationAndDirection(5, false, TEST_PRECISION)), 5, Double.POSITIVE_INFINITY);
        checkInterval(Interval.of(
                OrientedPoints.fromLocationAndDirection(5, false, TEST_PRECISION),
                null), 5, Double.POSITIVE_INFINITY);
        checkInterval(Interval.of(
                OrientedPoints.fromLocationAndDirection(Double.POSITIVE_INFINITY, true, TEST_PRECISION),
                OrientedPoints.fromLocationAndDirection(5, false, TEST_PRECISION)), 5, Double.POSITIVE_INFINITY);
    }",IntervalTest::testOf_hyperplanes_oe
commons-geometry_1876,"@Test
    void testOf_hyperplanes_invalidArgs_oe() {
        // act/assert
        Assertions.assertThrows(IllegalArgumentException.class, () -> Interval.of(
                OrientedPoints.fromLocationAndDirection(1, false, TEST_PRECISION),
                OrientedPoints.fromLocationAndDirection(1, false, TEST_PRECISION)));
        Assertions.assertThrows(IllegalArgumentException.class, () -> Interval.of(
                OrientedPoints.fromLocationAndDirection(2, false, TEST_PRECISION),
                OrientedPoints.fromLocationAndDirection(1, true, TEST_PRECISION)));
        Assertions.assertThrows(IllegalArgumentException.class, () -> Interval.of(
                OrientedPoints.fromLocationAndDirection(Double.POSITIVE_INFINITY, false, TEST_PRECISION),
                OrientedPoints.fromLocationAndDirection(Double.POSITIVE_INFINITY, true, TEST_PRECISION)));
        Assertions.assertThrows(IllegalArgumentException.class, () -> Interval.of(
                OrientedPoints.fromLocationAndDirection(Double.NaN, false, TEST_PRECISION),
                OrientedPoints.fromLocationAndDirection(1, true, TEST_PRECISION)));
        Assertions.assertThrows(IllegalArgumentException.class, () -> Interval.of(
                OrientedPoints.fromLocationAndDirection(1, false, TEST_PRECISION),
                OrientedPoints.fromLocationAndDirection(Double.NaN, true, TEST_PRECISION)));
        Assertions.assertThrows(IllegalArgumentException.class, () -> Interval.of(
                OrientedPoints.fromLocationAndDirection(Double.NaN, false, TEST_PRECISION),
                OrientedPoints.fromLocationAndDirection(Double.NaN, true, TEST_PRECISION)));
        Assertions.assertThrows(IllegalArgumentException.class, () -> Interval.of(
                null,
                OrientedPoints.fromLocationAndDirection(Double.NaN, true, TEST_PRECISION)));
    }",IntervalTest::testOf_hyperplanes_invalidArgs_oe
commons-geometry_1877,"@Test
    void testPoint_invalidArgs_oe() {
        // act/assert
        Assertions.assertThrows(IllegalArgumentException.class, () -> Interval.point(Double.NEGATIVE_INFINITY, TEST_PRECISION));
        Assertions.assertThrows(IllegalArgumentException.class, () -> Interval.point(Double.POSITIVE_INFINITY, TEST_PRECISION));
        Assertions.assertThrows(IllegalArgumentException.class, () -> Interval.point(Double.NaN, TEST_PRECISION));
    }",IntervalTest::testPoint_invalidArgs_oe
commons-geometry_1878,"@Test
    void testMin_invalidArgs_oe() {
        // act/assert
        Assertions.assertThrows(IllegalArgumentException.class, () -> Interval.min(Double.POSITIVE_INFINITY, TEST_PRECISION));
        Assertions.assertThrows(IllegalArgumentException.class, () -> Interval.min(Double.NaN, TEST_PRECISION));
    }",IntervalTest::testMin_invalidArgs_oe
commons-geometry_1879,"@Test
    void testMax_invalidArgs_oe() {
        // act/assert
        Assertions.assertThrows(IllegalArgumentException.class, () -> Interval.max(Double.NEGATIVE_INFINITY, TEST_PRECISION));
        Assertions.assertThrows(IllegalArgumentException.class, () -> Interval.max(Double.NaN, TEST_PRECISION));
    }",IntervalTest::testMax_invalidArgs_oe
commons-geometry_1880,"@Test
    void testIsInfinite_oe() {
        // act/assert
        Assertions.assertFalse(Interval.of(1, 2, TEST_PRECISION).isInfinite());

        Assertions.assertTrue(Interval.of(Double.NEGATIVE_INFINITY, 2, TEST_PRECISION).isInfinite());
        Assertions.assertTrue(Interval.of(2, Double.POSITIVE_INFINITY, TEST_PRECISION).isInfinite());
        Assertions.assertTrue(Interval.of(Double.NEGATIVE_INFINITY, Double.POSITIVE_INFINITY, TEST_PRECISION).isInfinite());
    }",IntervalTest::testIsInfinite_oe
commons-geometry_1881,"@Test
    void testIsFinite_oe() {
        // act/assert
        Assertions.assertTrue(Interval.of(1, 2, TEST_PRECISION).isFinite());

        Assertions.assertFalse(Interval.of(Double.NEGATIVE_INFINITY, 2, TEST_PRECISION).isFinite());
        Assertions.assertFalse(Interval.of(2, Double.POSITIVE_INFINITY, TEST_PRECISION).isFinite());
        Assertions.assertFalse(Interval.of(Double.NEGATIVE_INFINITY, Double.POSITIVE_INFINITY, TEST_PRECISION).isFinite());
    }",IntervalTest::testIsFinite_oe
commons-geometry_1882,"@Test
    void testIsFull_oe() {
        // act/assert
        Assertions.assertFalse(Interval.of(1, 1, TEST_PRECISION).isFull());
        Assertions.assertFalse(Interval.of(-2, 2, TEST_PRECISION).isFull());

        Assertions.assertFalse(Interval.of(1, Double.POSITIVE_INFINITY, TEST_PRECISION).isFull());
        Assertions.assertFalse(Interval.of(Double.NEGATIVE_INFINITY, 1, TEST_PRECISION).isFull());

        Assertions.assertTrue(Interval.of(Double.NEGATIVE_INFINITY, Double.POSITIVE_INFINITY, TEST_PRECISION).isFull());
    }",IntervalTest::testIsFull_oe
commons-geometry_1883,"@Test
    void testGetSize_oe() {
        // act/assert
        Assertions.assertEquals(0, Interval.of(1, 1, TEST_PRECISION).getSize(), TEST_EPS);

        Assertions.assertEquals(4, Interval.of(-2, 2, TEST_PRECISION).getSize(), TEST_EPS);
        Assertions.assertEquals(5, Interval.of(2, -3, TEST_PRECISION).getSize(), TEST_EPS);

        Assertions.assertEquals(Double.POSITIVE_INFINITY,Interval.of(1,Double.POSITIVE_INFINITY,TEST_PRECISION).getSize(),TEST_EPS);
        Assertions.assertEquals(Double.POSITIVE_INFINITY,Interval.of(Double.NEGATIVE_INFINITY,1,TEST_PRECISION).getSize(),TEST_EPS);

        Assertions.assertEquals(Double.POSITIVE_INFINITY,Interval.of(Double.NEGATIVE_INFINITY,Double.POSITIVE_INFINITY,TEST_PRECISION).getSize(),TEST_EPS);
    }",IntervalTest::testGetSize_oe
commons-geometry_1884,"@Test
    void testGetBoundarySize_oe() {
        // act/assert
        Assertions.assertEquals(0, Interval.of(1, 1, TEST_PRECISION).getBoundarySize(), TEST_EPS);
        Assertions.assertEquals(0, Interval.of(-2, 5, TEST_PRECISION).getBoundarySize(), TEST_EPS);
        Assertions.assertEquals(0, Interval.full().getBoundarySize(), TEST_EPS);
    }",IntervalTest::testGetBoundarySize_oe
commons-geometry_1885,"@Test
    void testGetCentroid_oe() {
        // act/assert
        EuclideanTestUtils.assertCoordinatesEqual(Vector1D.ZERO,
                Interval.of(-1, 1, TEST_PRECISION).getCentroid(), TEST_EPS);
        EuclideanTestUtils.assertCoordinatesEqual(Vector1D.of(10),
                Interval.of(10, 10, TEST_PRECISION).getCentroid(), TEST_EPS);

        EuclideanTestUtils.assertCoordinatesEqual(Vector1D.of(2),
                Interval.of(1, 3, TEST_PRECISION).getCentroid(), TEST_EPS);
        EuclideanTestUtils.assertCoordinatesEqual(Vector1D.of(-1),
                Interval.of(-2, 0, TEST_PRECISION).getCentroid(), TEST_EPS);

        Assertions.assertNull(Interval.of(1, Double.POSITIVE_INFINITY, TEST_PRECISION).getCentroid());
        Assertions.assertNull(Interval.of(Double.NEGATIVE_INFINITY, 1, TEST_PRECISION).getCentroid());
        Assertions.assertNull(Interval.of(Double.NEGATIVE_INFINITY, Double.POSITIVE_INFINITY, TEST_PRECISION).getCentroid());
    }",IntervalTest::testGetCentroid_oe
commons-geometry_1886,"@Test
    void checkToTree_finite_oe() {
        // arrange
        final Precision.DoubleEquivalence precision = Precision.doubleEquivalenceOfEpsilon(1e-2);
        final Interval interval = Interval.of(-1, 1, precision);

        // act
        final RegionBSPTree1D tree = interval.toTree();

        // assert
        Assertions.assertEquals(5, tree.count());

        checkClassify(tree, RegionLocation.OUTSIDE,
                Double.NEGATIVE_INFINITY, -2, -1.1,
                1.1, 2, Double.POSITIVE_INFINITY);

        checkClassify(tree, RegionLocation.BOUNDARY,
                -1.001, -1, -0.999,
                0.999, 1, 1.001);

        checkClassify(tree, RegionLocation.INSIDE, -0.9, 0, 0.9);

        checkClassify(tree, RegionLocation.OUTSIDE, Double.NaN);
    }",IntervalTest::checkToTree_finite_oe
commons-geometry_1887,"@Test
    void checkToTree_singlePoint_oe() {
        // arrange
        final Precision.DoubleEquivalence precision = Precision.doubleEquivalenceOfEpsilon(1e-2);
        final Interval interval = Interval.of(1, 1, precision);

        // act
        final RegionBSPTree1D tree = interval.toTree();

        // assert
        Assertions.assertEquals(5, tree.count());

        checkClassify(tree, RegionLocation.OUTSIDE,
                Double.NEGATIVE_INFINITY, 0, 0.9, 1.1, 2, Double.POSITIVE_INFINITY);

        checkClassify(tree, RegionLocation.BOUNDARY,
                0.999, 1, 1.0001);

        checkClassify(tree, RegionLocation.OUTSIDE, Double.NaN);
    }",IntervalTest::checkToTree_singlePoint_oe
commons-geometry_1888,"@Test
    void checkToTree_maxInfinite_oe() {
        // arrange
        final Precision.DoubleEquivalence precision = Precision.doubleEquivalenceOfEpsilon(1e-2);
        final Interval interval = Interval.of(-1, Double.POSITIVE_INFINITY, precision);

        // act
        final RegionBSPTree1D tree = interval.toTree();

        // assert
        Assertions.assertEquals(3, tree.count());

        checkClassify(tree, RegionLocation.OUTSIDE,
                Double.NEGATIVE_INFINITY, -2, -1.1);

        checkClassify(tree, RegionLocation.BOUNDARY,
                -1.001, -1, -0.999);

        checkClassify(tree, RegionLocation.INSIDE,
                -0.9, 0, 1.0, Double.POSITIVE_INFINITY);

        checkClassify(interval, RegionLocation.OUTSIDE, Double.NaN);
    }",IntervalTest::checkToTree_maxInfinite_oe
commons-geometry_1889,"@Test
    void checkToTree_minInfinite_oe() {
        // arrange
        final Precision.DoubleEquivalence precision = Precision.doubleEquivalenceOfEpsilon(1e-2);
        final Interval interval = Interval.of(Double.NEGATIVE_INFINITY, 1, precision);

        // act
        final RegionBSPTree1D tree = interval.toTree();

        // assert
        Assertions.assertEquals(3, tree.count());

        checkClassify(tree, RegionLocation.INSIDE,
                Double.NEGATIVE_INFINITY, 0, 0.9);

        checkClassify(tree, RegionLocation.BOUNDARY,
                0.999, 1, 1.001);

        checkClassify(tree, RegionLocation.OUTSIDE,
                1.1, 2, Double.POSITIVE_INFINITY);

        checkClassify(tree, RegionLocation.OUTSIDE, Double.NaN);
    }",IntervalTest::checkToTree_minInfinite_oe
commons-geometry_1890,"@Test
    void checkToTree_minMaxInfinite_oe() {
        // arrange
        final Precision.DoubleEquivalence precision = Precision.doubleEquivalenceOfEpsilon(1e-2);
        final Interval interval = Interval.of(Double.NEGATIVE_INFINITY, Double.POSITIVE_INFINITY, precision);

        // act
        final RegionBSPTree1D tree = interval.toTree();

        // assert
        Assertions.assertEquals(1, tree.count());

        checkClassify(tree, RegionLocation.INSIDE,
                Double.NEGATIVE_INFINITY, -1, 0, 1, Double.POSITIVE_INFINITY);

        checkClassify(tree, RegionLocation.OUTSIDE, Double.NaN);
    }",IntervalTest::checkToTree_minMaxInfinite_oe
commons-geometry_1891,"@Test
    void testProjectToBoundary_full_oe() {
        // arrange
        final Interval full = Interval.full();


        // act/assert
        Assertions.assertNull(full.project(Vector1D.of(Double.NEGATIVE_INFINITY)));
        Assertions.assertNull(full.project(Vector1D.of(0)));
        Assertions.assertNull(full.project(Vector1D.of(Double.POSITIVE_INFINITY)));
    }",IntervalTest::testProjectToBoundary_full_oe
commons-geometry_1892,"@Test
    void testSplit_full_positiveFacingSplitter_oe() {
        // arrange
        final Interval interval = Interval.full();
        final OrientedPoint splitter = OrientedPoints.fromPointAndDirection(
                Vector1D.of(1), true, TEST_PRECISION);

        // act
        final Split<Interval> split = interval.split(splitter);

        // assert
        Assertions.assertEquals(SplitLocation.BOTH, split.getLocation());

        checkInterval(split.getMinus(), Double.NEGATIVE_INFINITY, 1);
        checkInterval(split.getPlus(), 1, Double.POSITIVE_INFINITY);
    }",IntervalTest::testSplit_full_positiveFacingSplitter_oe
commons-geometry_1893,"@Test
    void testSplit_full_negativeFacingSplitter_oe() {
        // arrange
        final Interval interval = Interval.full();
        final OrientedPoint splitter = OrientedPoints.fromPointAndDirection(
                Vector1D.of(1), true, TEST_PRECISION);

        // act
        final Split<Interval> split = interval.split(splitter);

        // assert
        Assertions.assertEquals(SplitLocation.BOTH, split.getLocation());

        checkInterval(split.getMinus(), Double.NEGATIVE_INFINITY, 1);
        checkInterval(split.getPlus(), 1, Double.POSITIVE_INFINITY);
    }",IntervalTest::testSplit_full_negativeFacingSplitter_oe
commons-geometry_1894,"@Test
    void testSplit_halfSpace_positiveFacingSplitter_oe() {
        // arrange
        final Interval interval = Interval.min(-1, TEST_PRECISION);
        final OrientedPoint splitter = OrientedPoints.fromPointAndDirection(
                Vector1D.of(1), false, TEST_PRECISION);

        // act
        final Split<Interval> split = interval.split(splitter);

        // assert
        Assertions.assertEquals(SplitLocation.BOTH, split.getLocation());

        checkInterval(split.getMinus(), 1, Double.POSITIVE_INFINITY);
        checkInterval(split.getPlus(), -1, 1);
    }",IntervalTest::testSplit_halfSpace_positiveFacingSplitter_oe
commons-geometry_1895,"@Test
    void testSplit_halfSpace_negativeFacingSplitter_oe() {
        // arrange
        final Interval interval = Interval.min(-1, TEST_PRECISION);
        final OrientedPoint splitter = OrientedPoints.fromPointAndDirection(
                Vector1D.of(1), false, TEST_PRECISION);

        // act
        final Split<Interval> split = interval.split(splitter);

        // assert
        Assertions.assertEquals(SplitLocation.BOTH, split.getLocation());

        checkInterval(split.getMinus(), 1, Double.POSITIVE_INFINITY);
        checkInterval(split.getPlus(), -1, 1);
    }",IntervalTest::testSplit_halfSpace_negativeFacingSplitter_oe
commons-geometry_1896,"@Test
    void testSplit_splitterBelowInterval_oe() {
        // arrange
        final Interval interval = Interval.of(5, 10, TEST_PRECISION);
        final OrientedPoint splitter = OrientedPoints.fromPointAndDirection(
                Vector1D.of(1), true, TEST_PRECISION);

        // act
        final Split<Interval> split = interval.split(splitter);

        // assert
        Assertions.assertEquals(SplitLocation.PLUS, split.getLocation());

        Assertions.assertSame(interval, split.getPlus());
    }",IntervalTest::testSplit_splitterBelowInterval_oe
commons-geometry_1897,"@Test
    void testSplit_splitterOnMinBoundary_oe() {
        // arrange
        final Interval interval = Interval.of(5, 10, TEST_PRECISION);
        final OrientedPoint splitter = OrientedPoints.fromPointAndDirection(
                Vector1D.of(5), false, TEST_PRECISION);

        // act
        final Split<Interval> split = interval.split(splitter);

        // assert
        Assertions.assertEquals(SplitLocation.MINUS, split.getLocation());

        Assertions.assertSame(interval, split.getMinus());
    }",IntervalTest::testSplit_splitterOnMinBoundary_oe
commons-geometry_1898,"@Test
    void testSplit_splitterAboveInterval_oe() {
        // arrange
        final Interval interval = Interval.of(5, 10, TEST_PRECISION);
        final OrientedPoint splitter = OrientedPoints.fromPointAndDirection(
                Vector1D.of(11), true, TEST_PRECISION);

        // act
        final Split<Interval> split = interval.split(splitter);

        // assert
        Assertions.assertEquals(SplitLocation.MINUS, split.getLocation());

        Assertions.assertSame(interval, split.getMinus());
    }",IntervalTest::testSplit_splitterAboveInterval_oe
commons-geometry_1899,"@Test
    void testSplit_splitterOnMaxBoundary_oe() {
        // arrange
        final Interval interval = Interval.of(5, 10, TEST_PRECISION);
        final OrientedPoint splitter = OrientedPoints.fromPointAndDirection(
                Vector1D.of(10), false, TEST_PRECISION);

        // act
        final Split<Interval> split = interval.split(splitter);

        // assert
        Assertions.assertEquals(SplitLocation.PLUS, split.getLocation());

        Assertions.assertSame(interval, split.getPlus());
    }",IntervalTest::testSplit_splitterOnMaxBoundary_oe
commons-geometry_1900,"@Test
    void testSplit_point_minusOnly_oe() {
        // arrange
        final Interval interval = Interval.point(2, TEST_PRECISION);
        final OrientedPoint splitter = OrientedPoints.fromPointAndDirection(
                Vector1D.of(1), false, TEST_PRECISION);

        // act
        final Split<Interval> split = interval.split(splitter);

        // assert
        Assertions.assertEquals(SplitLocation.MINUS, split.getLocation());

        checkInterval(split.getMinus(), 2, 2);
        Assertions.assertNull(split.getPlus());
    }",IntervalTest::testSplit_point_minusOnly_oe
commons-geometry_1901,"@Test
    void testSplit_point_plusOnly_oe() {
        // arrange
        final Interval interval = Interval.point(2, TEST_PRECISION);
        final OrientedPoint splitter = OrientedPoints.fromPointAndDirection(
                Vector1D.of(1), true, TEST_PRECISION);

        // act
        final Split<Interval> split = interval.split(splitter);

        // assert
        Assertions.assertEquals(SplitLocation.PLUS, split.getLocation());

        Assertions.assertNull(split.getMinus());
        checkInterval(split.getPlus(), 2, 2);
    }",IntervalTest::testSplit_point_plusOnly_oe
commons-geometry_1902,"@Test
    void testSplit_point_onPoint_oe() {
        // arrange
        final Interval interval = Interval.point(1, TEST_PRECISION);
        final OrientedPoint splitter = OrientedPoints.fromPointAndDirection(
                Vector1D.of(1), true, TEST_PRECISION);

        // act
        final Split<Interval> split = interval.split(splitter);

        // assert
        Assertions.assertEquals(SplitLocation.NEITHER, split.getLocation());

        Assertions.assertNull(split.getMinus());
        Assertions.assertNull(split.getPlus());
    }",IntervalTest::testSplit_point_onPoint_oe
commons-geometry_1903,"@Test
    void testToString_oe() {
        // arrange
        final Interval interval = Interval.of(2, 1, TEST_PRECISION);

        // act
        final String str = interval.toString();

        // assert
        Assertions.assertTrue(str.contains(""Interval""));
        Assertions.assertTrue(str.contains(""min= 1.0""));
        Assertions.assertTrue(str.contains(""max= 2.0""));
    }",IntervalTest::testToString_oe
commons-geometry_1904,"@Test
    void testFull_oe() {
        // act
        final Interval full = Interval.full();

        // assert
        Assertions.assertTrue(full.isFull());
        Assertions.assertFalse(full.isEmpty());
        Assertions.assertFalse(full.hasMinBoundary());
        Assertions.assertFalse(full.hasMaxBoundary());
        Assertions.assertTrue(full.isInfinite());

        Assertions.assertEquals(RegionLocation.INSIDE, full.classify(Double.NEGATIVE_INFINITY));
        Assertions.assertEquals(RegionLocation.INSIDE, full.classify(Double.POSITIVE_INFINITY));
    }",IntervalTest::testFull_oe
commons-geometry_1905,"@Test
    void testConstants_normalize_oe() {
        // act/assert
        Assertions.assertThrows(IllegalArgumentException.class, Vector1D.ZERO::normalize);
        Assertions.assertThrows(IllegalArgumentException.class, Vector1D.NaN::normalize);
        Assertions.assertThrows(IllegalArgumentException.class, Vector1D.POSITIVE_INFINITY::normalize);
        Assertions.assertThrows(IllegalArgumentException.class, Vector1D.NEGATIVE_INFINITY::normalize);

        Assertions.assertSame(Vector1D.Unit.PLUS, Vector1D.Unit.PLUS.normalize());
        Assertions.assertSame(Vector1D.Unit.MINUS, Vector1D.Unit.MINUS.normalize());
    }",Vector1DTest::testConstants_normalize_oe
commons-geometry_1906,"@Test
    void testCoordinateAscendingOrderComparator_oe() {
        // arrange
        final Comparator<Vector1D> cmp = Vector1D.COORDINATE_ASCENDING_ORDER;

        // act/assert
        Assertions.assertEquals(0, cmp.compare(Vector1D.of(1), Vector1D.of(1)));
        Assertions.assertEquals(1, cmp.compare(Vector1D.of(2), Vector1D.of(1)));
        Assertions.assertEquals(-1, cmp.compare(Vector1D.of(0), Vector1D.of(1)));

        Assertions.assertEquals(0, cmp.compare(Vector1D.of(0), Vector1D.of(0)));
        Assertions.assertEquals(1, cmp.compare(Vector1D.of(1e-15), Vector1D.of(0)));
        Assertions.assertEquals(-1, cmp.compare(Vector1D.of(-1e-15), Vector1D.of(0)));

        Assertions.assertEquals(-1, cmp.compare(Vector1D.of(1), null));
        Assertions.assertEquals(1, cmp.compare(null, Vector1D.of(1)));
        Assertions.assertEquals(0, cmp.compare(null, null));
    }",Vector1DTest::testCoordinateAscendingOrderComparator_oe
commons-geometry_1907,"@Test
    void testCoordinates_oe() {
        // act/assert
        Assertions.assertEquals(-1, Vector1D.of(-1).getX(), 0.0);
        Assertions.assertEquals(0, Vector1D.of(0).getX(), 0.0);
        Assertions.assertEquals(1, Vector1D.of(1).getX(), 0.0);
    }",Vector1DTest::testCoordinates_oe
commons-geometry_1908,"@Test
    void testDimension_oe() {
        // arrange
        final Vector1D v = Vector1D.of(2);

        // act/assert
        Assertions.assertEquals(1, v.getDimension());
    }",Vector1DTest::testDimension_oe
commons-geometry_1909,"@Test
    void testNaN_oe() {
        // act/assert
        Assertions.assertTrue(Vector1D.of(Double.NaN).isNaN());

        Assertions.assertFalse(Vector1D.of(1).isNaN());
        Assertions.assertFalse(Vector1D.of(Double.NEGATIVE_INFINITY).isNaN());
    }",Vector1DTest::testNaN_oe
commons-geometry_1910,"@Test
    void testInfinite_oe() {
        // act/assert
        Assertions.assertTrue(Vector1D.of(Double.NEGATIVE_INFINITY).isInfinite());
        Assertions.assertTrue(Vector1D.of(Double.POSITIVE_INFINITY).isInfinite());

        Assertions.assertFalse(Vector1D.of(1).isInfinite());
        Assertions.assertFalse(Vector1D.of(Double.NaN).isInfinite());
    }",Vector1DTest::testInfinite_oe
commons-geometry_1911,"@Test
    void testFinite_oe() {
        // act/assert
        Assertions.assertTrue(Vector1D.ZERO.isFinite());
        Assertions.assertTrue(Vector1D.of(1).isFinite());

        Assertions.assertFalse(Vector1D.of(Double.NEGATIVE_INFINITY).isFinite());
        Assertions.assertFalse(Vector1D.of(Double.POSITIVE_INFINITY).isFinite());

        Assertions.assertFalse(Vector1D.of(Double.NaN).isFinite());
    }",Vector1DTest::testFinite_oe
commons-geometry_1912,"@Test
    void testNorm_oe() {
        // act/assert
        Assertions.assertEquals(0.0, Vector1D.ZERO.norm(), TEST_TOLERANCE);
        Assertions.assertEquals(3.0, Vector1D.of(3).norm(), TEST_TOLERANCE);
        Assertions.assertEquals(3.0, Vector1D.of(-3).norm(), TEST_TOLERANCE);
    }",Vector1DTest::testNorm_oe
commons-geometry_1913,"@Test
    void testNorm_unitVectors_oe() {
        // arrange
        final Vector1D v = Vector1D.of(2.0).normalize();

        // act/assert
        Assertions.assertEquals(1.0, v.norm(), 0.0);
    }",Vector1DTest::testNorm_unitVectors_oe
commons-geometry_1914,"@Test
    void testNormSq_oe() {
        // act/assert
        Assertions.assertEquals(0.0, Vector1D.of(0).normSq(), TEST_TOLERANCE);
        Assertions.assertEquals(9.0, Vector1D.of(3).normSq(), TEST_TOLERANCE);
        Assertions.assertEquals(9.0, Vector1D.of(-3).normSq(), TEST_TOLERANCE);
    }",Vector1DTest::testNormSq_oe
commons-geometry_1915,"@Test
    void testNormSq_unitVectors_oe() {
        // arrange
        final Vector1D v = Vector1D.of(2.0).normalize();

        // act/assert
        Assertions.assertEquals(1.0, v.normSq(), 0.0);
    }",Vector1DTest::testNormSq_unitVectors_oe
commons-geometry_1916,"@Test
    void testWithNorm_illegalNorm_oe() {
        // act/assert
        Assertions.assertThrows(IllegalArgumentException.class, () -> Vector1D.ZERO.withNorm(2.0));
        Assertions.assertThrows(IllegalArgumentException.class, () -> Vector1D.NaN.withNorm(2.0));
        Assertions.assertThrows(IllegalArgumentException.class, () -> Vector1D.POSITIVE_INFINITY.withNorm(2.0));
        Assertions.assertThrows(IllegalArgumentException.class, () -> Vector1D.NEGATIVE_INFINITY.withNorm(2.0));
    }",Vector1DTest::testWithNorm_illegalNorm_oe
commons-geometry_1917,"@Test
    void testWithNorm_unitVectors_oe() {
        // arrange
        final Vector1D v = Vector1D.of(2.0).normalize();

        // act/assert
        checkVector(Vector1D.Unit.PLUS.withNorm(2.5), 2.5);
        checkVector(Vector1D.Unit.MINUS.withNorm(3.14), -3.14);

        for (double mag = -10.0; mag <= 10.0; ++mag) {
            Assertions.assertEquals(Math.abs(mag), v.withNorm(mag).norm(), TEST_TOLERANCE);
        }
    }",Vector1DTest::testWithNorm_unitVectors_oe
commons-geometry_1918,"@Test
    void testNormalize_illegalNorm_oe() {
        // arrange
        final Pattern illegalNorm = Pattern.compile(""^Illegal norm: (0\\.0|-?Infinity|NaN)"");

        // act/assert
        GeometryTestUtils.assertThrowsWithMessage(Vector1D.ZERO::normalize,
                IllegalArgumentException.class, illegalNorm);
        GeometryTestUtils.assertThrowsWithMessage(Vector1D.NaN::normalize,
                IllegalArgumentException.class, illegalNorm);
        GeometryTestUtils.assertThrowsWithMessage(Vector1D.POSITIVE_INFINITY::normalize,
                IllegalArgumentException.class, illegalNorm);
        GeometryTestUtils.assertThrowsWithMessage(Vector1D.NEGATIVE_INFINITY::normalize,
                IllegalArgumentException.class, illegalNorm);
    }",Vector1DTest::testNormalize_illegalNorm_oe
commons-geometry_1919,"@Test
    void testNormalize_isIdempotent_oe() {
        // arrange
        final Vector1D v = Vector1D.of(2).normalize();

        // act/assert
        Assertions.assertSame(v, v.normalize());
        checkVector(v.normalize(), 1.0);
    }",Vector1DTest::testNormalize_isIdempotent_oe
commons-geometry_1920,"@Test
    void testNormalizeOrNull_oe() {
        // act/assert
        checkVector(Vector1D.of(100).normalizeOrNull(), 1);
        checkVector(Vector1D.of(-100).normalizeOrNull(), -1);

        checkVector(Vector1D.of(2).normalizeOrNull(), 1);
        checkVector(Vector1D.of(-2).normalizeOrNull(), -1);

        checkVector(Vector1D.of(Double.MIN_VALUE).normalizeOrNull(), 1);
        checkVector(Vector1D.of(-Double.MIN_VALUE).normalizeOrNull(), -1);

        checkVector(Vector1D.of(Double.MAX_VALUE).normalizeOrNull(), 1);
        checkVector(Vector1D.of(-Double.MAX_VALUE).normalizeOrNull(), -1);

        Assertions.assertNull(Vector1D.ZERO.normalizeOrNull());
        Assertions.assertNull(Vector1D.NaN.normalizeOrNull());
        Assertions.assertNull(Vector1D.POSITIVE_INFINITY.normalizeOrNull());
        Assertions.assertNull(Vector1D.NEGATIVE_INFINITY.normalizeOrNull());
    }",Vector1DTest::testNormalizeOrNull_oe
commons-geometry_1921,"@Test
    void testNormalizeOrNull_isIdempotent_oe() {
        // arrange
        final Vector1D v = Vector1D.of(2).normalizeOrNull();

        // act/assert
        Assertions.assertSame(v, v.normalizeOrNull());
        checkVector(v.normalizeOrNull(), 1.0);
    }",Vector1DTest::testNormalizeOrNull_isIdempotent_oe
commons-geometry_1922,"@Test
    void testDistance_oe() {
        // arrange
        final Vector1D v1 = Vector1D.of(1);
        final Vector1D v2 = Vector1D.of(-4);

        // act/assert
        Assertions.assertEquals(0.0, v1.distance(v1), TEST_TOLERANCE);

        Assertions.assertEquals(5.0, v1.distance(v2), TEST_TOLERANCE);
        Assertions.assertEquals(5.0, v2.distance(v1), TEST_TOLERANCE);
        Assertions.assertEquals(v1.subtract(v2).norm(), v1.distance(v2), TEST_TOLERANCE);

        Assertions.assertEquals(0.0, Vector1D.of(-1).distance(Vector1D.of(-1)), TEST_TOLERANCE);
    }",Vector1DTest::testDistance_oe
commons-geometry_1923,"@Test
    void testDistanceSq_oe() {
        // arrange
        final Vector1D v1 = Vector1D.of(1);
        final Vector1D v2 = Vector1D.of(-4);

        // act/assert
        Assertions.assertEquals(0.0, Vector1D.of(-1).distanceSq(Vector1D.of(-1)), TEST_TOLERANCE);
        Assertions.assertEquals(25.0, v1.distanceSq(v2), TEST_TOLERANCE);
        Assertions.assertEquals(25.0, v2.distanceSq(v1), TEST_TOLERANCE);
    }",Vector1DTest::testDistanceSq_oe
commons-geometry_1924,"@Test
    void testDotProduct_oe() {
        // arrange
        final Vector1D v1 = Vector1D.of(2);
        final Vector1D v2 = Vector1D.of(-3);
        final Vector1D v3 = Vector1D.of(3);

        // act/assert
        Assertions.assertEquals(-6.0, v1.dot(v2), TEST_TOLERANCE);
        Assertions.assertEquals(-6.0, v2.dot(v1), TEST_TOLERANCE);

        Assertions.assertEquals(6.0, v1.dot(v3), TEST_TOLERANCE);
        Assertions.assertEquals(6.0, v3.dot(v1), TEST_TOLERANCE);
    }",Vector1DTest::testDotProduct_oe
commons-geometry_1925,"@Test
    void testAngle_oe() {
        // arrange
        final Vector1D v1 = Vector1D.of(2);
        final Vector1D v2 = Vector1D.of(-3);
        final Vector1D v3 = Vector1D.of(4);
        final Vector1D v4 = Vector1D.of(-5);

        // act/assert
        Assertions.assertEquals(0.0, v1.angle(v1), TEST_TOLERANCE);
        Assertions.assertEquals(Math.PI, v1.angle(v2), TEST_TOLERANCE);
        Assertions.assertEquals(0.0, v1.angle(v3), TEST_TOLERANCE);
        Assertions.assertEquals(Math.PI, v1.angle(v4), TEST_TOLERANCE);

        Assertions.assertEquals(Math.PI, v2.angle(v1), TEST_TOLERANCE);
        Assertions.assertEquals(0.0, v2.angle(v2), TEST_TOLERANCE);
        Assertions.assertEquals(Math.PI, v2.angle(v3), TEST_TOLERANCE);
        Assertions.assertEquals(0.0, v2.angle(v4), TEST_TOLERANCE);

        Assertions.assertEquals(0.0, v3.angle(v1), TEST_TOLERANCE);
        Assertions.assertEquals(Math.PI, v3.angle(v2), TEST_TOLERANCE);
        Assertions.assertEquals(0.0, v3.angle(v3), TEST_TOLERANCE);
        Assertions.assertEquals(Math.PI, v3.angle(v4), TEST_TOLERANCE);

        Assertions.assertEquals(Math.PI, v4.angle(v1), TEST_TOLERANCE);
        Assertions.assertEquals(0.0, v4.angle(v2), TEST_TOLERANCE);
        Assertions.assertEquals(Math.PI, v4.angle(v3), TEST_TOLERANCE);
        Assertions.assertEquals(0.0, v4.angle(v4), TEST_TOLERANCE);
    }",Vector1DTest::testAngle_oe
commons-geometry_1926,"@Test
    void testAngle_illegalNorm_oe() {
        // arrange
        final Vector1D v = Vector1D.of(1.0);

        // act/assert
        Assertions.assertThrows(IllegalArgumentException.class, () -> Vector1D.ZERO.angle(v));
        Assertions.assertThrows(IllegalArgumentException.class, () -> Vector1D.NaN.angle(v));
        Assertions.assertThrows(IllegalArgumentException.class, () -> Vector1D.POSITIVE_INFINITY.angle(v));
        Assertions.assertThrows(IllegalArgumentException.class, () -> Vector1D.NEGATIVE_INFINITY.angle(v));
        Assertions.assertThrows(IllegalArgumentException.class, () -> v.angle(Vector1D.ZERO));
        Assertions.assertThrows(IllegalArgumentException.class, () -> v.angle(Vector1D.NaN));
        Assertions.assertThrows(IllegalArgumentException.class, () -> v.angle(Vector1D.POSITIVE_INFINITY));
        Assertions.assertThrows(IllegalArgumentException.class, () -> v.angle(Vector1D.NEGATIVE_INFINITY));
    }",Vector1DTest::testAngle_illegalNorm_oe
commons-geometry_1927,"@Test
    void testDirectionTo_illegalNorm_oe() {
        // arrange
        final Vector1D v = Vector1D.of(2);

        // act/assert
        Assertions.assertThrows(IllegalArgumentException.class, () -> Vector1D.ZERO.directionTo(Vector1D.ZERO));
        Assertions.assertThrows(IllegalArgumentException.class, () -> v.directionTo(v));
        Assertions.assertThrows(IllegalArgumentException.class, () -> v.directionTo(Vector1D.NaN));
        Assertions.assertThrows(IllegalArgumentException.class, () -> Vector1D.NEGATIVE_INFINITY.directionTo(v));
        Assertions.assertThrows(IllegalArgumentException.class, () -> v.directionTo(Vector1D.POSITIVE_INFINITY));
    }",Vector1DTest::testDirectionTo_illegalNorm_oe
commons-geometry_1928,"@Test
    void testPrecisionEquals_oe() {
        // arrange
        final Precision.DoubleEquivalence smallEps = Precision.doubleEquivalenceOfEpsilon(1e-6);
        final Precision.DoubleEquivalence largeEps = Precision.doubleEquivalenceOfEpsilon(1e-1);

        final Vector1D vec = Vector1D.of(1);

        // act/assert
        Assertions.assertTrue(vec.eq(vec, smallEps));
        Assertions.assertTrue(vec.eq(vec, largeEps));

        Assertions.assertTrue(vec.eq(Vector1D.of(1.0000007), smallEps));
        Assertions.assertTrue(vec.eq(Vector1D.of(1.0000007), largeEps));

        Assertions.assertFalse(vec.eq(Vector1D.of(1.004), smallEps));
        Assertions.assertTrue(vec.eq(Vector1D.of(1.004), largeEps));

        Assertions.assertFalse(vec.eq(Vector1D.of(2), smallEps));
        Assertions.assertFalse(vec.eq(Vector1D.of(-2), largeEps));
    }",Vector1DTest::testPrecisionEquals_oe
commons-geometry_1929,"@Test
    void testIsZero_oe() {
        // arrange
        final Precision.DoubleEquivalence smallEps = Precision.doubleEquivalenceOfEpsilon(1e-6);
        final Precision.DoubleEquivalence largeEps = Precision.doubleEquivalenceOfEpsilon(1e-1);

        // act/assert
        Assertions.assertTrue(Vector1D.of(0.0).isZero(smallEps));
        Assertions.assertTrue(Vector1D.of(-0.0).isZero(largeEps));

        Assertions.assertTrue(Vector1D.of(1e-7).isZero(smallEps));
        Assertions.assertTrue(Vector1D.of(-1e-7).isZero(largeEps));

        Assertions.assertFalse(Vector1D.of(1e-2).isZero(smallEps));
        Assertions.assertTrue(Vector1D.of(-1e-2).isZero(largeEps));

        Assertions.assertFalse(Vector1D.of(0.2).isZero(smallEps));
        Assertions.assertFalse(Vector1D.of(-0.2).isZero(largeEps));
    }",Vector1DTest::testIsZero_oe
commons-geometry_1930,"@Test
    void testHashCode_oe() {
        // arrange
        final Vector1D u = Vector1D.of(1);
        final Vector1D v = Vector1D.of(1 + 10 * Precision.EPSILON);
        final Vector1D w = Vector1D.of(1);

        // act/assert
        Assertions.assertTrue(u.hashCode() != v.hashCode());
        Assertions.assertEquals(u.hashCode(), w.hashCode());

        Assertions.assertEquals(Vector1D.of(Double.NaN).hashCode(), Vector1D.NaN.hashCode());
        Assertions.assertEquals(Vector1D.of(Double.NaN).hashCode(), Vector1D.of(Double.NaN).hashCode());
    }",Vector1DTest::testHashCode_oe
commons-geometry_1931,"@Test
    void testEquals_oe() {
        // arrange
        final Vector1D u1 = Vector1D.of(1);
        final Vector1D u2 = Vector1D.of(1);

        // act/assert
        GeometryTestUtils.assertSimpleEqualsCases(u1);
        Assertions.assertEquals(u1, u2);

        Assertions.assertNotEquals(u1, Vector1D.of(-1));
        Assertions.assertNotEquals(u1, Vector1D.of(1 + 10 * Precision.EPSILON));

        Assertions.assertEquals(Vector1D.of(Double.NaN), Vector1D.of(Double.NaN));
        Assertions.assertEquals(Vector1D.of(Double.POSITIVE_INFINITY), Vector1D.of(Double.POSITIVE_INFINITY));
        Assertions.assertEquals(Vector1D.of(Double.NEGATIVE_INFINITY), Vector1D.of(Double.NEGATIVE_INFINITY));
    }",Vector1DTest::testEquals_oe
commons-geometry_1932,"@Test
    void testEqualsAndHashCode_signedZeroConsistency_oe() {
        // arrange
        final Vector1D a = Vector1D.of(0.0);
        final Vector1D b = Vector1D.of(-0.0);
        final Vector1D c = Vector1D.of(0.0);
        final Vector1D d = Vector1D.of(-0.0);

        // act/assert
        Assertions.assertFalse(a.equals(b));
        Assertions.assertNotEquals(a.hashCode(), b.hashCode());

        Assertions.assertTrue(a.equals(c));
        Assertions.assertEquals(a.hashCode(), c.hashCode());

        Assertions.assertTrue(b.equals(d));
        Assertions.assertEquals(b.hashCode(), d.hashCode());
    }",Vector1DTest::testEqualsAndHashCode_signedZeroConsistency_oe
commons-geometry_1933,"@Test
    void testToString_oe() {
        // arrange
        final Vector1D v = Vector1D.of(3);
        final Pattern pattern = Pattern.compile(""\\(3.{0,2}\\)"");

        // act
        final String str = v.toString();

        // assert
        Assertions.assertTrue(pattern.matcher(str).matches(), ""Expected string "" + str + "" to match regex "" + pattern);
    }",Vector1DTest::testToString_oe
commons-geometry_1934,"@Test
    void testParse_failure_oe() {
        // act/assert
        Assertions.assertThrows(IllegalArgumentException.class, () ->  Vector1D.parse(""abc""));
    }",Vector1DTest::testParse_failure_oe
commons-geometry_1935,"@Test
    void testUnitFrom_vector_oe() {
        // arrange
        final Vector1D vec = Vector1D.of(2);
        final Vector1D unitVec = Vector1D.Unit.from(2);

        // act/assert
        checkVector(Vector1D.Unit.from(vec), 1);
        Assertions.assertSame(unitVec, Vector1D.Unit.from(unitVec));
    }",Vector1DTest::testUnitFrom_vector_oe
commons-geometry_1936,"@Test
    void testUnitFrom_illegalNorm_oe() {
        Assertions.assertThrows(IllegalArgumentException.class, () -> Vector1D.Unit.from(0.0));
        Assertions.assertThrows(IllegalArgumentException.class, () -> Vector1D.Unit.from(Double.NaN));
        Assertions.assertThrows(IllegalArgumentException.class, () -> Vector1D.Unit.from(Double.NEGATIVE_INFINITY));
        Assertions.assertThrows(IllegalArgumentException.class, () -> Vector1D.Unit.from(Double.POSITIVE_INFINITY));
    }",Vector1DTest::testUnitFrom_illegalNorm_oe
commons-geometry_1937,"@Test
    void testUnitFactoryOptimization_oe() {
        // An already normalized vector will avoid unnecessary creation.
        final Vector1D v = Vector1D.of(3).normalize();
        Assertions.assertSame(v, v.normalize());
    }",Vector1DTest::testUnitFactoryOptimization_oe
commons-geometry_1938,"@Test
    void testCopy_oe() {
        // arrange
        final RegionBSPTree1D tree = new RegionBSPTree1D(true);
        tree.getRoot().cut(OrientedPoints.createPositiveFacing(1.0, TEST_PRECISION));

        // act
        final RegionBSPTree1D copy = tree.copy();

        // assert
        Assertions.assertNotSame(tree, copy);
        Assertions.assertEquals(3, copy.count());
    }",RegionBSPTree1DTest::testCopy_oe
commons-geometry_1939,"@Test
    void testGetBoundarySize_alwaysReturnsZero_oe() {
        // act/assert
        Assertions.assertEquals(0.0, RegionBSPTree1D.full().getBoundarySize(), TEST_EPS);
        Assertions.assertEquals(0.0, RegionBSPTree1D.empty().getBoundarySize(), TEST_EPS);
        Assertions.assertEquals(0.0,RegionBSPTree1D.from(Interval.of(1,2,TEST_PRECISION),Interval.of(4,5,TEST_PRECISION)).getBoundarySize(),TEST_EPS);
    }",RegionBSPTree1DTest::testGetBoundarySize_alwaysReturnsZero_oe
commons-geometry_1940,"@Test
    void testProject_full_oe() {
        // arrange
        final RegionBSPTree1D full = RegionBSPTree1D.full();

        // act/assert
        Assertions.assertNull(full.project(Vector1D.of(Double.NEGATIVE_INFINITY)));
        Assertions.assertNull(full.project(Vector1D.of(0)));
        Assertions.assertNull(full.project(Vector1D.of(Double.POSITIVE_INFINITY)));
    }",RegionBSPTree1DTest::testProject_full_oe
commons-geometry_1941,"@Test
    void testProject_empty_oe() {
        // arrange
        final RegionBSPTree1D empty = RegionBSPTree1D.empty();

        // act/assert
        Assertions.assertNull(empty.project(Vector1D.of(Double.NEGATIVE_INFINITY)));
        Assertions.assertNull(empty.project(Vector1D.of(0)));
        Assertions.assertNull(empty.project(Vector1D.of(Double.POSITIVE_INFINITY)));
    }",RegionBSPTree1DTest::testProject_empty_oe
commons-geometry_1942,"@Test
    void testAdd_addFullInterval_oe() {
        // arrange
        final RegionBSPTree1D tree = RegionBSPTree1D.empty();

        // act
        tree.add(Interval.of(-1, 1, TEST_PRECISION));
        tree.add(Interval.of(Double.NEGATIVE_INFINITY, Double.POSITIVE_INFINITY, TEST_PRECISION));

        // assert
        Assertions.assertTrue(tree.isFull());
        Assertions.assertEquals(1, tree.count());
    }",RegionBSPTree1DTest::testAdd_addFullInterval_oe
commons-geometry_1943,"@Test
    void testToIntervals_fullRegion_oe() {
        // arrange
        final RegionBSPTree1D tree = new RegionBSPTree1D(true);

        // act
        final List<Interval> intervals = tree.toIntervals();

        // assert
        Assertions.assertEquals(1, intervals.size());
        checkInterval(intervals.get(0), Double.NEGATIVE_INFINITY, Double.POSITIVE_INFINITY);
    }",RegionBSPTree1DTest::testToIntervals_fullRegion_oe
commons-geometry_1944,"@Test
    void testToIntervals_emptyRegion_oe() {
        // arrange
        final RegionBSPTree1D tree = new RegionBSPTree1D(false);

        // act
        final List<Interval> intervals = tree.toIntervals();

        // assert
        Assertions.assertEquals(0, intervals.size());
    }",RegionBSPTree1DTest::testToIntervals_emptyRegion_oe
commons-geometry_1945,"@Test
    void testToIntervals_halfOpen_negative_oe() {
        // arrange
        final Precision.DoubleEquivalence precision = Precision.doubleEquivalenceOfEpsilon(1e-2);

        final RegionBSPTree1D tree = new RegionBSPTree1D();
        tree.getRoot().cut(OrientedPoints.fromLocationAndDirection(1.0, true, precision));

        // act
        final List<Interval> intervals = tree.toIntervals();

        // assert
        Assertions.assertEquals(1, intervals.size());
        checkInterval(intervals.get(0), Double.NEGATIVE_INFINITY, 1);
    }",RegionBSPTree1DTest::testToIntervals_halfOpen_negative_oe
commons-geometry_1946,"@Test
    void testToIntervals_halfOpen_positive_oe() {
        // arrange
        final Precision.DoubleEquivalence precision = Precision.doubleEquivalenceOfEpsilon(1e-2);

        final RegionBSPTree1D tree = new RegionBSPTree1D();
        tree.getRoot().cut(OrientedPoints.fromLocationAndDirection(-1.0, false, precision));

        // act
        final List<Interval> intervals = tree.toIntervals();

        // assert
        Assertions.assertEquals(1, intervals.size());
        checkInterval(intervals.get(0), -1, Double.POSITIVE_INFINITY);
    }",RegionBSPTree1DTest::testToIntervals_halfOpen_positive_oe
commons-geometry_1947,"@Test
    void testToIntervals_singleClosedInterval_oe() {
        // arrange
        final Precision.DoubleEquivalence precision = Precision.doubleEquivalenceOfEpsilon(1e-2);

        final RegionBSPTree1D tree = new RegionBSPTree1D(false);
        tree.add(Interval.of(-1, 1, precision));

        // act
        final List<Interval> intervals = tree.toIntervals();

        // assert
        Assertions.assertEquals(1, intervals.size());
        checkInterval(intervals.get(0), -1, 1);
    }",RegionBSPTree1DTest::testToIntervals_singleClosedInterval_oe
commons-geometry_1948,"@Test
    void testToIntervals_singleClosedInterval_complement_oe() {
        // arrange
        final Precision.DoubleEquivalence precision = Precision.doubleEquivalenceOfEpsilon(1e-2);

        final RegionBSPTree1D tree = new RegionBSPTree1D(false);
        tree.add(Interval.of(-1, 1, precision));
        tree.complement();

        // act
        final List<Interval> intervals = tree.toIntervals();

        // assert
        Assertions.assertEquals(2, intervals.size());
        checkInterval(intervals.get(0), Double.NEGATIVE_INFINITY, -1);
        checkInterval(intervals.get(1), 1, Double.POSITIVE_INFINITY);
    }",RegionBSPTree1DTest::testToIntervals_singleClosedInterval_complement_oe
commons-geometry_1949,"@Test
    void testToIntervals_openAndClosedIntervals_oe() {
        // arrange
        final Precision.DoubleEquivalence precision = Precision.doubleEquivalenceOfEpsilon(1e-2);

        final RegionBSPTree1D tree = new RegionBSPTree1D(false);
        tree.add(Interval.of(Double.NEGATIVE_INFINITY, -10, precision));
        tree.add(Interval.of(-1, 1, precision));
        tree.add(Interval.of(10, Double.POSITIVE_INFINITY, precision));

        // act
        final List<Interval> intervals = tree.toIntervals();

        // assert
        Assertions.assertEquals(3, intervals.size());
        checkInterval(intervals.get(0), Double.NEGATIVE_INFINITY, -10);
        checkInterval(intervals.get(1), -1, 1);
        checkInterval(intervals.get(2), 10, Double.POSITIVE_INFINITY);
    }",RegionBSPTree1DTest::testToIntervals_openAndClosedIntervals_oe
commons-geometry_1950,"@Test
    void testToIntervals_singlePoint_oe() {
        // arrange
        final Precision.DoubleEquivalence precision = Precision.doubleEquivalenceOfEpsilon(1e-2);

        final RegionBSPTree1D tree = new RegionBSPTree1D(false);
        tree.add(Interval.of(1, 1, precision));

        // act
        final List<Interval> intervals = tree.toIntervals();

        // assert
        Assertions.assertEquals(1, intervals.size());
        checkInterval(intervals.get(0), 1, 1);
    }",RegionBSPTree1DTest::testToIntervals_singlePoint_oe
commons-geometry_1951,"@Test
    void testToIntervals_singlePoint_complement_oe() {
        // arrange
        final Precision.DoubleEquivalence precision = Precision.doubleEquivalenceOfEpsilon(1e-2);

        final RegionBSPTree1D tree = new RegionBSPTree1D(false);
        tree.add(Interval.of(1, 1, precision));
        tree.complement();

        // act
        final List<Interval> intervals = tree.toIntervals();

        // assert
        Assertions.assertEquals(2, intervals.size());
        checkInterval(intervals.get(0), Double.NEGATIVE_INFINITY, 1);
        checkInterval(intervals.get(1), 1, Double.POSITIVE_INFINITY);
    }",RegionBSPTree1DTest::testToIntervals_singlePoint_complement_oe
commons-geometry_1952,"@Test
    void testToIntervals_multiplePoints_oe() {
        // arrange
        final Precision.DoubleEquivalence precision = Precision.doubleEquivalenceOfEpsilon(1e-2);

        final RegionBSPTree1D tree = new RegionBSPTree1D(false);
        tree.add(Interval.of(1, 1, precision));
        tree.add(Interval.of(2, 2, precision));

        // act
        final List<Interval> intervals = tree.toIntervals();

        // assert
        Assertions.assertEquals(2, intervals.size());
        checkInterval(intervals.get(0), 1, 1);
        checkInterval(intervals.get(1), 2, 2);
    }",RegionBSPTree1DTest::testToIntervals_multiplePoints_oe
commons-geometry_1953,"@Test
    void testToIntervals_multiplePoints_complement_oe() {
        // arrange
        final Precision.DoubleEquivalence precision = Precision.doubleEquivalenceOfEpsilon(1e-2);

        final RegionBSPTree1D tree = new RegionBSPTree1D(false);
        tree.add(Interval.of(1, 1, precision));
        tree.add(Interval.of(2, 2, precision));
        tree.complement();

        // act
        final List<Interval> intervals = tree.toIntervals();

        // assert
        Assertions.assertEquals(3, intervals.size());
        checkInterval(intervals.get(0), Double.NEGATIVE_INFINITY, 1);
        checkInterval(intervals.get(1), 1, 2);
        checkInterval(intervals.get(2), 2, Double.POSITIVE_INFINITY);
    }",RegionBSPTree1DTest::testToIntervals_multiplePoints_complement_oe
commons-geometry_1954,"@Test
    void testToIntervals_adjacentIntervals_oe() {
        // arrange
        final RegionBSPTree1D tree = RegionBSPTree1D.empty();

        tree.add(Interval.of(1, 2, TEST_PRECISION));
        tree.add(Interval.of(2, 3, TEST_PRECISION));

        // act
        final List<Interval> intervals = tree.toIntervals();

        // assert
        Assertions.assertEquals(1, intervals.size());
        checkInterval(intervals.get(0), 1, 3);
    }",RegionBSPTree1DTest::testToIntervals_adjacentIntervals_oe
commons-geometry_1955,"@Test
    void testToIntervals_multipleAdjacentIntervals_oe() {
        // arrange
        final RegionBSPTree1D tree = RegionBSPTree1D.empty();

        tree.add(Interval.of(1, 2, TEST_PRECISION));
        tree.add(Interval.of(2, 3, TEST_PRECISION));
        tree.add(Interval.of(3, 4, TEST_PRECISION));

        tree.add(Interval.of(-2, -1, TEST_PRECISION));
        tree.add(Interval.of(5, 6, TEST_PRECISION));

        // act
        final List<Interval> intervals = tree.toIntervals();

        // assert
        Assertions.assertEquals(3, intervals.size());
        checkInterval(intervals.get(0), -2, -1);
        checkInterval(intervals.get(1), 1, 4);
        checkInterval(intervals.get(2), 5, 6);
    }",RegionBSPTree1DTest::testToIntervals_multipleAdjacentIntervals_oe
commons-geometry_1956,"@Test
    void testToIntervals_oe() {
        // arrange
        final Precision.DoubleEquivalence precision = Precision.doubleEquivalenceOfEpsilon(1e-2);

        final RegionBSPTree1D tree = new RegionBSPTree1D(false);
        tree.add(Interval.of(-1, 6, precision));

        // act
        final List<Interval> intervals = tree.toIntervals();

        // assert
        Assertions.assertEquals(1, intervals.size());
        checkInterval(intervals.get(0), -1, 6);
    }",RegionBSPTree1DTest::testToIntervals_oe
commons-geometry_1957,"@Test
    void testTransform_full_oe() {
        // arrange
        final RegionBSPTree1D tree = RegionBSPTree1D.full();

        final AffineTransformMatrix1D transform = AffineTransformMatrix1D.createScale(2);

        // act
        tree.transform(transform);

        // assert
        Assertions.assertTrue(tree.isFull());
    }",RegionBSPTree1DTest::testTransform_full_oe
commons-geometry_1958,"@Test
    void testTransform_noReflection_oe() {
        // arrange
        final RegionBSPTree1D tree = RegionBSPTree1D.from(
                    Interval.of(1, 2, TEST_PRECISION),
                    Interval.min(3, TEST_PRECISION)
                );

        final AffineTransformMatrix1D transform = AffineTransformMatrix1D.createScale(2)
                .translate(3);

        // act
        tree.transform(transform);

        // assert
        final List<Interval> intervals = tree.toIntervals();

        Assertions.assertEquals(2, intervals.size());
        checkInterval(intervals.get(0), 5, 7);
        checkInterval(intervals.get(1), 9, Double.POSITIVE_INFINITY);
    }",RegionBSPTree1DTest::testTransform_noReflection_oe
commons-geometry_1959,"@Test
    void testTransform_withReflection_oe() {
        // arrange
        final RegionBSPTree1D tree = RegionBSPTree1D.from(
                    Interval.of(1, 2, TEST_PRECISION),
                    Interval.min(3, TEST_PRECISION)
                );

        final AffineTransformMatrix1D transform = AffineTransformMatrix1D.createScale(-2)
                .translate(3);

        // act
        tree.transform(transform);

        // assert
        final List<Interval> intervals = tree.toIntervals();

        Assertions.assertEquals(2, intervals.size());
        checkInterval(intervals.get(0), Double.NEGATIVE_INFINITY, -3);
        checkInterval(intervals.get(1), -1, 1);
    }",RegionBSPTree1DTest::testTransform_withReflection_oe
commons-geometry_1960,"@Test
    void testTransform_withReflection_functionBasedTransform_oe() {
        // arrange
        final RegionBSPTree1D tree = RegionBSPTree1D.from(
                    Interval.of(1, 2, TEST_PRECISION),
                    Interval.min(3, TEST_PRECISION)
                );

        final AffineTransformMatrix1D transform = AffineTransformMatrix1D.from(Vector1D::negate);

        // act
        tree.transform(transform);

        // assert
        final List<Interval> intervals = tree.toIntervals();

        Assertions.assertEquals(2, intervals.size());
        checkInterval(intervals.get(0), Double.NEGATIVE_INFINITY, -3);
        checkInterval(intervals.get(1), -2, -1);
    }",RegionBSPTree1DTest::testTransform_withReflection_functionBasedTransform_oe
commons-geometry_1961,"@Test
    void testSplit_full_oe() {
        // arrange
        final RegionBSPTree1D tree = RegionBSPTree1D.full();
        final OrientedPoint splitter = OrientedPoints.fromLocationAndDirection(2, true, TEST_PRECISION);

        // act
        final Split<RegionBSPTree1D> split = tree.split(splitter);

        // assert
        Assertions.assertEquals(SplitLocation.BOTH, split.getLocation());

        final List<Interval> minusIntervals = split.getMinus().toIntervals();
        Assertions.assertEquals(1, minusIntervals.size());
        checkInterval(minusIntervals.get(0), Double.NEGATIVE_INFINITY, 2);

        final List<Interval> plusIntervals = split.getPlus().toIntervals();
        Assertions.assertEquals(1, plusIntervals.size());
        checkInterval(plusIntervals.get(0), 2, Double.POSITIVE_INFINITY);
    }",RegionBSPTree1DTest::testSplit_full_oe
commons-geometry_1962,"@Test
    void testSplit_empty_oe() {
        // arrange
        final RegionBSPTree1D tree = RegionBSPTree1D.empty();
        final OrientedPoint splitter = OrientedPoints.fromLocationAndDirection(2, true, TEST_PRECISION);

        // act
        final Split<RegionBSPTree1D> split = tree.split(splitter);

        // assert
        Assertions.assertEquals(SplitLocation.NEITHER, split.getLocation());

        Assertions.assertNull(split.getMinus());
        Assertions.assertNull(split.getPlus());
    }",RegionBSPTree1DTest::testSplit_empty_oe
commons-geometry_1963,"@Test
    void testSplit_bothSides_oe() {
        // arrange
        final RegionBSPTree1D tree = RegionBSPTree1D.empty();
        tree.add(Interval.max(-2, TEST_PRECISION));
        tree.add(Interval.of(1, 4, TEST_PRECISION));

        final OrientedPoint splitter = OrientedPoints.fromLocationAndDirection(2, false, TEST_PRECISION);

        // act
        final Split<RegionBSPTree1D> split = tree.split(splitter);

        // assert
        Assertions.assertEquals(SplitLocation.BOTH, split.getLocation());

        final List<Interval> minusIntervals = split.getMinus().toIntervals();
        Assertions.assertEquals(1, minusIntervals.size());
        checkInterval(minusIntervals.get(0), 2, 4);

        final List<Interval> plusIntervals = split.getPlus().toIntervals();
        Assertions.assertEquals(2, plusIntervals.size());
        checkInterval(plusIntervals.get(0), Double.NEGATIVE_INFINITY, -2);
        checkInterval(plusIntervals.get(1), 1, 2);
    }",RegionBSPTree1DTest::testSplit_bothSides_oe
commons-geometry_1964,"@Test
    void testSplit_splitterOnBoundary_minus_oe() {
        // arrange
        final RegionBSPTree1D tree = RegionBSPTree1D.empty();
        tree.add(Interval.of(1, 4, TEST_PRECISION));

        final OrientedPoint splitter = OrientedPoints.fromLocationAndDirection(1, false, TEST_PRECISION);

        // act
        final Split<RegionBSPTree1D> split = tree.split(splitter);

        // assert
        Assertions.assertEquals(SplitLocation.MINUS, split.getLocation());

        final List<Interval> minusIntervals = split.getMinus().toIntervals();
        Assertions.assertEquals(1, minusIntervals.size());
        checkInterval(minusIntervals.get(0), 1, 4);

        Assertions.assertNull(split.getPlus());
    }",RegionBSPTree1DTest::testSplit_splitterOnBoundary_minus_oe
commons-geometry_1965,"@Test
    void testSplit_splitterOnBoundary_plus_oe() {
        // arrange
        final RegionBSPTree1D tree = RegionBSPTree1D.empty();
        tree.add(Interval.of(1, 4, TEST_PRECISION));

        final OrientedPoint splitter = OrientedPoints.fromLocationAndDirection(4, false, TEST_PRECISION);

        // act
        final Split<RegionBSPTree1D> split = tree.split(splitter);

        // assert
        Assertions.assertEquals(SplitLocation.PLUS, split.getLocation());

        Assertions.assertNull(split.getMinus());

        final List<Interval> plusIntervals = split.getPlus().toIntervals();
        Assertions.assertEquals(1, plusIntervals.size());
        checkInterval(plusIntervals.get(0), 1, 4);
    }",RegionBSPTree1DTest::testSplit_splitterOnBoundary_plus_oe
commons-geometry_1966,"@Test
    void testSplit_point_oe() {
        // arrange
        final RegionBSPTree1D tree = RegionBSPTree1D.from(Interval.point(1.0, TEST_PRECISION));

        final OrientedPoint splitter = OrientedPoints.fromLocationAndDirection(2, false, TEST_PRECISION);

        // act
        final Split<RegionBSPTree1D> split = tree.split(splitter);

        // assert
        Assertions.assertEquals(SplitLocation.PLUS, split.getLocation());

        Assertions.assertNull(split.getMinus());

        final List<Interval> plusIntervals = split.getPlus().toIntervals();
        Assertions.assertEquals(1, plusIntervals.size());
        checkInterval(plusIntervals.get(0), 1, 1);
    }",RegionBSPTree1DTest::testSplit_point_oe
commons-geometry_1967,"@Test
    void testSplit_point_splitOnPoint_positiveFacingSplitter_oe() {
        // arrange
        final RegionBSPTree1D tree = RegionBSPTree1D.from(Interval.point(1, TEST_PRECISION));

        final OrientedPoint splitter = OrientedPoints.fromLocationAndDirection(1, true, TEST_PRECISION);

        // act
        final Split<RegionBSPTree1D> split = tree.split(splitter);

        // assert
        Assertions.assertEquals(SplitLocation.PLUS, split.getLocation());

        Assertions.assertNull(split.getMinus());

        final List<Interval> plusIntervals = split.getPlus().toIntervals();
        Assertions.assertEquals(1, plusIntervals.size());
        checkInterval(plusIntervals.get(0), 1, 1);
    }",RegionBSPTree1DTest::testSplit_point_splitOnPoint_positiveFacingSplitter_oe
commons-geometry_1968,"@Test
    void testSplit_point_splitOnPoint_negativeFacingSplitter_oe() {
        // arrange
        final RegionBSPTree1D tree = RegionBSPTree1D.from(Interval.point(1, TEST_PRECISION));

        final OrientedPoint splitter = OrientedPoints.fromLocationAndDirection(1, false, TEST_PRECISION);

        // act
        final Split<RegionBSPTree1D> split = tree.split(splitter);

        // assert
        Assertions.assertEquals(SplitLocation.MINUS, split.getLocation());

        final List<Interval> minusIntervals = split.getMinus().toIntervals();
        Assertions.assertEquals(1, minusIntervals.size());
        checkInterval(minusIntervals.get(0), 1, 1);

        Assertions.assertNull(split.getPlus());
    }",RegionBSPTree1DTest::testSplit_point_splitOnPoint_negativeFacingSplitter_oe
commons-geometry_1969,"@Test
    void testGetSize_infinite_oe() {
        // arrange
        final RegionBSPTree1D full = RegionBSPTree1D.full();

        final RegionBSPTree1D posHalfSpace = RegionBSPTree1D.empty();
        posHalfSpace.getRoot().cut(OrientedPoints.createNegativeFacing(-2.0, TEST_PRECISION));

        final RegionBSPTree1D negHalfSpace = RegionBSPTree1D.empty();
        negHalfSpace.getRoot().cut(OrientedPoints.createPositiveFacing(3.0, TEST_PRECISION));

        // act/assert
        Assertions.assertEquals(Double.POSITIVE_INFINITY, full.getSize(), TEST_EPS);
        Assertions.assertEquals(Double.POSITIVE_INFINITY, posHalfSpace.getSize(), TEST_EPS);
        Assertions.assertEquals(Double.POSITIVE_INFINITY, negHalfSpace.getSize(), TEST_EPS);
    }",RegionBSPTree1DTest::testGetSize_infinite_oe
commons-geometry_1970,"@Test
    void testGetSize_empty_oe() {
        // arrange
        final RegionBSPTree1D tree = RegionBSPTree1D.empty();

        // act/assert
        Assertions.assertEquals(0, tree.getSize(), TEST_EPS);
    }",RegionBSPTree1DTest::testGetSize_empty_oe
commons-geometry_1971,"@Test
    void testGetSize_exactPoints_oe() {
        // arrange
        final RegionBSPTree1D singlePoint = RegionBSPTree1D.empty();
        singlePoint.add(Interval.of(1, 1, TEST_PRECISION));

        final RegionBSPTree1D multiplePoints = RegionBSPTree1D.empty();
        multiplePoints.add(Interval.of(1, 1, TEST_PRECISION));
        multiplePoints.add(Interval.of(-1, -1, TEST_PRECISION));
        multiplePoints.add(Interval.of(2, 2, TEST_PRECISION));

        // act/assert
        Assertions.assertEquals(0, singlePoint.getSize(), TEST_EPS);
        Assertions.assertEquals(0, multiplePoints.getSize(), TEST_EPS);
    }",RegionBSPTree1DTest::testGetSize_exactPoints_oe
commons-geometry_1972,"@Test
    void testGetSize_pointsWithinPrecision_oe() {
        // arrange
        final Precision.DoubleEquivalence precision = Precision.doubleEquivalenceOfEpsilon(1e-1);

        final RegionBSPTree1D singlePoint = RegionBSPTree1D.empty();
        singlePoint.add(Interval.of(1, 1.02, precision));

        final RegionBSPTree1D multiplePoints = RegionBSPTree1D.empty();
        multiplePoints.add(Interval.of(1, 1.02, precision));
        multiplePoints.add(Interval.of(-1.02, -1, precision));
        multiplePoints.add(Interval.of(2, 2.02, precision));

        // act/assert
        Assertions.assertEquals(0.02, singlePoint.getSize(), TEST_EPS);
        Assertions.assertEquals(0.06, multiplePoints.getSize(), TEST_EPS);
    }",RegionBSPTree1DTest::testGetSize_pointsWithinPrecision_oe
commons-geometry_1973,"@Test
    void testGetSize_nonEmptyIntervals_oe() {
        // arrange
        final RegionBSPTree1D tree = RegionBSPTree1D.empty();
        tree.add(Interval.of(1, 2, TEST_PRECISION));
        tree.add(Interval.of(3, 5, TEST_PRECISION));

        // act/assert
        Assertions.assertEquals(3, tree.getSize(), TEST_EPS);
    }",RegionBSPTree1DTest::testGetSize_nonEmptyIntervals_oe
commons-geometry_1974,"@Test
    void testGetSize_intervalWithPoints_oe() {
        // arrange
        final RegionBSPTree1D tree = RegionBSPTree1D.empty();
        tree.add(Interval.of(1, 2, TEST_PRECISION));
        tree.add(Interval.of(3, 3, TEST_PRECISION));
        tree.add(Interval.of(5, 5, TEST_PRECISION));

        // act/assert
        Assertions.assertEquals(1, tree.getSize(), TEST_EPS);
    }",RegionBSPTree1DTest::testGetSize_intervalWithPoints_oe
commons-geometry_1975,"@Test
    void testGetSize_complementedRegion_oe() {
        // arrange
        final RegionBSPTree1D tree = RegionBSPTree1D.empty();
        tree.add(Interval.of(Double.NEGATIVE_INFINITY, 2, TEST_PRECISION));
        tree.add(Interval.of(4, Double.POSITIVE_INFINITY, TEST_PRECISION));

        tree.complement();

        // act/assert
        Assertions.assertEquals(2, tree.getSize(), TEST_EPS);
    }",RegionBSPTree1DTest::testGetSize_complementedRegion_oe
commons-geometry_1976,"@Test
    void testGetCentroid_infinite_oe() {
        // arrange
        final RegionBSPTree1D full = RegionBSPTree1D.full();

        final RegionBSPTree1D posHalfSpace = RegionBSPTree1D.empty();
        posHalfSpace.getRoot().cut(OrientedPoints.createNegativeFacing(-2.0, TEST_PRECISION));

        final RegionBSPTree1D negHalfSpace = RegionBSPTree1D.empty();
        negHalfSpace.getRoot().cut(OrientedPoints.createPositiveFacing(3.0, TEST_PRECISION));

        // act/assert
        Assertions.assertNull(full.getCentroid());
        Assertions.assertNull(posHalfSpace.getCentroid());
        Assertions.assertNull(negHalfSpace.getCentroid());
    }",RegionBSPTree1DTest::testGetCentroid_infinite_oe
commons-geometry_1977,"@Test
    void testGetCentroid_empty_oe() {
        // arrange
        final RegionBSPTree1D tree = RegionBSPTree1D.empty();

        // act/assert
        Assertions.assertNull(tree.getCentroid());
    }",RegionBSPTree1DTest::testGetCentroid_empty_oe
commons-geometry_1978,"@Test
    void testGetCentroid_exactPoints_oe() {
        // arrange
        final RegionBSPTree1D singlePoint = RegionBSPTree1D.empty();
        singlePoint.add(Interval.of(1, 1, TEST_PRECISION));

        final RegionBSPTree1D multiplePoints = RegionBSPTree1D.empty();
        multiplePoints.add(Interval.of(1, 1, TEST_PRECISION));
        multiplePoints.add(Interval.of(-1, -1, TEST_PRECISION));
        multiplePoints.add(Interval.of(6, 6, TEST_PRECISION));

        // act/assert
        EuclideanTestUtils.assertCoordinatesEqual(Vector1D.of(1), singlePoint.getCentroid(), TEST_EPS);
        EuclideanTestUtils.assertCoordinatesEqual(Vector1D.of(2), multiplePoints.getCentroid(), TEST_EPS);
    }",RegionBSPTree1DTest::testGetCentroid_exactPoints_oe
commons-geometry_1979,"@Test
    void testGetCentroid_pointsWithinPrecision_oe() {
     // arrange
        final Precision.DoubleEquivalence precision = Precision.doubleEquivalenceOfEpsilon(1e-1);

        final RegionBSPTree1D singlePoint = RegionBSPTree1D.empty();
        singlePoint.add(Interval.of(1, 1.02, precision));

        final RegionBSPTree1D multiplePoints = RegionBSPTree1D.empty();
        multiplePoints.add(Interval.of(1, 1.02, precision));
        multiplePoints.add(Interval.of(-1.02, -1, precision));
        multiplePoints.add(Interval.of(6, 6.02, precision));

        // act/assert
        EuclideanTestUtils.assertCoordinatesEqual(Vector1D.of(1.01), singlePoint.getCentroid(), TEST_EPS);
        EuclideanTestUtils.assertCoordinatesEqual(Vector1D.of(6.01 / 3), multiplePoints.getCentroid(), TEST_EPS);
    }",RegionBSPTree1DTest::testGetCentroid_pointsWithinPrecision_oe
commons-geometry_1980,"@Test
    void testGetCentroid_nonEmptyIntervals_oe() {
        // arrange
        final RegionBSPTree1D tree = RegionBSPTree1D.empty();
        tree.add(Interval.of(1, 2, TEST_PRECISION));
        tree.add(Interval.of(3, 5, TEST_PRECISION));

        // act/assert
        EuclideanTestUtils.assertCoordinatesEqual(Vector1D.of(9.5 / 3), tree.getCentroid(), TEST_EPS);
    }",RegionBSPTree1DTest::testGetCentroid_nonEmptyIntervals_oe
commons-geometry_1981,"@Test
    void testGetCentroid_complementedRegion_oe() {
        // arrange
        final RegionBSPTree1D tree = RegionBSPTree1D.empty();
        tree.add(Interval.of(Double.NEGATIVE_INFINITY, 2, TEST_PRECISION));
        tree.add(Interval.of(4, Double.POSITIVE_INFINITY, TEST_PRECISION));

        tree.complement();

        // act/assert
        EuclideanTestUtils.assertCoordinatesEqual(Vector1D.of(3), tree.getCentroid(), TEST_EPS);
    }",RegionBSPTree1DTest::testGetCentroid_complementedRegion_oe
commons-geometry_1982,"@Test
    void testGetCentroid_intervalWithPoints_oe() {
        // arrange
        final RegionBSPTree1D tree = RegionBSPTree1D.empty();
        tree.add(Interval.of(1, 2, TEST_PRECISION));
        tree.add(Interval.of(3, 3, TEST_PRECISION));
        tree.add(Interval.of(5, 5, TEST_PRECISION));

        // act/assert
        EuclideanTestUtils.assertCoordinatesEqual(Vector1D.of(1.5), tree.getCentroid(), TEST_EPS);
    }",RegionBSPTree1DTest::testGetCentroid_intervalWithPoints_oe
commons-geometry_1983,"@Test
    void testGetMinMax_full_oe() {
        // arrange
        final RegionBSPTree1D tree = RegionBSPTree1D.empty();

        // act/assert
        GeometryTestUtils.assertPositiveInfinity(tree.getMin());
        GeometryTestUtils.assertNegativeInfinity(tree.getMax());
    }",RegionBSPTree1DTest::testGetMinMax_full_oe
commons-geometry_1984,"@Test
    void testGetMinMax_empty_oe() {
        // arrange
        final RegionBSPTree1D tree = RegionBSPTree1D.empty();

        // act/assert
        GeometryTestUtils.assertPositiveInfinity(tree.getMin());
        GeometryTestUtils.assertNegativeInfinity(tree.getMax());
    }",RegionBSPTree1DTest::testGetMinMax_empty_oe
commons-geometry_1985,"@Test
    void testGetMinMax_halfSpaces_oe() {
        // arrange
        final RegionBSPTree1D posHalfSpace = RegionBSPTree1D.empty();
        posHalfSpace.getRoot().cut(OrientedPoints.createNegativeFacing(-2.0, TEST_PRECISION));

        final RegionBSPTree1D negHalfSpace = RegionBSPTree1D.empty();
        negHalfSpace.getRoot().cut(OrientedPoints.createPositiveFacing(3.0, TEST_PRECISION));

        // act/assert
        Assertions.assertEquals(-2, posHalfSpace.getMin(), TEST_EPS);
        GeometryTestUtils.assertPositiveInfinity(posHalfSpace.getMax());

        GeometryTestUtils.assertNegativeInfinity(negHalfSpace.getMin());
        Assertions.assertEquals(3, negHalfSpace.getMax(), TEST_EPS);
    }",RegionBSPTree1DTest::testGetMinMax_halfSpaces_oe
commons-geometry_1986,"@Test
    void testGetMinMax_multipleIntervals_oe() {
        // arrange
        final RegionBSPTree1D tree = RegionBSPTree1D.from(Arrays.asList(
                    Interval.of(3, 5, TEST_PRECISION),
                    Interval.of(-4, -2, TEST_PRECISION),
                    Interval.of(0, 0, TEST_PRECISION)
                ));

        // act/assert
        Assertions.assertEquals(-4, tree.getMin(), TEST_EPS);
        Assertions.assertEquals(5, tree.getMax(), TEST_EPS);
    }",RegionBSPTree1DTest::testGetMinMax_multipleIntervals_oe
commons-geometry_1987,"@Test
    void testGetMinMax_pointsAtMinAndMax_oe() {
        // arrange
        final RegionBSPTree1D tree = RegionBSPTree1D.from(Arrays.asList(
                    Interval.of(5, 5, TEST_PRECISION),
                    Interval.of(-4, -4, TEST_PRECISION),
                    Interval.of(0, 0, TEST_PRECISION)
                ));

        // act/assert
        Assertions.assertEquals(-4, tree.getMin(), TEST_EPS);
        Assertions.assertEquals(5, tree.getMax(), TEST_EPS);
    }",RegionBSPTree1DTest::testGetMinMax_pointsAtMinAndMax_oe
commons-geometry_1988,"@Test
    void testFull_factoryMethod_oe() {
        // act
        final RegionBSPTree1D tree = RegionBSPTree1D.full();

        // assert
        Assertions.assertTrue(tree.isFull());
        Assertions.assertFalse(tree.isEmpty());
        Assertions.assertNotSame(tree, RegionBSPTree1D.full());
    }",RegionBSPTree1DTest::testFull_factoryMethod_oe
commons-geometry_1989,"@Test
    void testEmpty_factoryMethod_oe() {
        // act
        final RegionBSPTree1D tree = RegionBSPTree1D.empty();

        // assert
        Assertions.assertFalse(tree.isFull());
        Assertions.assertTrue(tree.isEmpty());
        Assertions.assertNotSame(tree, RegionBSPTree1D.full());
    }",RegionBSPTree1DTest::testEmpty_factoryMethod_oe
commons-geometry_1990,"@Test
    void testFromIntervals_iterable_oe() {
        // act
        final RegionBSPTree1D tree = RegionBSPTree1D.from(Arrays.asList(
                    Interval.of(1, 2, TEST_PRECISION),
                    Interval.of(3, 4, TEST_PRECISION)
                ));

        // assert
        Assertions.assertFalse(tree.isFull());
        Assertions.assertFalse(tree.isEmpty());

        checkClassify(tree, RegionLocation.INSIDE, 1.5, 3.5);
        checkClassify(tree, RegionLocation.BOUNDARY, 1, 2, 3, 4);
        checkClassify(tree, RegionLocation.OUTSIDE, 0, 2.5, 5);

        Assertions.assertEquals(2, tree.toIntervals().size());
    }",RegionBSPTree1DTest::testFromIntervals_iterable_oe
commons-geometry_1991,"@Test
    void testFromIntervals_iterable_noItervals_oe() {
        // act
        final RegionBSPTree1D tree = RegionBSPTree1D.from(Collections.emptyList());

        // assert
        Assertions.assertFalse(tree.isFull());
        Assertions.assertTrue(tree.isEmpty());

        Assertions.assertEquals(0, tree.toIntervals().size());
    }",RegionBSPTree1DTest::testFromIntervals_iterable_noItervals_oe
commons-geometry_1992,"@Test
    void testFromIntervals_varargs_oe() {
        // act
        final RegionBSPTree1D tree = RegionBSPTree1D.from(
                    Interval.of(1, 2, TEST_PRECISION),
                    Interval.of(3, 4, TEST_PRECISION)
                );

        // assert
        Assertions.assertFalse(tree.isFull());
        Assertions.assertFalse(tree.isEmpty());

        checkClassify(tree, RegionLocation.INSIDE, 1.5, 3.5);
        checkClassify(tree, RegionLocation.BOUNDARY, 1, 2, 3, 4);
        checkClassify(tree, RegionLocation.OUTSIDE, 0, 2.5, 5);

        Assertions.assertEquals(2, tree.toIntervals().size());
    }",RegionBSPTree1DTest::testFromIntervals_varargs_oe
commons-geometry_1993,"@Test
    void testOf_oe() {
        // act
        final AffineTransformMatrix1D transform = AffineTransformMatrix1D.of(1, 2);

        // assert
        Assertions.assertTrue(transform.preservesOrientation());

        final double[] result = transform.toArray();
        Assertions.assertArrayEquals(new double[] {1, 2}, result, 0.0);
    }",AffineTransformMatrix1DTest::testOf_oe
commons-geometry_1994,"@Test
    void testOf_invalidDimensions_oe() {
        // act/assert
        GeometryTestUtils.assertThrowsWithMessage(() -> AffineTransformMatrix1D.of(1),
                IllegalArgumentException.class, ""Dimension mismatch: 1 != 2"");
    }",AffineTransformMatrix1DTest::testOf_invalidDimensions_oe
commons-geometry_1995,"@Test
    void testFrom_oe() {
        // act/assert
        Assertions.assertArrayEquals(new double[] {1, 0},
                AffineTransformMatrix1D.from(UnaryOperator.identity()).toArray(), EPS);
        Assertions.assertArrayEquals(new double[] {1, 2},
                AffineTransformMatrix1D.from(v -> v.add(Vector1D.of(2))).toArray(), EPS);
        Assertions.assertArrayEquals(new double[] {3, 0},
                AffineTransformMatrix1D.from(v -> v.multiply(3)).toArray(), EPS);
        Assertions.assertArrayEquals(new double[] {3, 6},
                AffineTransformMatrix1D.from(v -> v.add(Vector1D.of(2)).multiply(3)).toArray(), EPS);
    }",AffineTransformMatrix1DTest::testFrom_oe
commons-geometry_1996,"@Test
    void testFrom_invalidFunction_oe() {
        // act/assert
        Assertions.assertThrows(IllegalArgumentException.class, () -> AffineTransformMatrix1D.from(v -> v.multiply(0)));
    }",AffineTransformMatrix1DTest::testFrom_invalidFunction_oe
commons-geometry_1997,"@Test
    void testIdentity_oe() {
        // act
        final AffineTransformMatrix1D transform = AffineTransformMatrix1D.identity();

        // assert
        Assertions.assertTrue(transform.preservesOrientation());

        final double[] expected = {1, 0};
        Assertions.assertArrayEquals(expected, transform.toArray(), 0.0);
    }",AffineTransformMatrix1DTest::testIdentity_oe
commons-geometry_1998,"@Test
    void testCreateTranslation_value_oe() {
        // act
        final AffineTransformMatrix1D transform = AffineTransformMatrix1D.createTranslation(2);

        // assert
        Assertions.assertTrue(transform.preservesOrientation());

        final double[] expected = {1, 2};
        Assertions.assertArrayEquals(expected, transform.toArray(), 0.0);
    }",AffineTransformMatrix1DTest::testCreateTranslation_value_oe
commons-geometry_1999,"@Test
    void testCreateTranslation_vector_oe() {
        // act
        final AffineTransformMatrix1D transform = AffineTransformMatrix1D.createTranslation(Vector1D.of(5));

        // assert
        Assertions.assertTrue(transform.preservesOrientation());

        final double[] expected = {1, 5};
        Assertions.assertArrayEquals(expected, transform.toArray(), 0.0);
    }",AffineTransformMatrix1DTest::testCreateTranslation_vector_oe
commons-geometry_2000,"@Test
    void testTranslate_value_oe() {
        // arrange
        final AffineTransformMatrix1D a = AffineTransformMatrix1D.of(2, 10);

        // act
        final AffineTransformMatrix1D result = a.translate(4);

        // assert
        Assertions.assertTrue(result.preservesOrientation());

        final double[] expected = {2, 14};
        Assertions.assertArrayEquals(expected, result.toArray(), 0.0);
    }",AffineTransformMatrix1DTest::testTranslate_value_oe
commons-geometry_2001,"@Test
    void testTranslate_vector_oe() {
        // arrange
        final AffineTransformMatrix1D a = AffineTransformMatrix1D.of(2, 10);

        // act
        final AffineTransformMatrix1D result = a.translate(Vector1D.of(7));

        // assert
        Assertions.assertTrue(result.preservesOrientation());

        final double[] expected = {2, 17};
        Assertions.assertArrayEquals(expected, result.toArray(), 0.0);
    }",AffineTransformMatrix1DTest::testTranslate_vector_oe
commons-geometry_2002,"@Test
    void testCreateScale_vector_oe() {
        // act
        final AffineTransformMatrix1D transform = AffineTransformMatrix1D.createScale(Vector1D.of(4));

        // assert
        Assertions.assertTrue(transform.preservesOrientation());

        final double[] expected = {4, 0};
        Assertions.assertArrayEquals(expected, transform.toArray(), 0.0);
    }",AffineTransformMatrix1DTest::testCreateScale_vector_oe
commons-geometry_2003,"@Test
    void testCreateScale_value_oe() {
        // act
        final AffineTransformMatrix1D transform = AffineTransformMatrix1D.createScale(7);

        // assert
        Assertions.assertTrue(transform.preservesOrientation());

        final double[] expected = {7, 0};
        Assertions.assertArrayEquals(expected, transform.toArray(), 0.0);
    }",AffineTransformMatrix1DTest::testCreateScale_value_oe
commons-geometry_2004,"@Test
    void testScale_value_oe() {
        // arrange
        final AffineTransformMatrix1D a = AffineTransformMatrix1D.of(2, 10);

        // act
        final AffineTransformMatrix1D result = a.scale(4);

        // assert
        Assertions.assertTrue(result.preservesOrientation());

        final double[] expected = {8, 40};
        Assertions.assertArrayEquals(expected, result.toArray(), 0.0);
    }",AffineTransformMatrix1DTest::testScale_value_oe
commons-geometry_2005,"@Test
    void testScale_vector_oe() {
        // arrange
        final AffineTransformMatrix1D a = AffineTransformMatrix1D.of(2, 10);

        // act
        final AffineTransformMatrix1D result = a.scale(Vector1D.of(7));

        // assert
        Assertions.assertTrue(result.preservesOrientation());

        final double[] expected = {14, 70};
        Assertions.assertArrayEquals(expected, result.toArray(), 0.0);
    }",AffineTransformMatrix1DTest::testScale_vector_oe
commons-geometry_2006,"@Test
    void testApply_identity_oe() {
        // arrange
        final AffineTransformMatrix1D transform = AffineTransformMatrix1D.identity();

        // act/assert
        runWithCoordinates(x -> {
            final Vector1D v = Vector1D.of(x);

            EuclideanTestUtils.assertCoordinatesEqual(v, transform.apply(v), EPS);
        });
    }",AffineTransformMatrix1DTest::testApply_identity_oe
commons-geometry_2007,"@Test
    void testApply_translate_oe() {
        // arrange
        final Vector1D translation = Vector1D.of(-Math.PI);

        final AffineTransformMatrix1D transform = AffineTransformMatrix1D.identity()
                .translate(translation);

        // act/assert
        runWithCoordinates(x -> {
            final Vector1D vec = Vector1D.of(x);

            final Vector1D expectedVec = vec.add(translation);

            EuclideanTestUtils.assertCoordinatesEqual(expectedVec, transform.apply(vec), EPS);
        });
    }",AffineTransformMatrix1DTest::testApply_translate_oe
commons-geometry_2008,"@Test
    void testApply_scale_oe() {
        // arrange
        final Vector1D factor = Vector1D.of(2.0);

        final AffineTransformMatrix1D transform = AffineTransformMatrix1D.identity()
                .scale(factor);

        // act/assert
        runWithCoordinates(x -> {
            final Vector1D vec = Vector1D.of(x);

            final Vector1D expectedVec = Vector1D.of(factor.getX() * x);

            EuclideanTestUtils.assertCoordinatesEqual(expectedVec, transform.apply(vec), EPS);
        });
    }",AffineTransformMatrix1DTest::testApply_scale_oe
commons-geometry_2009,"@Test
    void testApply_translateThenScale_oe() {
        // arrange
        final Vector1D translation = Vector1D.of(-2.0);
        final Vector1D scale = Vector1D.of(5.0);

        final AffineTransformMatrix1D transform = AffineTransformMatrix1D.identity()
                .translate(translation)
                .scale(scale);

        // act/assert
        EuclideanTestUtils.assertCoordinatesEqual(Vector1D.of(-5), transform.apply(Vector1D.of(1)), EPS);

        runWithCoordinates(x -> {
            final Vector1D vec = Vector1D.of(x);

            final Vector1D expectedVec = Vector1D.of(
                        (x + translation.getX()) * scale.getX()
                    );

            EuclideanTestUtils.assertCoordinatesEqual(expectedVec, transform.apply(vec), EPS);
        });
    }",AffineTransformMatrix1DTest::testApply_translateThenScale_oe
commons-geometry_2010,"@Test
    void testApply_scaleThenTranslate_oe() {
        // arrange
        final Vector1D scale = Vector1D.of(5.0);
        final Vector1D translation = Vector1D.of(-2.0);

        final AffineTransformMatrix1D transform = AffineTransformMatrix1D.identity()
                .scale(scale)
                .translate(translation);

        // act/assert
        runWithCoordinates(x -> {
            final Vector1D vec = Vector1D.of(x);

            final Vector1D expectedVec = Vector1D.of(
                        (x * scale.getX()) + translation.getX()
                    );

            EuclideanTestUtils.assertCoordinatesEqual(expectedVec, transform.apply(vec), EPS);
        });
    }",AffineTransformMatrix1DTest::testApply_scaleThenTranslate_oe
commons-geometry_2011,"@Test
    void testApplyX_oe() {
        // arrange
        final Vector1D translation = Vector1D.of(-2.0);
        final Vector1D scale = Vector1D.of(5.0);

        final AffineTransformMatrix1D transform = AffineTransformMatrix1D.identity()
                .translate(translation)
                .scale(scale);

        // act/assert
        runWithCoordinates(x -> {
            final double expected = (x + translation.getX()) * scale.getX();

            Assertions.assertEquals(expected, transform.applyX(x), EPS);
        });
    }",AffineTransformMatrix1DTest::testApplyX_oe
commons-geometry_2012,"@Test
    void testApplyVector_identity_oe() {
        // arrange
        final AffineTransformMatrix1D transform = AffineTransformMatrix1D.identity();

        // act/assert
        runWithCoordinates(x -> {
            final Vector1D v = Vector1D.of(x);

            EuclideanTestUtils.assertCoordinatesEqual(v, transform.applyVector(v), EPS);
        });
    }",AffineTransformMatrix1DTest::testApplyVector_identity_oe
commons-geometry_2013,"@Test
    void testApplyVector_translate_oe() {
        // arrange
        final Vector1D translation = Vector1D.of(-Math.PI);

        final AffineTransformMatrix1D transform = AffineTransformMatrix1D.identity()
                .translate(translation);

        // act/assert
        runWithCoordinates(x -> {
            final Vector1D vec = Vector1D.of(x);

            EuclideanTestUtils.assertCoordinatesEqual(vec, transform.applyVector(vec), EPS);
        });
    }",AffineTransformMatrix1DTest::testApplyVector_translate_oe
commons-geometry_2014,"@Test
    void testApplyVector_scale_oe() {
        // arrange
        final Vector1D factor = Vector1D.of(2.0);

        final AffineTransformMatrix1D transform = AffineTransformMatrix1D.identity()
                .scale(factor);

        // act/assert
        runWithCoordinates(x -> {
            final Vector1D vec = Vector1D.of(x);

            final Vector1D expectedVec = Vector1D.of(factor.getX() * x);

            EuclideanTestUtils.assertCoordinatesEqual(expectedVec, transform.applyVector(vec), EPS);
        });
    }",AffineTransformMatrix1DTest::testApplyVector_scale_oe
commons-geometry_2015,"@Test
    void testApplyVector_representsDisplacement_oe() {
        // arrange
        final Vector1D p1 = Vector1D.of(Math.PI);

        final Vector1D translation = Vector1D.of(-2.0);
        final Vector1D scale = Vector1D.of(5.0);

        final AffineTransformMatrix1D transform = AffineTransformMatrix1D.identity()
                .translate(translation)
                .scale(scale);

        // act/assert
        runWithCoordinates(x -> {
            final Vector1D p2 = Vector1D.of(x);
            final Vector1D input = p1.subtract(p2);

            final Vector1D expectedVec = transform.apply(p1).subtract(transform.apply(p2));

            EuclideanTestUtils.assertCoordinatesEqual(expectedVec, transform.applyVector(input), EPS);
        });
    }",AffineTransformMatrix1DTest::testApplyVector_representsDisplacement_oe
commons-geometry_2016,"@Test
    void testApplyVectorX_oe() {
        // arrange
        final Vector1D p1 = Vector1D.of(Math.PI);

        final Vector1D translation = Vector1D.of(-2.0);
        final Vector1D scale = Vector1D.of(5.0);

        final AffineTransformMatrix1D transform = AffineTransformMatrix1D.identity()
                .translate(translation)
                .scale(scale);

        // act/assert
        runWithCoordinates(x -> {
            final Vector1D p2 = p1.add(Vector1D.of(x));

            final double expected = transform.apply(p1).vectorTo(transform.apply(p2)).getX();

            Assertions.assertEquals(expected, transform.applyVectorX(x), EPS);
        });
    }",AffineTransformMatrix1DTest::testApplyVectorX_oe
commons-geometry_2017,"@Test
    void testApplyDirection_identity_oe() {
        // arrange
        final AffineTransformMatrix1D transform = AffineTransformMatrix1D.identity();

        // act/assert
        runWithCoordinates(x -> {
            final Vector1D v = Vector1D.of(x);

            EuclideanTestUtils.assertCoordinatesEqual(v.normalize(), transform.applyDirection(v), EPS);
        }, true);
    }",AffineTransformMatrix1DTest::testApplyDirection_identity_oe
commons-geometry_2018,"@Test
    void testApplyDirection_translate_oe() {
        // arrange
        final Vector1D translation = Vector1D.of(-Math.PI);

        final AffineTransformMatrix1D transform = AffineTransformMatrix1D.identity()
                .translate(translation);

        // act/assert
        runWithCoordinates(x -> {
            final Vector1D vec = Vector1D.of(x);

            EuclideanTestUtils.assertCoordinatesEqual(vec.normalize(), transform.applyDirection(vec), EPS);
        }, true);
    }",AffineTransformMatrix1DTest::testApplyDirection_translate_oe
commons-geometry_2019,"@Test
    void testApplyDirection_scale_oe() {
        // arrange
        final Vector1D factor = Vector1D.of(2.0);

        final AffineTransformMatrix1D transform = AffineTransformMatrix1D.identity()
                .scale(factor);

        // act/assert
        runWithCoordinates(x -> {
            final Vector1D vec = Vector1D.of(x);

            final Vector1D expectedVec = Vector1D.of(factor.getX() * x).normalize();

            EuclideanTestUtils.assertCoordinatesEqual(expectedVec, transform.applyDirection(vec), EPS);
        }, true);
    }",AffineTransformMatrix1DTest::testApplyDirection_scale_oe
commons-geometry_2020,"@Test
    void testApplyDirection_representsNormalizedDisplacement_oe() {
        // arrange
        final Vector1D p1 = Vector1D.of(Math.PI);

        final Vector1D translation = Vector1D.of(-2.0);
        final Vector1D scale = Vector1D.of(5.0);

        final AffineTransformMatrix1D transform = AffineTransformMatrix1D.identity()
                .translate(translation)
                .scale(scale);

        // act/assert
        runWithCoordinates(x -> {
            final Vector1D p2 = Vector1D.of(x);
            final Vector1D input = p1.subtract(p2);

            final Vector1D expectedVec = transform.apply(p1).subtract(transform.apply(p2)).normalize();

            EuclideanTestUtils.assertCoordinatesEqual(expectedVec, transform.applyDirection(input), EPS);
        });
    }",AffineTransformMatrix1DTest::testApplyDirection_representsNormalizedDisplacement_oe
commons-geometry_2021,"@Test
    void testApplyDirection_illegalNorm_oe() {
        // act/assert
        Assertions.assertThrows(IllegalArgumentException.class, () -> AffineTransformMatrix1D.createScale(0).applyDirection(Vector1D.Unit.PLUS));
        Assertions.assertThrows(IllegalArgumentException.class, () -> AffineTransformMatrix1D.createScale(2).applyDirection(Vector1D.ZERO));
    }",AffineTransformMatrix1DTest::testApplyDirection_illegalNorm_oe
commons-geometry_2022,"@Test
    void testDeterminant_oe() {
        // act/assert
        Assertions.assertEquals(0.0, AffineTransformMatrix1D.of(0, 1).determinant(), EPS);
        Assertions.assertEquals(1.0, AffineTransformMatrix1D.of(1, 0).determinant(), EPS);
        Assertions.assertEquals(-1.0, AffineTransformMatrix1D.of(-1, 2).determinant(), EPS);
    }",AffineTransformMatrix1DTest::testDeterminant_oe
commons-geometry_2023,"@Test
    void testPreservesOrientation_oe() {
        // act/assert
        Assertions.assertFalse(AffineTransformMatrix1D.of(0, 1).preservesOrientation());
        Assertions.assertTrue(AffineTransformMatrix1D.of(1, 0).preservesOrientation());
        Assertions.assertFalse(AffineTransformMatrix1D.of(-1, 2).preservesOrientation());
    }",AffineTransformMatrix1DTest::testPreservesOrientation_oe
commons-geometry_2024,"@Test
    void testMultiply_oe() {
        // arrange
        final AffineTransformMatrix1D a = AffineTransformMatrix1D.of(2, 3);
        final AffineTransformMatrix1D b = AffineTransformMatrix1D.of(13, 14);

        // act
        final AffineTransformMatrix1D result = a.multiply(b);

        // assert
        final double[] arr = result.toArray();
        Assertions.assertArrayEquals(new double[] {26, 31}, arr, EPS);
    }",AffineTransformMatrix1DTest::testMultiply_oe
commons-geometry_2025,"@Test
    void testMultiply_combinesTransformOperations_oe() {
        // arrange
        final Vector1D translation1 = Vector1D.of(1);
        final double scale = 2.0;
        final Vector1D translation2 = Vector1D.of(4);

        final AffineTransformMatrix1D a = AffineTransformMatrix1D.createTranslation(translation1);
        final AffineTransformMatrix1D b = AffineTransformMatrix1D.createScale(scale);
        final AffineTransformMatrix1D c = AffineTransformMatrix1D.identity();
        final AffineTransformMatrix1D d = AffineTransformMatrix1D.createTranslation(translation2);

        // act
        final AffineTransformMatrix1D transform = d.multiply(c).multiply(b).multiply(a);

        // assert
        runWithCoordinates(x -> {
            final Vector1D vec = Vector1D.of(x);

            final Vector1D expectedVec = vec
                    .add(translation1)
                    .multiply(scale)
                    .add(translation2);

            EuclideanTestUtils.assertCoordinatesEqual(expectedVec, transform.apply(vec), EPS);
        });
    }",AffineTransformMatrix1DTest::testMultiply_combinesTransformOperations_oe
commons-geometry_2026,"@Test
    void testPremultiply_oe() {
        // arrange
        final AffineTransformMatrix1D a = AffineTransformMatrix1D.of(2, 3);
        final AffineTransformMatrix1D b = AffineTransformMatrix1D.of(13, 14);

        // act
        final AffineTransformMatrix1D result = b.premultiply(a);

        // assert
        final double[] arr = result.toArray();
        Assertions.assertArrayEquals(new double[] {26, 31}, arr, EPS);
    }",AffineTransformMatrix1DTest::testPremultiply_oe
commons-geometry_2027,"@Test
    void testPremultiply_combinesTransformOperations_oe() {
        // arrange
        final Vector1D translation1 = Vector1D.of(1);
        final double scale = 2.0;
        final Vector1D translation2 = Vector1D.of(4);

        final AffineTransformMatrix1D a = AffineTransformMatrix1D.createTranslation(translation1);
        final AffineTransformMatrix1D b = AffineTransformMatrix1D.createScale(scale);
        final AffineTransformMatrix1D c = AffineTransformMatrix1D.identity();
        final AffineTransformMatrix1D d = AffineTransformMatrix1D.createTranslation(translation2);

        // act
        final AffineTransformMatrix1D transform = a.premultiply(b).premultiply(c).premultiply(d);

        // assert
        runWithCoordinates(x -> {
            final Vector1D vec = Vector1D.of(x);

            final Vector1D expectedVec = vec
                    .add(translation1)
                    .multiply(scale)
                    .add(translation2);

            EuclideanTestUtils.assertCoordinatesEqual(expectedVec, transform.apply(vec), EPS);
        });
    }",AffineTransformMatrix1DTest::testPremultiply_combinesTransformOperations_oe
commons-geometry_2028,"@Test
    void testLinear_oe() {
        // arrange
        final AffineTransformMatrix1D mat = AffineTransformMatrix1D.of(2, 3);

        // act
        final AffineTransformMatrix1D result = mat.linear();

        // assert
        Assertions.assertArrayEquals(new double[] {2, 0}, result.toArray(), 0.0);
    }",AffineTransformMatrix1DTest::testLinear_oe
commons-geometry_2029,"@Test
    void testLinearTranspose_oe() {
        // arrange
        final AffineTransformMatrix1D mat = AffineTransformMatrix1D.of(2, 3);

        // act
        final AffineTransformMatrix1D result = mat.linearTranspose();

        // assert
        Assertions.assertArrayEquals(new double[] {2, 0}, result.toArray(), 0.0);
    }",AffineTransformMatrix1DTest::testLinearTranspose_oe
commons-geometry_2030,"@Test
    void testNormalTransform_nonInvertible_oe() {
        // act/assert
        Assertions.assertThrows(IllegalStateException.class, () -> AffineTransformMatrix1D.createScale(0).normalTransform());
    }",AffineTransformMatrix1DTest::testNormalTransform_nonInvertible_oe
commons-geometry_2031,"@Test
    void testInverse_identity_oe() {
        // act
        final AffineTransformMatrix1D inverse = AffineTransformMatrix1D.identity().inverse();

        // assert
        final double[] expected = {1, 0};
        Assertions.assertArrayEquals(expected, inverse.toArray(), 0.0);
    }",AffineTransformMatrix1DTest::testInverse_identity_oe
commons-geometry_2032,"@Test
    void testInverse_multiplyByInverse_producesIdentity_oe() {
        // arrange
        final AffineTransformMatrix1D a = AffineTransformMatrix1D.of(1, 3);

        final AffineTransformMatrix1D inv = a.inverse();

        // act
        final AffineTransformMatrix1D result = inv.multiply(a);

        // assert
        final double[] expected = {1, 0};
        Assertions.assertArrayEquals(expected, result.toArray(), EPS);
    }",AffineTransformMatrix1DTest::testInverse_multiplyByInverse_producesIdentity_oe
commons-geometry_2033,"@Test
    void testInverse_translate_oe() {
        // arrange
        final AffineTransformMatrix1D transform = AffineTransformMatrix1D.createTranslation(3);

        // act
        final AffineTransformMatrix1D inverse = transform.inverse();

        // assert
        final double[] expected = {1, -3};
        Assertions.assertArrayEquals(expected, inverse.toArray(), 0.0);
    }",AffineTransformMatrix1DTest::testInverse_translate_oe
commons-geometry_2034,"@Test
    void testInverse_scale_oe() {
        // arrange
        final AffineTransformMatrix1D transform = AffineTransformMatrix1D.createScale(10);

        // act
        final AffineTransformMatrix1D inverse = transform.inverse();

        // assert
        final double[] expected = {0.1, 0};
        Assertions.assertArrayEquals(expected, inverse.toArray(), 0.0);
    }",AffineTransformMatrix1DTest::testInverse_scale_oe
commons-geometry_2035,"@Test
    void testInverse_undoesOriginalTransform_translationAndScale_oe() {
        // arrange
        final Vector1D v1 = Vector1D.ZERO;
        final Vector1D v2 = Vector1D.Unit.PLUS;
        final Vector1D v3 = Vector1D.of(1.5);
        final Vector1D v4 = Vector1D.of(-2);

        // act/assert
        runWithCoordinates(x -> {
            final AffineTransformMatrix1D transform = AffineTransformMatrix1D
                        .createTranslation(x)
                        .scale(2)
                        .translate(x / 3);

            final AffineTransformMatrix1D inverse = transform.inverse();

            EuclideanTestUtils.assertCoordinatesEqual(v1, inverse.apply(transform.apply(v1)), EPS);
            EuclideanTestUtils.assertCoordinatesEqual(v2, inverse.apply(transform.apply(v2)), EPS);
            EuclideanTestUtils.assertCoordinatesEqual(v3, inverse.apply(transform.apply(v3)), EPS);
            EuclideanTestUtils.assertCoordinatesEqual(v4, inverse.apply(transform.apply(v4)), EPS);
        });
    }",AffineTransformMatrix1DTest::testInverse_undoesOriginalTransform_translationAndScale_oe
commons-geometry_2036,"@Test
    void testInverse_nonInvertible_oe() {
        // act/assert
        GeometryTestUtils.assertThrowsWithMessage(() -> {
            AffineTransformMatrix1D.of(0, 0).inverse();
        }, IllegalStateException.class, ""Matrix is not invertible; matrix determinant is 0.0"");

        GeometryTestUtils.assertThrowsWithMessage(() -> {
            AffineTransformMatrix1D.of(Double.NaN, 0).inverse();
        }, IllegalStateException.class, ""Matrix is not invertible; matrix determinant is NaN"");

        GeometryTestUtils.assertThrowsWithMessage(() -> {
            AffineTransformMatrix1D.of(Double.NEGATIVE_INFINITY, 0.0).inverse();
        }, IllegalStateException.class, ""Matrix is not invertible; matrix determinant is -Infinity"");

        GeometryTestUtils.assertThrowsWithMessage(() -> {
            AffineTransformMatrix1D.of(Double.POSITIVE_INFINITY, 0).inverse();
        }, IllegalStateException.class, ""Matrix is not invertible; matrix determinant is Infinity"");

        GeometryTestUtils.assertThrowsWithMessage(() -> {
            AffineTransformMatrix1D.of(1, Double.NaN).inverse();
        }, IllegalStateException.class, ""Matrix is not invertible; invalid matrix element: NaN"");

        GeometryTestUtils.assertThrowsWithMessage(() -> {
            AffineTransformMatrix1D.of(1, Double.NEGATIVE_INFINITY).inverse();
        }, IllegalStateException.class, ""Matrix is not invertible; invalid matrix element: -Infinity"");

        GeometryTestUtils.assertThrowsWithMessage(() -> {
            AffineTransformMatrix1D.of(1, Double.POSITIVE_INFINITY).inverse();
        }, IllegalStateException.class, ""Matrix is not invertible; invalid matrix element: Infinity"");
    }",AffineTransformMatrix1DTest::testInverse_nonInvertible_oe
commons-geometry_2037,"@Test
    void testHashCode_oe() {
        // act
        final int orig = AffineTransformMatrix1D.of(1, 2).hashCode();
        final int same = AffineTransformMatrix1D.of(1, 2).hashCode();

        // assert
        Assertions.assertEquals(orig, same);

        Assertions.assertNotEquals(orig, AffineTransformMatrix1D.of(0, 2).hashCode());
        Assertions.assertNotEquals(orig, AffineTransformMatrix1D.of(1, 0).hashCode());
    }",AffineTransformMatrix1DTest::testHashCode_oe
commons-geometry_2038,"@Test
    void testEquals_oe() {
        // arrange
        final AffineTransformMatrix1D a = AffineTransformMatrix1D.of(1, 2);

        // act/assert
        GeometryTestUtils.assertSimpleEqualsCases(a);

        Assertions.assertNotEquals(a, AffineTransformMatrix1D.of(0, 2));
        Assertions.assertNotEquals(a, AffineTransformMatrix1D.of(1, 0));
    }",AffineTransformMatrix1DTest::testEquals_oe
commons-geometry_2039,"@Test
    void testEqualsAndHashCode_signedZeroConsistency_oe() {
        // arrange
        final AffineTransformMatrix1D a = AffineTransformMatrix1D.of(0.0, -0.0);
        final AffineTransformMatrix1D b = AffineTransformMatrix1D.of(-0.0, 0.0);
        final AffineTransformMatrix1D c = AffineTransformMatrix1D.of(0.0, -0.0);
        final AffineTransformMatrix1D d = AffineTransformMatrix1D.of(-0.0, 0.0);

        // act/assert
        Assertions.assertFalse(a.equals(b));

        Assertions.assertTrue(a.equals(c));
        Assertions.assertEquals(a.hashCode(), c.hashCode());

        Assertions.assertTrue(b.equals(d));
        Assertions.assertEquals(b.hashCode(), d.hashCode());
    }",AffineTransformMatrix1DTest::testEqualsAndHashCode_signedZeroConsistency_oe
commons-geometry_2040,"@Test
    void testToString_oe() {
        // arrange
        final AffineTransformMatrix1D a = AffineTransformMatrix1D.of(1, 2);

        // act
        final String result = a.toString();

        // assert
        Assertions.assertEquals(""[ 1.0, 2.0 ]"", result);
    }",AffineTransformMatrix1DTest::testToString_oe
commons-geometry_2041,"@Test
    void testGetDirection_oe() {
        // act/assert
        EuclideanTestUtils.assertCoordinatesEqual(Vector1D.Unit.PLUS,
                OrientedPoints.fromPointAndDirection(Vector1D.of(2.0), true, TEST_PRECISION).getDirection(),
                TEST_EPS);
        EuclideanTestUtils.assertCoordinatesEqual(Vector1D.Unit.MINUS,
                OrientedPoints.fromPointAndDirection(Vector1D.of(2.0), false, TEST_PRECISION).getDirection(),
                TEST_EPS);
    }",OrientedPointTest::testGetDirection_oe
commons-geometry_2042,"@Test
    void testReverse_oe() {
        // act/assert
        assertOrientedPoint(OrientedPoints.fromPointAndDirection(Vector1D.of(0), true, TEST_PRECISION).reverse(),
                0.0, false, TEST_PRECISION);
        assertOrientedPoint(OrientedPoints.fromPointAndDirection(Vector1D.of(-1), false, TEST_PRECISION).reverse(),
                -1.0, true, TEST_PRECISION);
        assertOrientedPoint(OrientedPoints.fromPointAndDirection(Vector1D.of(1), true, TEST_PRECISION).reverse(),
                1.0, false, TEST_PRECISION);

        assertOrientedPoint(OrientedPoints.fromPointAndDirection(Vector1D.of(0), true, TEST_PRECISION).reverse().reverse(),
                0.0, true, TEST_PRECISION);
        assertOrientedPoint(OrientedPoints.fromPointAndDirection(Vector1D.of(-1), false, TEST_PRECISION).reverse().reverse(),
                -1.0, false, TEST_PRECISION);
        assertOrientedPoint(OrientedPoints.fromPointAndDirection(Vector1D.of(1), true, TEST_PRECISION).reverse().reverse(),
                1.0, true, TEST_PRECISION);
    }",OrientedPointTest::testReverse_oe
commons-geometry_2043,"@Test
    void testTransform_oe() {
        // arrange
        final AffineTransformMatrix1D scaleAndTranslate = AffineTransformMatrix1D
                .createScale(0.5)
                .translate(-10);

        final AffineTransformMatrix1D reflect = AffineTransformMatrix1D.createScale(-2);

        final OrientedPoint a = OrientedPoints.createPositiveFacing(Vector1D.of(2.0), TEST_PRECISION);
        final OrientedPoint b = OrientedPoints.createNegativeFacing(Vector1D.of(-3.0), TEST_PRECISION);

        // act/assert
        assertOrientedPoint(a.transform(scaleAndTranslate), -9.0, true, TEST_PRECISION);
        assertOrientedPoint(b.transform(scaleAndTranslate), -11.5, false, TEST_PRECISION);

        assertOrientedPoint(a.transform(reflect), -4.0, false, TEST_PRECISION);
        assertOrientedPoint(b.transform(reflect), 6.0, true, TEST_PRECISION);
    }",OrientedPointTest::testTransform_oe
commons-geometry_2044,"@Test
    void testTransform_locationAtInfinity_oe() {
        // arrange
        final OrientedPoint pos = OrientedPoints.createNegativeFacing(Double.POSITIVE_INFINITY, TEST_PRECISION);
        final OrientedPoint neg = OrientedPoints.createPositiveFacing(Double.NEGATIVE_INFINITY, TEST_PRECISION);

        final Transform<Vector1D> scaleAndTranslate = AffineTransformMatrix1D.identity().scale(10.0).translate(5.0);
        final Transform<Vector1D> negate = AffineTransformMatrix1D.from(Vector1D::negate);

        // act/assert
        assertOrientedPoint(pos.transform(scaleAndTranslate), Double.POSITIVE_INFINITY, false, TEST_PRECISION);
        assertOrientedPoint(neg.transform(scaleAndTranslate), Double.NEGATIVE_INFINITY, true, TEST_PRECISION);

        assertOrientedPoint(pos.transform(negate), Double.NEGATIVE_INFINITY, true, TEST_PRECISION);
        assertOrientedPoint(neg.transform(negate), Double.POSITIVE_INFINITY, false, TEST_PRECISION);
    }",OrientedPointTest::testTransform_locationAtInfinity_oe
commons-geometry_2045,"@Test
    void testTransform_zeroScale_oe() {
        // arrange
        final AffineTransformMatrix1D zeroScale = AffineTransformMatrix1D.createScale(0.0);

        final OrientedPoint pt = OrientedPoints.createPositiveFacing(Vector1D.of(2.0), TEST_PRECISION);

        // act/assert
        GeometryTestUtils.assertThrowsWithMessage(
            () -> pt.transform(zeroScale),
            IllegalArgumentException.class, ""Oriented point direction cannot be zero"");
    }",OrientedPointTest::testTransform_zeroScale_oe
commons-geometry_2046,"@Test
    void testOffset_positiveFacing_oe() {
        // arrange
        final OrientedPoint pt = OrientedPoints.fromPointAndDirection(Vector1D.of(-2.0), true, TEST_PRECISION);

        // act/assert
        Assertions.assertEquals(-98.0, pt.offset(Vector1D.of(-100)), Precision.EPSILON);
        Assertions.assertEquals(-0.1, pt.offset(Vector1D.of(-2.1)), Precision.EPSILON);
        Assertions.assertEquals(0.0, pt.offset(Vector1D.of(-2)), Precision.EPSILON);
        Assertions.assertEquals(0.99, pt.offset(Vector1D.of(-1.01)), Precision.EPSILON);
        Assertions.assertEquals(1.0, pt.offset(Vector1D.of(-1.0)), Precision.EPSILON);
        Assertions.assertEquals(1.01, pt.offset(Vector1D.of(-0.99)), Precision.EPSILON);
        Assertions.assertEquals(2.0, pt.offset(Vector1D.of(0)), Precision.EPSILON);
        Assertions.assertEquals(102, pt.offset(Vector1D.of(100)), Precision.EPSILON);
    }",OrientedPointTest::testOffset_positiveFacing_oe
commons-geometry_2047,"@Test
    void testOffset_negativeFacing_oe() {
        // arrange
        final OrientedPoint pt = OrientedPoints.fromPointAndDirection(Vector1D.of(-2.0), false, TEST_PRECISION);

        // act/assert
        Assertions.assertEquals(98.0, pt.offset(Vector1D.of(-100)), Precision.EPSILON);
        Assertions.assertEquals(0.1, pt.offset(Vector1D.of(-2.1)), Precision.EPSILON);
        Assertions.assertEquals(0.0, pt.offset(Vector1D.of(-2)), Precision.EPSILON);
        Assertions.assertEquals(-0.99, pt.offset(Vector1D.of(-1.01)), Precision.EPSILON);
        Assertions.assertEquals(-1.0, pt.offset(Vector1D.of(-1.0)), Precision.EPSILON);
        Assertions.assertEquals(-1.01, pt.offset(Vector1D.of(-0.99)), Precision.EPSILON);
        Assertions.assertEquals(-2, pt.offset(Vector1D.of(0)), Precision.EPSILON);
        Assertions.assertEquals(-102, pt.offset(Vector1D.of(100)), Precision.EPSILON);
    }",OrientedPointTest::testOffset_negativeFacing_oe
commons-geometry_2048,"@Test
    void testOffset_infinityArguments_oe() {
        // arrange
        final OrientedPoint pt = OrientedPoints.fromPointAndDirection(Vector1D.of(-2.0), true, TEST_PRECISION);

        // act/assert
        GeometryTestUtils.assertPositiveInfinity(pt.offset(Vector1D.of(Double.POSITIVE_INFINITY)));
        GeometryTestUtils.assertNegativeInfinity(pt.offset(Vector1D.of(Double.NEGATIVE_INFINITY)));
    }",OrientedPointTest::testOffset_infinityArguments_oe
commons-geometry_2049,"@Test
    void testOffset_infinityLocation_oe() {
        // arrange
        final OrientedPoint pt = OrientedPoints.fromPointAndDirection(Vector1D.of(Double.POSITIVE_INFINITY), true, TEST_PRECISION);

        // act/assert
        Assertions.assertTrue(Double.isNaN(pt.offset(Vector1D.of(Double.POSITIVE_INFINITY))));
        GeometryTestUtils.assertNegativeInfinity(pt.offset(Vector1D.of(Double.NEGATIVE_INFINITY)));

        GeometryTestUtils.assertNegativeInfinity(pt.offset(Vector1D.of(0)));
    }",OrientedPointTest::testOffset_infinityLocation_oe
commons-geometry_2050,"@Test
    void testClassify_oe() {
        // arrange
        final Precision.DoubleEquivalence smallPrecision = Precision.doubleEquivalenceOfEpsilon(1e-10);
        final Precision.DoubleEquivalence largePrecision = Precision.doubleEquivalenceOfEpsilon(1e-1);

        final OrientedPoint smallPosFacing = OrientedPoints.fromLocationAndDirection(1.0, true, smallPrecision);
        final OrientedPoint largeNegFacing = OrientedPoints.fromLocationAndDirection(1.0, false, largePrecision);

        // act/assert
        assertClassify(HyperplaneLocation.MINUS, smallPosFacing,
                Double.NEGATIVE_INFINITY, -10, 0, 0.9, 0.99999, 1 - 1e-9);
        assertClassify(HyperplaneLocation.ON, smallPosFacing,
                1 - 1e-11, 1, 1 + 1e-11);
        assertClassify(HyperplaneLocation.PLUS, smallPosFacing,
                1 + 1e-9, 2, 10, Double.POSITIVE_INFINITY);

        assertClassify(HyperplaneLocation.PLUS, largeNegFacing,
                Double.NEGATIVE_INFINITY, -10, 0, 0.89);
        assertClassify(HyperplaneLocation.ON, largeNegFacing,
                0.91, 0.9999, 1, 1.001, 1.09);
        assertClassify(HyperplaneLocation.MINUS, largeNegFacing,
                1.11, 2, 10, Double.POSITIVE_INFINITY);
    }",OrientedPointTest::testClassify_oe
commons-geometry_2051,"@Test
    void testSpan_oe() {
        // arrange
        final OrientedPoint pt = OrientedPoints.fromPointAndDirection(Vector1D.of(1.0), false, TEST_PRECISION);

        // act
        final HyperplaneConvexSubset<Vector1D> result = pt.span();

        // assert
        Assertions.assertSame(pt, result.getHyperplane());
    }",OrientedPointTest::testSpan_oe
commons-geometry_2052,"@Test
    void testSimilarOrientation_oe() {
        // arrange
        final OrientedPoint negativeDir1 = OrientedPoints.fromPointAndDirection(Vector1D.of(1.0), false, TEST_PRECISION);
        final OrientedPoint negativeDir2 = OrientedPoints.fromPointAndDirection(Vector1D.of(-1.0), false, TEST_PRECISION);
        final OrientedPoint positiveDir1 = OrientedPoints.fromPointAndDirection(Vector1D.of(2.0), true, TEST_PRECISION);
        final OrientedPoint positiveDir2 = OrientedPoints.fromPointAndDirection(Vector1D.of(-2.0), true, TEST_PRECISION);

        // act/assert
        Assertions.assertTrue(negativeDir1.similarOrientation(negativeDir1));
        Assertions.assertTrue(negativeDir1.similarOrientation(negativeDir2));
        Assertions.assertTrue(negativeDir2.similarOrientation(negativeDir1));

        Assertions.assertTrue(positiveDir1.similarOrientation(positiveDir1));
        Assertions.assertTrue(positiveDir1.similarOrientation(positiveDir2));
        Assertions.assertTrue(positiveDir2.similarOrientation(positiveDir1));

        Assertions.assertFalse(negativeDir1.similarOrientation(positiveDir1));
        Assertions.assertFalse(positiveDir1.similarOrientation(negativeDir1));
    }",OrientedPointTest::testSimilarOrientation_oe
commons-geometry_2053,"@Test
    void testProject_oe() {
        // arrange
        final OrientedPoint pt = OrientedPoints.fromPointAndDirection(Vector1D.of(1.0), true, TEST_PRECISION);

        // act/assert
        Assertions.assertEquals(1.0, pt.project(Vector1D.of(-1.0)).getX(), Precision.EPSILON);
        Assertions.assertEquals(1.0, pt.project(Vector1D.of(0.0)).getX(), Precision.EPSILON);
        Assertions.assertEquals(1.0, pt.project(Vector1D.of(1.0)).getX(), Precision.EPSILON);
        Assertions.assertEquals(1.0, pt.project(Vector1D.of(100.0)).getX(), Precision.EPSILON);
    }",OrientedPointTest::testProject_oe
commons-geometry_2054,"@Test
    void testEq_oe() {
        // arrange
        final Precision.DoubleEquivalence precision = Precision.doubleEquivalenceOfEpsilon(1e-3);

        final OrientedPoint a = OrientedPoints.createPositiveFacing(0, precision);
        final OrientedPoint b = OrientedPoints.createPositiveFacing(0, TEST_PRECISION);

        final OrientedPoint c = OrientedPoints.createPositiveFacing(2e-3, precision);
        final OrientedPoint d = OrientedPoints.createNegativeFacing(0, precision);
        final OrientedPoint e = OrientedPoints.createPositiveFacing(1e-4, precision);

        // act/assert
        Assertions.assertTrue(a.eq(a, precision));
        Assertions.assertTrue(a.eq(b, precision));

        Assertions.assertFalse(a.eq(c, precision));
        Assertions.assertFalse(a.eq(d, precision));

        Assertions.assertTrue(a.eq(e, precision));
        Assertions.assertTrue(e.eq(a, precision));
    }",OrientedPointTest::testEq_oe
commons-geometry_2055,"@Test
    void testHashCode_oe() {
        // arrange
        final Precision.DoubleEquivalence precisionA = Precision.doubleEquivalenceOfEpsilon(1e-10);
        final Precision.DoubleEquivalence precisionB = Precision.doubleEquivalenceOfEpsilon(1e-15);

        final OrientedPoint a = OrientedPoints.fromPointAndDirection(Vector1D.of(3.0), true, precisionA);
        final OrientedPoint b = OrientedPoints.fromPointAndDirection(Vector1D.of(2.0), false, precisionA);
        final OrientedPoint c = OrientedPoints.fromPointAndDirection(Vector1D.of(2.0), true, precisionB);

        final OrientedPoint d = OrientedPoints.fromPointAndDirection(Vector1D.of(3.0), true, precisionA);
        final OrientedPoint e = OrientedPoints.fromPointAndDirection(Vector1D.of(2.0), false, precisionA);
        final OrientedPoint f = OrientedPoints.fromPointAndDirection(Vector1D.of(2.0), true, precisionB);

        // act/assert
        Assertions.assertNotEquals(a.hashCode(), b.hashCode());
        Assertions.assertNotEquals(b.hashCode(), c.hashCode());
        Assertions.assertNotEquals(c.hashCode(), a.hashCode());

        Assertions.assertEquals(a.hashCode(), d.hashCode());
        Assertions.assertEquals(b.hashCode(), e.hashCode());
        Assertions.assertEquals(c.hashCode(), f.hashCode());
    }",OrientedPointTest::testHashCode_oe
commons-geometry_2056,"@Test
    void testEquals_oe() {
        // arrange
        final Precision.DoubleEquivalence precisionA = Precision.doubleEquivalenceOfEpsilon(1e-10);
        final Precision.DoubleEquivalence precisionB = Precision.doubleEquivalenceOfEpsilon(1e-15);

        final OrientedPoint a = OrientedPoints.fromPointAndDirection(Vector1D.of(1.0), true, precisionA);
        final OrientedPoint b = OrientedPoints.fromPointAndDirection(Vector1D.of(2.0), true, precisionA);

        final OrientedPoint c = OrientedPoints.fromPointAndDirection(Vector1D.of(2.0), true, precisionA);
        final OrientedPoint d = OrientedPoints.fromPointAndDirection(Vector1D.of(2.0), false, precisionA);

        final OrientedPoint e = OrientedPoints.fromPointAndDirection(Vector1D.of(2.0), true, precisionA);
        final OrientedPoint f = OrientedPoints.fromPointAndDirection(Vector1D.of(2.0), true, precisionB);

        final OrientedPoint g = OrientedPoints.fromPointAndDirection(Vector1D.of(1.0), true, precisionA);

        // act/assert
        GeometryTestUtils.assertSimpleEqualsCases(a);

        Assertions.assertNotEquals(a, b);
        Assertions.assertNotEquals(c, d);
        Assertions.assertNotEquals(e, f);

        Assertions.assertEquals(a, g);
        Assertions.assertEquals(g, a);
    }",OrientedPointTest::testEquals_oe
commons-geometry_2057,"@Test
    void testToString_oe() {
        // arrange
        final OrientedPoint pt = OrientedPoints.fromPointAndDirection(Vector1D.of(2.0), true, TEST_PRECISION);

        // act
        final String str = pt.toString();

        // assert
        Assertions.assertTrue(str.contains(""OrientedPoint""));
        Assertions.assertTrue(str.contains(""point= (2.0)""));
        Assertions.assertTrue(str.contains(""direction= (1.0)""));
    }",OrientedPointTest::testToString_oe
commons-geometry_2058,"@Test
    void testFromLocationAndDirection_oe() {
        // act/assert
        assertOrientedPoint(OrientedPoints.fromLocationAndDirection(3.0, true, TEST_PRECISION),
                3.0, true, TEST_PRECISION);
        assertOrientedPoint(OrientedPoints.fromLocationAndDirection(2.0, false, TEST_PRECISION),
                2.0, false, TEST_PRECISION);
    }",OrientedPointTest::testFromLocationAndDirection_oe
commons-geometry_2059,"@Test
    void testFromPointAndDirection_pointAndBooleanArgs_oe() {
        // act/assert
        assertOrientedPoint(OrientedPoints.fromPointAndDirection(Vector1D.of(3.0), true, TEST_PRECISION),
                3.0, true, TEST_PRECISION);
        assertOrientedPoint(OrientedPoints.fromPointAndDirection(Vector1D.of(2.0), false, TEST_PRECISION),
                2.0, false, TEST_PRECISION);
    }",OrientedPointTest::testFromPointAndDirection_pointAndBooleanArgs_oe
commons-geometry_2060,"@Test
    void testFromPointAndDirection_pointAndVectorArgs_oe() {
        // act/assert
        assertOrientedPoint(OrientedPoints.fromPointAndDirection(Vector1D.of(-2.0), Vector1D.of(0.1), TEST_PRECISION),
                -2.0, true, TEST_PRECISION);
        assertOrientedPoint(OrientedPoints.fromPointAndDirection(Vector1D.of(2.0), Vector1D.of(-10.1), TEST_PRECISION),
                2.0, false, TEST_PRECISION);
    }",OrientedPointTest::testFromPointAndDirection_pointAndVectorArgs_oe
commons-geometry_2061,"@Test
    void testFromPointAndDirection_invalidDirection_oe() {
        // arrange
        final Precision.DoubleEquivalence precision = Precision.doubleEquivalenceOfEpsilon(0.1);

        // act/assert
        GeometryTestUtils.assertThrowsWithMessage(
            () -> OrientedPoints.fromPointAndDirection(Vector1D.of(2.0), Vector1D.of(0.09), precision),
            IllegalArgumentException.class, ""Oriented point direction cannot be zero"");
        GeometryTestUtils.assertThrowsWithMessage(
            () -> OrientedPoints.fromPointAndDirection(Vector1D.of(2.0), Vector1D.of(-0.09), precision),
            IllegalArgumentException.class, ""Oriented point direction cannot be zero"");
    }",OrientedPointTest::testFromPointAndDirection_invalidDirection_oe
commons-geometry_2062,"@Test
    void testCreatePositiveFacing_oe() {
        // act/assert
        assertOrientedPoint(OrientedPoints.createPositiveFacing(Vector1D.of(-2.0), TEST_PRECISION),
                -2.0, true, TEST_PRECISION);
        assertOrientedPoint(OrientedPoints.createPositiveFacing(-4.0, TEST_PRECISION),
                -4.0, true, TEST_PRECISION);
    }",OrientedPointTest::testCreatePositiveFacing_oe
commons-geometry_2063,"@Test
    void testCreateNegativeFacing_oe() {
        // act/assert
        assertOrientedPoint(OrientedPoints.createNegativeFacing(Vector1D.of(2.0), TEST_PRECISION),
                2.0, false, TEST_PRECISION);
        assertOrientedPoint(OrientedPoints.createNegativeFacing(4, TEST_PRECISION),
                4.0, false, TEST_PRECISION);
    }",OrientedPointTest::testCreateNegativeFacing_oe
commons-geometry_2064,"@Test
    void testSubset_simpleMethods_oe() {
        // arrange
        final OrientedPoint pt = OrientedPoints.createPositiveFacing(2, TEST_PRECISION);
        final HyperplaneConvexSubset<Vector1D> sub = pt.span();

        // act/assert
        Assertions.assertSame(pt, sub.getHyperplane());
        Assertions.assertFalse(sub.isFull());
        Assertions.assertFalse(sub.isEmpty());
        Assertions.assertFalse(sub.isInfinite());
        Assertions.assertTrue(sub.isFinite());
        Assertions.assertEquals(0.0, sub.getSize(), TEST_EPS);
        EuclideanTestUtils.assertCoordinatesEqual(Vector1D.of(2), sub.getCentroid(), TEST_EPS);

        final List<? extends HyperplaneConvexSubset<Vector1D>> list = sub.toConvex();
        Assertions.assertEquals(1, list.size());
        Assertions.assertSame(sub, list.get(0));
    }",OrientedPointTest::testSubset_simpleMethods_oe
commons-geometry_2065,"@Test
    void testSubset_classify_oe() {
        // arrange
        final Precision.DoubleEquivalence precision = Precision.doubleEquivalenceOfEpsilon(1e-1);
        final OrientedPoint pt = OrientedPoints.createPositiveFacing(1, precision);
        final HyperplaneConvexSubset<Vector1D> sub = pt.span();

        // act/assert
        Assertions.assertEquals(RegionLocation.BOUNDARY, sub.classify(Vector1D.of(0.95)));
        Assertions.assertEquals(RegionLocation.BOUNDARY, sub.classify(Vector1D.of(1)));
        Assertions.assertEquals(RegionLocation.BOUNDARY, sub.classify(Vector1D.of(1.05)));

        Assertions.assertEquals(RegionLocation.OUTSIDE, sub.classify(Vector1D.of(1.11)));
        Assertions.assertEquals(RegionLocation.OUTSIDE, sub.classify(Vector1D.of(0.89)));

        Assertions.assertEquals(RegionLocation.OUTSIDE, sub.classify(Vector1D.of(-3)));
        Assertions.assertEquals(RegionLocation.OUTSIDE, sub.classify(Vector1D.of(10)));

        Assertions.assertEquals(RegionLocation.OUTSIDE, sub.classify(Vector1D.NEGATIVE_INFINITY));
        Assertions.assertEquals(RegionLocation.OUTSIDE, sub.classify(Vector1D.POSITIVE_INFINITY));
    }",OrientedPointTest::testSubset_classify_oe
commons-geometry_2066,"@Test
    void testSubset_contains_oe() {
        // arrange
        final Precision.DoubleEquivalence precision = Precision.doubleEquivalenceOfEpsilon(1e-1);
        final OrientedPoint pt = OrientedPoints.createPositiveFacing(1, precision);
        final HyperplaneConvexSubset<Vector1D> sub = pt.span();

        // act/assert
        Assertions.assertTrue(sub.contains(Vector1D.of(0.95)));
        Assertions.assertTrue(sub.contains(Vector1D.of(1)));
        Assertions.assertTrue(sub.contains(Vector1D.of(1.05)));

        Assertions.assertFalse(sub.contains(Vector1D.of(1.11)));
        Assertions.assertFalse(sub.contains(Vector1D.of(0.89)));

        Assertions.assertFalse(sub.contains(Vector1D.of(-3)));
        Assertions.assertFalse(sub.contains(Vector1D.of(10)));

        Assertions.assertFalse(sub.contains(Vector1D.NEGATIVE_INFINITY));
        Assertions.assertFalse(sub.contains(Vector1D.POSITIVE_INFINITY));
    }",OrientedPointTest::testSubset_contains_oe
commons-geometry_2067,"@Test
    void testSubset_closestContained_oe() {
        // arrange
        final Precision.DoubleEquivalence precision = Precision.doubleEquivalenceOfEpsilon(1e-1);
        final OrientedPoint pt = OrientedPoints.createPositiveFacing(1, precision);
        final HyperplaneConvexSubset<Vector1D> sub = pt.span();

        // act/assert
        EuclideanTestUtils.assertCoordinatesEqual(Vector1D.of(1), sub.closest(Vector1D.NEGATIVE_INFINITY), TEST_EPS);
        EuclideanTestUtils.assertCoordinatesEqual(Vector1D.of(1), sub.closest(Vector1D.of(0)), TEST_EPS);
        EuclideanTestUtils.assertCoordinatesEqual(Vector1D.of(1), sub.closest(Vector1D.of(1)), TEST_EPS);
        EuclideanTestUtils.assertCoordinatesEqual(Vector1D.of(1), sub.closest(Vector1D.of(2)), TEST_EPS);
        EuclideanTestUtils.assertCoordinatesEqual(Vector1D.of(1), sub.closest(Vector1D.POSITIVE_INFINITY), TEST_EPS);
    }",OrientedPointTest::testSubset_closestContained_oe
commons-geometry_2068,"@Test
    void testSubset_transform_oe() {
        // arrange
        final AffineTransformMatrix1D scaleAndTranslate = AffineTransformMatrix1D
                .createScale(0.5)
                .translate(-10);

        final AffineTransformMatrix1D reflect = AffineTransformMatrix1D.createScale(-2);

        final HyperplaneConvexSubset<Vector1D> a =
                OrientedPoints.createPositiveFacing(Vector1D.of(2.0), TEST_PRECISION).span();
        final HyperplaneConvexSubset<Vector1D> b =
                OrientedPoints.createNegativeFacing(Vector1D.of(-3.0), TEST_PRECISION).span();

        // act/assert
        assertOrientedPoint((OrientedPoint) a.transform(scaleAndTranslate).getHyperplane(),
                -9.0, true, TEST_PRECISION);
        assertOrientedPoint((OrientedPoint) b.transform(scaleAndTranslate).getHyperplane(),
                -11.5, false, TEST_PRECISION);

        assertOrientedPoint((OrientedPoint) a.transform(reflect).getHyperplane(), -4.0, false, TEST_PRECISION);
        assertOrientedPoint((OrientedPoint) b.transform(reflect).getHyperplane(), 6.0, true, TEST_PRECISION);
    }",OrientedPointTest::testSubset_transform_oe
commons-geometry_2069,"@Test
    void testSubset_reverse_oe() {
        // arrange
        final OrientedPoint pt = OrientedPoints.createPositiveFacing(2.0, TEST_PRECISION);
        final HyperplaneConvexSubset<Vector1D> sub = pt.span();

        // act
        final HyperplaneConvexSubset<Vector1D> result = sub.reverse();

        // assert
        Assertions.assertEquals(2.0, ((OrientedPoint) result.getHyperplane()).getLocation(), TEST_EPS);
        Assertions.assertFalse(((OrientedPoint) result.getHyperplane()).isPositiveFacing());

        Assertions.assertEquals(sub.getHyperplane(), result.reverse().getHyperplane());
    }",OrientedPointTest::testSubset_reverse_oe
commons-geometry_2070,"@Test
    void testSubset_toString_oe() {
        // arrange
        final OrientedPoint pt = OrientedPoints.createPositiveFacing(2, TEST_PRECISION);
        final HyperplaneConvexSubset<Vector1D> sub = pt.span();

        // act
        final String str = sub.toString();

        //assert
        Assertions.assertTrue(str.contains(""OrientedPointConvexSubset""));
        Assertions.assertTrue(str.contains(""point= (2.0)""));
        Assertions.assertTrue(str.contains(""direction= (1.0)""));
    }",OrientedPointTest::testSubset_toString_oe
commons-geometry_2071,"@Test
    void testUnitSquare_oe() {
        // act
        final Parallelogram box = Parallelogram.unitSquare(TEST_PRECISION);

        // assert
        Assertions.assertEquals(1, box.getSize(), TEST_EPS);
        Assertions.assertEquals(4, box.getBoundarySize(), TEST_EPS);
        EuclideanTestUtils.assertCoordinatesEqual(Vector2D.ZERO, box.getCentroid(), TEST_EPS);

        final List<Vector2D> vertices = box.getVertices();
        Assertions.assertEquals(4, vertices.size());
        EuclideanTestUtils.assertCoordinatesEqual(Vector2D.of(-0.5, -0.5), vertices.get(0), TEST_EPS);
        EuclideanTestUtils.assertCoordinatesEqual(Vector2D.of(0.5, -0.5), vertices.get(1), TEST_EPS);
        EuclideanTestUtils.assertCoordinatesEqual(Vector2D.of(0.5, 0.5), vertices.get(2), TEST_EPS);
        EuclideanTestUtils.assertCoordinatesEqual(Vector2D.of(-0.5, 0.5), vertices.get(3), TEST_EPS);
    }",ParallelogramTest::testUnitSquare_oe
commons-geometry_2072,"@Test
    void testFromTransformedUnitSquare_oe() {
        // arrange
        final AffineTransformMatrix2D t = AffineTransformMatrix2D.createTranslation(Vector2D.of(1, 0))
                .rotate(Math.PI * 0.25)
                .scale(Vector2D.of(2, 1));

        // act
        final Parallelogram p = Parallelogram.fromTransformedUnitSquare(t, TEST_PRECISION);

        // assert
        final double sqrt2 = Math.sqrt(2);
        final double invSqrt2 = 1 / sqrt2;

        Assertions.assertEquals(2, p.getSize(), TEST_EPS);
        Assertions.assertEquals(4 * Math.sqrt(2.5), p.getBoundarySize(), TEST_EPS);
        EuclideanTestUtils.assertCoordinatesEqual(Vector2D.of(2 * invSqrt2, invSqrt2), p.getCentroid(), TEST_EPS);

        final List<Vector2D> vertices = p.getVertices();
        Assertions.assertEquals(4, vertices.size());
        EuclideanTestUtils.assertCoordinatesEqual(Vector2D.of(0, invSqrt2), vertices.get(0), TEST_EPS);
        EuclideanTestUtils.assertCoordinatesEqual(Vector2D.of(2 * invSqrt2, 0), vertices.get(1), TEST_EPS);
        EuclideanTestUtils.assertCoordinatesEqual(Vector2D.of(2 * sqrt2, invSqrt2), vertices.get(2), TEST_EPS);
        EuclideanTestUtils.assertCoordinatesEqual(Vector2D.of(2 * invSqrt2, sqrt2), vertices.get(3), TEST_EPS);
    }",ParallelogramTest::testFromTransformedUnitSquare_oe
commons-geometry_2073,"@Test
    void testFromTransformedUnitSquare_transformDoesNotPreserveOrientation_oe() {
        // arrange
        final AffineTransformMatrix2D t = AffineTransformMatrix2D.createTranslation(Vector2D.of(1, 0))
                .rotate(Math.PI * 0.25)
                .scale(Vector2D.of(-2, 1));

        // act
        final Parallelogram p = Parallelogram.fromTransformedUnitSquare(t, TEST_PRECISION);

        // assert
        final double sqrt2 = Math.sqrt(2);
        final double invSqrt2 = 1 / sqrt2;

        Assertions.assertEquals(2, p.getSize(), TEST_EPS);
        Assertions.assertEquals(4 * Math.sqrt(2.5), p.getBoundarySize(), TEST_EPS);
        EuclideanTestUtils.assertCoordinatesEqual(Vector2D.of(-2 * invSqrt2, invSqrt2), p.getCentroid(), TEST_EPS);

        final List<Vector2D> vertices = p.getVertices();
        Assertions.assertEquals(4, vertices.size());
        EuclideanTestUtils.assertCoordinatesEqual(Vector2D.of(-2 * sqrt2, invSqrt2), vertices.get(0), TEST_EPS);
        EuclideanTestUtils.assertCoordinatesEqual(Vector2D.of(-2 * invSqrt2, 0), vertices.get(1), TEST_EPS);
        EuclideanTestUtils.assertCoordinatesEqual(Vector2D.of(0, invSqrt2), vertices.get(2), TEST_EPS);
        EuclideanTestUtils.assertCoordinatesEqual(Vector2D.of(-2 * invSqrt2, sqrt2), vertices.get(3), TEST_EPS);
    }",ParallelogramTest::testFromTransformedUnitSquare_transformDoesNotPreserveOrientation_oe
commons-geometry_2074,"@Test
    void testFromTransformedUnitSquare_zeroSizeRegion_oe() {
        // act/assert
        Assertions.assertThrows(IllegalArgumentException.class, () ->  Parallelogram.fromTransformedUnitSquare(AffineTransformMatrix2D.createScale(Vector2D.of(1e-16, 1)),
                TEST_PRECISION));

        Assertions.assertThrows(IllegalArgumentException.class, () ->  Parallelogram.fromTransformedUnitSquare(AffineTransformMatrix2D.createScale(Vector2D.of(1, 1e-16)),
                TEST_PRECISION));
    }",ParallelogramTest::testFromTransformedUnitSquare_zeroSizeRegion_oe
commons-geometry_2075,"@Test
    void testAxisAligned_minFirst_oe() {
        // act
        final Parallelogram box = Parallelogram.axisAligned(Vector2D.of(1, 2), Vector2D.of(3, 4), TEST_PRECISION);

        // assert
        Assertions.assertEquals(1, box.getBoundaryPaths().size());
        final LinePath path = box.getBoundaryPaths().get(0);

        final List<LineConvexSubset> segments = path.getElements();
        Assertions.assertEquals(4, segments.size());

        assertSegment(segments.get(0), Vector2D.of(1, 2), Vector2D.of(3, 2));
        assertSegment(segments.get(1), Vector2D.of(3, 2), Vector2D.of(3, 4));
        assertSegment(segments.get(2), Vector2D.of(3, 4), Vector2D.of(1, 4));
        assertSegment(segments.get(3), Vector2D.of(1, 4), Vector2D.of(1, 2));
    }",ParallelogramTest::testAxisAligned_minFirst_oe
commons-geometry_2076,"@Test
    void testAxisAligned_maxFirst_oe() {
        // act
        final Parallelogram box = Parallelogram.axisAligned(Vector2D.ZERO, Vector2D.of(-1, -2), TEST_PRECISION);

        // assert
        Assertions.assertEquals(1, box.getBoundaryPaths().size());
        final LinePath path = box.getBoundaryPaths().get(0);

        final List<LineConvexSubset> segments = path.getElements();
        Assertions.assertEquals(4, segments.size());

        assertSegment(segments.get(0), Vector2D.of(-1, -2), Vector2D.of(0, -2));
        assertSegment(segments.get(1), Vector2D.of(0, -2), Vector2D.ZERO);
        assertSegment(segments.get(2), Vector2D.ZERO, Vector2D.of(-1, 0));
        assertSegment(segments.get(3), Vector2D.of(-1, 0), Vector2D.of(-1, -2));
    }",ParallelogramTest::testAxisAligned_maxFirst_oe
commons-geometry_2077,"@Test
    void testAxisAligned_illegalArgs_oe() {
        // act/assert

        Assertions.assertThrows(IllegalArgumentException.class, () ->  Parallelogram.axisAligned(Vector2D.of(1, 1), Vector2D.of(1, 3), TEST_PRECISION));
        Assertions.assertThrows(IllegalArgumentException.class, () ->  Parallelogram.axisAligned(Vector2D.of(1, 1), Vector2D.of(3, 1), TEST_PRECISION));
        Assertions.assertThrows(IllegalArgumentException.class, () ->  Parallelogram.axisAligned(Vector2D.of(2, 3), Vector2D.of(2, 3), TEST_PRECISION));
    }",ParallelogramTest::testAxisAligned_illegalArgs_oe
commons-geometry_2078,"@Test
    void testBuilder_defaultValues_oe() {
        // arrange
        final Parallelogram.Builder builder = Parallelogram.builder(TEST_PRECISION);

        // act
        final Parallelogram p = builder.build();

        // assert
        Assertions.assertEquals(1, p.getSize(), TEST_EPS);
        Assertions.assertEquals(4, p.getBoundarySize(), TEST_EPS);
        EuclideanTestUtils.assertCoordinatesEqual(Vector2D.ZERO, p.getCentroid(), TEST_EPS);

        final List<Vector2D> vertices = p.getVertices();
        Assertions.assertEquals(4, vertices.size());
        EuclideanTestUtils.assertCoordinatesEqual(Vector2D.of(-0.5, -0.5), vertices.get(0), TEST_EPS);
        EuclideanTestUtils.assertCoordinatesEqual(Vector2D.of(0.5, -0.5), vertices.get(1), TEST_EPS);
        EuclideanTestUtils.assertCoordinatesEqual(Vector2D.of(0.5, 0.5), vertices.get(2), TEST_EPS);
        EuclideanTestUtils.assertCoordinatesEqual(Vector2D.of(-0.5, 0.5), vertices.get(3), TEST_EPS);
    }",ParallelogramTest::testBuilder_defaultValues_oe
commons-geometry_2079,"@Test
    void testBuilder_rotatedRect_withXDirection_oe() {
        // arrange
        final Parallelogram.Builder builder = Parallelogram.builder(TEST_PRECISION);

        // act
        final Parallelogram p = builder
                .setScale(1, 2)
                .setXDirection(Vector2D.Unit.PLUS_Y)
                .setPosition(Vector2D.of(1, 2))
                .build();

        // assert
        Assertions.assertEquals(2, p.getSize(), TEST_EPS);
        Assertions.assertEquals(6, p.getBoundarySize(), TEST_EPS);
        EuclideanTestUtils.assertCoordinatesEqual(Vector2D.of(1, 2), p.getCentroid(), TEST_EPS);

        final List<Vector2D> vertices = p.getVertices();
        Assertions.assertEquals(4, vertices.size());
        EuclideanTestUtils.assertCoordinatesEqual(Vector2D.of(0, 1.5), vertices.get(0), TEST_EPS);
        EuclideanTestUtils.assertCoordinatesEqual(Vector2D.of(2, 1.5), vertices.get(1), TEST_EPS);
        EuclideanTestUtils.assertCoordinatesEqual(Vector2D.of(2, 2.5), vertices.get(2), TEST_EPS);
        EuclideanTestUtils.assertCoordinatesEqual(Vector2D.of(0, 2.5), vertices.get(3), TEST_EPS);
    }",ParallelogramTest::testBuilder_rotatedRect_withXDirection_oe
commons-geometry_2080,"@Test
    void testBuilder_rotatedRect_withYDirection_oe() {
        // arrange
        final Parallelogram.Builder builder = Parallelogram.builder(TEST_PRECISION);

        // act
        final Parallelogram p = builder
                .setScale(Vector2D.of(2, 1))
                .setYDirection(Vector2D.Unit.MINUS_X)
                .setPosition(Vector2D.of(1, 2))
                .build();

        // assert
        Assertions.assertEquals(2, p.getSize(), TEST_EPS);
        Assertions.assertEquals(6, p.getBoundarySize(), TEST_EPS);
        EuclideanTestUtils.assertCoordinatesEqual(Vector2D.of(1, 2), p.getCentroid(), TEST_EPS);

        final List<Vector2D> vertices = p.getVertices();
        Assertions.assertEquals(4, vertices.size());
        EuclideanTestUtils.assertCoordinatesEqual(Vector2D.of(0.5, 1), vertices.get(0), TEST_EPS);
        EuclideanTestUtils.assertCoordinatesEqual(Vector2D.of(1.5, 1), vertices.get(1), TEST_EPS);
        EuclideanTestUtils.assertCoordinatesEqual(Vector2D.of(1.5, 3), vertices.get(2), TEST_EPS);
        EuclideanTestUtils.assertCoordinatesEqual(Vector2D.of(0.5, 3), vertices.get(3), TEST_EPS);
    }",ParallelogramTest::testBuilder_rotatedRect_withYDirection_oe
commons-geometry_2081,"@Test
    void testBuilder_rotatedRect_withRotation_oe() {
        // arrange
        final Parallelogram.Builder builder = Parallelogram.builder(TEST_PRECISION);

        // act
        final Parallelogram p = builder
                .setScale(2)
                .setRotation(Rotation2D.of(0.25 * Math.PI))
                .setPosition(Vector2D.of(1, 2))
                .build();

        // assert
        Assertions.assertEquals(4, p.getSize(), TEST_EPS);
        Assertions.assertEquals(8, p.getBoundarySize(), TEST_EPS);
        EuclideanTestUtils.assertCoordinatesEqual(Vector2D.of(1, 2), p.getCentroid(), TEST_EPS);

        final List<Vector2D> vertices = p.getVertices();
        Assertions.assertEquals(4, vertices.size());

        final double sqrt2 = Math.sqrt(2);
        EuclideanTestUtils.assertCoordinatesEqual(Vector2D.of(1 - sqrt2, 2), vertices.get(0), TEST_EPS);
        EuclideanTestUtils.assertCoordinatesEqual(Vector2D.of(1, 2 - sqrt2), vertices.get(1), TEST_EPS);
        EuclideanTestUtils.assertCoordinatesEqual(Vector2D.of(1 + sqrt2, 2), vertices.get(2), TEST_EPS);
        EuclideanTestUtils.assertCoordinatesEqual(Vector2D.of(1, 2 + sqrt2), vertices.get(3), TEST_EPS);
    }",ParallelogramTest::testBuilder_rotatedRect_withRotation_oe
commons-geometry_2082,"@Test
    void testToTree_oe() {
        // act
        final RegionBSPTree2D tree = Parallelogram.axisAligned(Vector2D.ZERO, Vector2D.of(1, 4), TEST_PRECISION)
                .toTree();

        // assert
        Assertions.assertFalse(tree.isFull());
        Assertions.assertFalse(tree.isEmpty());

        Assertions.assertEquals(4, tree.getSize(), TEST_EPS);
        EuclideanTestUtils.assertCoordinatesEqual(Vector2D.of(0.5, 2), tree.getCentroid(), TEST_EPS);
    }",ParallelogramTest::testToTree_oe
commons-geometry_2083,"@Test
    void testFrom_oe() {
        // arrange
        final Vector2D center = Vector2D.of(1, 2);

        // act
        final Circle c = Circle.from(center, 3, TEST_PRECISION);

        // act/assert
        Assertions.assertFalse(c.isFull());
        Assertions.assertFalse(c.isEmpty());

        Assertions.assertSame(center, c.getCenter());
        Assertions.assertSame(center, c.getCentroid());

        Assertions.assertEquals(3, c.getRadius(), 0.0);

        Assertions.assertSame(TEST_PRECISION, c.getPrecision());
    }",CircleTest::testFrom_oe
commons-geometry_2084,"@Test
    void testFrom_illegalCenter_oe() {
        // act/assert
        Assertions.assertThrows(IllegalArgumentException.class, () -> Circle.from(Vector2D.of(Double.POSITIVE_INFINITY, 1), 1, TEST_PRECISION));
        Assertions.assertThrows(IllegalArgumentException.class, () -> Circle.from(Vector2D.of(Double.NaN, 1), 1, TEST_PRECISION));
    }",CircleTest::testFrom_illegalCenter_oe
commons-geometry_2085,"@Test
    void testFrom_illegalRadius_oe() {
        // arrange
        final Precision.DoubleEquivalence precision = Precision.doubleEquivalenceOfEpsilon(1e-2);

        // act/assert
        Assertions.assertThrows(IllegalArgumentException.class, () -> Circle.from(Vector2D.ZERO, -1, TEST_PRECISION));
        Assertions.assertThrows(IllegalArgumentException.class, () -> Circle.from(Vector2D.ZERO, 0, TEST_PRECISION));
        Assertions.assertThrows(IllegalArgumentException.class, () -> Circle.from(Vector2D.ZERO, Double.POSITIVE_INFINITY, TEST_PRECISION));
        Assertions.assertThrows(IllegalArgumentException.class, () -> Circle.from(Vector2D.ZERO, Double.NaN, TEST_PRECISION));
        Assertions.assertThrows(IllegalArgumentException.class, () -> Circle.from(Vector2D.ZERO, 1e-3, precision));
    }",CircleTest::testFrom_illegalRadius_oe
commons-geometry_2086,"@Test
    void testGeometricProperties_oe() {
        // arrange
        final double r = 2;
        final Circle c = Circle.from(Vector2D.of(1, 2), r, TEST_PRECISION);

        // act/assert
        Assertions.assertEquals(2 * Math.PI * r, c.getBoundarySize(), TEST_EPS);
        Assertions.assertEquals(Math.PI * r * r, c.getSize(), TEST_EPS);
    }",CircleTest::testGeometricProperties_oe
commons-geometry_2087,"@Test
    void testClassify_oe() {
        // arrange
        final Circle c = Circle.from(Vector2D.of(1, 2), 1, TEST_PRECISION);

        // act/assert
        EuclideanTestUtils.assertRegionLocation(c, RegionLocation.INSIDE,
                Vector2D.of(1, 2),
                Vector2D.of(0.5, 2), Vector2D.of(1.5, 2),
                Vector2D.of(1, 1.5), Vector2D.of(1, 2.5),
                Vector2D.of(0.5, 1.5), Vector2D.of(1.5, 2.5),
                Vector2D.of(0.5, 2.5), Vector2D.of(1.5, 1.5));

        EuclideanTestUtils.assertRegionLocation(c, RegionLocation.OUTSIDE,
                Vector2D.of(-0.5, 2), Vector2D.of(2.5, 2),
                Vector2D.of(1, 0.5), Vector2D.of(1, 3.5),
                Vector2D.of(0.25, 1.25), Vector2D.of(1.75, 2.75),
                Vector2D.of(0.25, 2.75), Vector2D.of(1.75, 1.25));

        for (double angle = 0; angle < Angle.TWO_PI; angle += 0.1) {
            EuclideanTestUtils.assertRegionLocation(c, RegionLocation.BOUNDARY,
                    c.getCenter().add(PolarCoordinates.of(1, angle).toCartesian()));
        }
    }",CircleTest::testClassify_oe
commons-geometry_2088,"@Test
    void testProject_oe() {
        // arrange
        final Vector2D center = Vector2D.of(1.5, 2.5);
        final double radius = 3;
        final Circle c = Circle.from(center, radius, TEST_PRECISION);

        EuclideanTestUtils.permute(-4, 4, 1, (x, y) -> {
            final Vector2D pt = Vector2D.of(x, y);

            // act
            final Vector2D projection = c.project(pt);

            // assert
            Assertions.assertEquals(radius, center.distance(projection), TEST_EPS);
            EuclideanTestUtils.assertCoordinatesEqual(center.directionTo(pt),
                    center.directionTo(projection), TEST_EPS);
        });
    }",CircleTest::testProject_oe
commons-geometry_2089,"@Test
    void testProject_argumentEqualsCenter_oe() {
        // arrange
        final Circle c = Circle.from(Vector2D.of(1, 2), 2, TEST_PRECISION);

        // act
        final Vector2D projection = c.project(Vector2D.of(1, 2));

        // assert
        EuclideanTestUtils.assertCoordinatesEqual(Vector2D.of(3, 2), projection, TEST_EPS);
    }",CircleTest::testProject_argumentEqualsCenter_oe
commons-geometry_2090,"@Test
    void testToTree_threeSegments_oe() {
        // arrange
        final Circle c = Circle.from(Vector2D.of(2, 1), 2, TEST_PRECISION);

        // act
        final RegionBSPTree2D tree = c.toTree(3);

        // assert
        checkBasicApproximationProperties(c, tree);

        final List<LineConvexSubset> segments = new ArrayList<>(tree.getBoundaries());
        segments.sort(SEGMENT_DIRECTION_COMPARATOR);

        Assertions.assertEquals(3, segments.size());

        final double inc = Angle.TWO_PI / 3.0;
        final Vector2D p0 = Vector2D.of(4, 1);
        final Vector2D p1 = Vector2D.of(
                (2 * Math.cos(inc)) + 2,
                (2 * Math.sin(inc)) + 1);
        final Vector2D p2 = Vector2D.of(
                (2 * Math.cos(2 * inc)) + 2,
                (2 * Math.sin(2 * inc)) + 1);

        assertFiniteSegment(segments.get(0), p0, p1);
        assertFiniteSegment(segments.get(1), p1, p2);
        assertFiniteSegment(segments.get(2), p2, p0);
    }",CircleTest::testToTree_threeSegments_oe
commons-geometry_2091,"@Test
    void testToTree_fourSegments_oe() {
        // arrange
        final Circle c = Circle.from(Vector2D.of(2, 1), 2, TEST_PRECISION);

        // act
        final RegionBSPTree2D tree = c.toTree(4);

        // assert
        checkBasicApproximationProperties(c, tree);

        final List<LineConvexSubset> segments = new ArrayList<>(tree.getBoundaries());
        segments.sort(SEGMENT_DIRECTION_COMPARATOR);

        Assertions.assertEquals(4, segments.size());

        final Vector2D p0 = Vector2D.of(4, 1);
        final Vector2D p1 = Vector2D.of(2, 3);
        final Vector2D p2 = Vector2D.of(0, 1);
        final Vector2D p3 = Vector2D.of(2, -1);

        assertFiniteSegment(segments.get(0), p1, p2);
        assertFiniteSegment(segments.get(1), p0, p1);
        assertFiniteSegment(segments.get(2), p2, p3);
        assertFiniteSegment(segments.get(3), p3, p0);
    }",CircleTest::testToTree_fourSegments_oe
commons-geometry_2092,"@Test
    void testToTree_multipleApproximationSizes_oe() {
        // -- arrange
        final Circle c = Circle.from(Vector2D.of(-3, 5), 10, TEST_PRECISION);

        final int min = 5;
        final int max = 100;

        RegionBSPTree2D tree;

        double sizeDiff;
        double prevSizeDiff = Double.POSITIVE_INFINITY;

        for (int n = min; n <= max; ++n) {
            // -- act
            tree = c.toTree(n);

            // -- assert
            checkBasicApproximationProperties(c, tree);

            // check that we get closer and closer to the correct size as we add more segments
            sizeDiff = c.getSize() - tree.getSize();
            Assertions.assertTrue(sizeDiff < prevSizeDiff, ""Expected size difference to decrease"");

            prevSizeDiff = sizeDiff;
        }
    }",CircleTest::testToTree_multipleApproximationSizes_oe
commons-geometry_2093,"@Test
    void testToTree_closeApproximation_oe() {
        // arrange
        final Circle c = Circle.from(Vector2D.of(-2, 0), 1, TEST_PRECISION);

        // act
        final RegionBSPTree2D tree = c.toTree(100);

        // assert
        checkBasicApproximationProperties(c, tree);

        final double eps = 5e-3;
        Assertions.assertEquals(c.getSize(), tree.getSize(), eps);
        Assertions.assertEquals(c.getBoundarySize(), tree.getBoundarySize(), eps);
        EuclideanTestUtils.assertCoordinatesEqual(c.getCentroid(), tree.getCentroid(), eps);
    }",CircleTest::testToTree_closeApproximation_oe
commons-geometry_2094,"@Test
    void testToTree_invalidSegmentCount_oe() {
        // arrange
        final Circle c = Circle.from(Vector2D.of(2, 1), 2, TEST_PRECISION);
        final String baseMsg = ""Circle approximation segment number must be greater than or equal to 3; was "";

        // act/assert
        GeometryTestUtils.assertThrowsWithMessage(() -> {
            c.toTree(2);
        }, IllegalArgumentException.class, baseMsg + ""2"");
        GeometryTestUtils.assertThrowsWithMessage(() -> {
            c.toTree(-1);
        }, IllegalArgumentException.class, baseMsg + ""-1"");
    }",CircleTest::testToTree_invalidSegmentCount_oe
commons-geometry_2095,"@Test
    void testHashCode_oe() {
        // arrange
        final Precision.DoubleEquivalence precision = Precision.doubleEquivalenceOfEpsilon(1e-2);

        final Circle a = Circle.from(Vector2D.of(1, 2), 3, TEST_PRECISION);
        final Circle b = Circle.from(Vector2D.of(1, 1), 3, TEST_PRECISION);
        final Circle c = Circle.from(Vector2D.of(1, 2), 4, TEST_PRECISION);
        final Circle d = Circle.from(Vector2D.of(1, 2), 3, precision);
        final Circle e = Circle.from(Vector2D.of(1, 2), 3, TEST_PRECISION);

        // act
        final int hash = a.hashCode();

        // act/assert
        Assertions.assertEquals(hash, a.hashCode());

        Assertions.assertNotEquals(hash, b.hashCode());
        Assertions.assertNotEquals(hash, c.hashCode());
        Assertions.assertNotEquals(hash, d.hashCode());

        Assertions.assertEquals(hash, e.hashCode());
    }",CircleTest::testHashCode_oe
commons-geometry_2096,"@Test
    void testEquals_oe() {
        // arrange
        final Precision.DoubleEquivalence precision = Precision.doubleEquivalenceOfEpsilon(1e-2);

        final Circle a = Circle.from(Vector2D.of(1, 2), 3, TEST_PRECISION);
        final Circle b = Circle.from(Vector2D.of(1, 1), 3, TEST_PRECISION);
        final Circle c = Circle.from(Vector2D.of(1, 2), 4, TEST_PRECISION);
        final Circle d = Circle.from(Vector2D.of(1, 2), 3, precision);
        final Circle e = Circle.from(Vector2D.of(1, 2), 3, TEST_PRECISION);

        // act/assert
        GeometryTestUtils.assertSimpleEqualsCases(a);

        Assertions.assertNotEquals(a, b);
        Assertions.assertNotEquals(a, c);
        Assertions.assertNotEquals(a, d);

        Assertions.assertEquals(a, e);
    }",CircleTest::testEquals_oe
commons-geometry_2097,"@Test
    void testToString_oe() {
        // arrange
        final Circle c = Circle.from(Vector2D.of(1, 2), 3, TEST_PRECISION);

        // act
        final String str = c.toString();

        // assert
        Assertions.assertEquals(""Circle[center= (1.0, 2.0), radius= 3.0]"", str);
    }",CircleTest::testToString_oe
commons-geometry_2098,"@Test
    void testConnectAll_noSegments_oe() {
        runWithMaxAndMin(connector -> {
            // arrange
            final List<LineConvexSubset> segments = new ArrayList<>();

            // act
            final List<LinePath> paths = connector.connectAll(segments);

            // assert
            Assertions.assertEquals(0, paths.size());
        });
    }",InteriorAngleLinePathConnectorTest::testConnectAll_noSegments_oe
commons-geometry_2099,"@Test
    void testConnectAll_singleFiniteSegment_oe() {
        runWithMaxAndMin(connector -> {
            // arrange
            final List<LineConvexSubset> segments = Collections.singletonList(
                    Lines.segmentFromPoints(Vector2D.ZERO, Vector2D.Unit.PLUS_X, TEST_PRECISION)
            );

            // act
            final List<LinePath> paths = connector.connectAll(segments);

            // assert
            Assertions.assertEquals(1, paths.size());

            assertFinitePath(paths.get(0), Vector2D.ZERO, Vector2D.Unit.PLUS_X);
        });
    }",InteriorAngleLinePathConnectorTest::testConnectAll_singleFiniteSegment_oe
commons-geometry_2100,"@Test
    void testConnectAll_dualConnectedSegments_oe() {
        runWithMaxAndMin(connector -> {
            // arrange
            final List<LineConvexSubset> segments = Arrays.asList(
                        Lines.segmentFromPoints(Vector2D.ZERO, Vector2D.Unit.PLUS_X, TEST_PRECISION),
                        Lines.segmentFromPoints(Vector2D.Unit.PLUS_X, Vector2D.ZERO, TEST_PRECISION)
                    );

            // act
            final List<LinePath> paths = connector.connectAll(segments);

            // assert
            Assertions.assertEquals(1, paths.size());

            Assertions.assertTrue(paths.get(0).isClosed());
            assertFinitePath(paths.get(0), Vector2D.ZERO, Vector2D.Unit.PLUS_X, Vector2D.ZERO);
        });
    }",InteriorAngleLinePathConnectorTest::testConnectAll_dualConnectedSegments_oe
commons-geometry_2101,"@Test
    void testConnectAll_singleFiniteSegmentLoop_oe() {
        runWithMaxAndMin(connector -> {
            // arrange
            final List<LineConvexSubset> segments = shuffle(createSquare(Vector2D.ZERO, 1, 1));

            // act
            final List<LinePath> paths = connector.connectAll(segments);

            // assert
            Assertions.assertEquals(1, paths.size());

            assertFinitePath(paths.get(0),
                    Vector2D.ZERO, Vector2D.Unit.PLUS_X, Vector2D.of(1, 1),
                    Vector2D.of(0, 1), Vector2D.ZERO);
        });
    }",InteriorAngleLinePathConnectorTest::testConnectAll_singleFiniteSegmentLoop_oe
commons-geometry_2102,"@Test
    void testConnectAll_disjointPaths_oe() {
        runWithMaxAndMin(connector -> {
            // arrange
            final List<LineConvexSubset> segments = new ArrayList<>(createSquare(Vector2D.ZERO, 1, 1));

            final Vector2D pt = Vector2D.of(0, 2);
            final ReverseRay a = Lines.fromPointAndAngle(pt, 0.0, TEST_PRECISION).reverseRayTo(pt);
            final Ray b = Lines.fromPointAndAngle(pt, Angle.PI_OVER_TWO, TEST_PRECISION).rayFrom(pt);

            segments.add(a);
            segments.add(b);

            shuffle(segments);

            // act
            final List<LinePath> paths = connector.connectAll(segments);

            // assert
            Assertions.assertEquals(2, paths.size());

            assertFinitePath(paths.get(0),
                    Vector2D.ZERO, Vector2D.Unit.PLUS_X, Vector2D.of(1, 1),
                    Vector2D.of(0, 1), Vector2D.ZERO);

            assertInfinitePath(paths.get(1), a, b, pt);
        });
    }",InteriorAngleLinePathConnectorTest::testConnectAll_disjointPaths_oe
commons-geometry_2103,"@Test
    void testConnectAll_squaresJoinedAtVertex_maximize_oe() {
        // arrange
        final Maximize connector = new Maximize();

        final List<LineConvexSubset> segments = new ArrayList<>();
        segments.addAll(createSquare(Vector2D.ZERO, 1, 1));
        segments.addAll(createSquare(Vector2D.of(1, 1), 1, 1));

        shuffle(segments);

        // act
        final List<LinePath> paths = connector.connectAll(segments);

        // assert
        Assertions.assertEquals(1, paths.size());

        assertFinitePath(paths.get(0),
                Vector2D.ZERO, Vector2D.Unit.PLUS_X, Vector2D.of(1, 1),
                Vector2D.of(2, 1), Vector2D.of(2, 2),
                Vector2D.of(1, 2), Vector2D.of(1, 1),
                Vector2D.of(0, 1), Vector2D.ZERO);
    }",InteriorAngleLinePathConnectorTest::testConnectAll_squaresJoinedAtVertex_maximize_oe
commons-geometry_2104,"@Test
    void testConnectAll_multipleSegmentsAtVertex_maximize_oe() {
        // arrange
        final Maximize connector = new Maximize();

        final List<LineConvexSubset> segments = new ArrayList<>();
        segments.add(Lines.segmentFromPoints(Vector2D.ZERO, Vector2D.of(2, 2), TEST_PRECISION));

        segments.add(Lines.segmentFromPoints(Vector2D.of(2, 2), Vector2D.of(2, 4), TEST_PRECISION));
        segments.add(Lines.segmentFromPoints(Vector2D.of(2, 2), Vector2D.of(1, 3), TEST_PRECISION));

        // act
        final List<LinePath> paths = connector.connectAll(segments);

        // assert
        Assertions.assertEquals(2, paths.size());

        assertFinitePath(paths.get(0),
                Vector2D.ZERO, Vector2D.of(2, 2), Vector2D.of(2, 4));

        assertFinitePath(paths.get(1), Vector2D.of(2, 2), Vector2D.of(1, 3));
    }",InteriorAngleLinePathConnectorTest::testConnectAll_multipleSegmentsAtVertex_maximize_oe
commons-geometry_2105,"@Test
    void testConnectAll_squaresJoinedAtVertex_minimize_oe() {
        // arrange
        final Minimize connector = new Minimize();

        final List<LineConvexSubset> segments = new ArrayList<>();
        segments.addAll(createSquare(Vector2D.ZERO, 1, 1));
        segments.addAll(createSquare(Vector2D.of(1, 1), 1, 1));

        shuffle(segments);

        // act
        final List<LinePath> paths = connector.connectAll(segments);

        // assert
        Assertions.assertEquals(2, paths.size());

        assertFinitePath(paths.get(0),
                Vector2D.ZERO, Vector2D.Unit.PLUS_X, Vector2D.of(1, 1),
                Vector2D.of(0, 1), Vector2D.ZERO);

        assertFinitePath(paths.get(1),
                Vector2D.of(1, 1), Vector2D.of(2, 1), Vector2D.of(2, 2),
                Vector2D.of(1, 2), Vector2D.of(1, 1));
    }",InteriorAngleLinePathConnectorTest::testConnectAll_squaresJoinedAtVertex_minimize_oe
commons-geometry_2106,"@Test
    void testConnectAll_multipleSegmentsAtVertex_minimize_oe() {
        // arrange
        final Minimize connector = new Minimize();

        final List<LineConvexSubset> segments = new ArrayList<>();
        segments.add(Lines.segmentFromPoints(Vector2D.ZERO, Vector2D.of(2, 2), TEST_PRECISION));

        segments.add(Lines.segmentFromPoints(Vector2D.of(2, 2), Vector2D.of(2, 4), TEST_PRECISION));
        segments.add(Lines.segmentFromPoints(Vector2D.of(2, 2), Vector2D.of(1, 3), TEST_PRECISION));

        // act
        final List<LinePath> paths = connector.connectAll(segments);

        // assert
        Assertions.assertEquals(2, paths.size());

        assertFinitePath(paths.get(0),
                Vector2D.ZERO, Vector2D.of(2, 2), Vector2D.of(1, 3));

        assertFinitePath(paths.get(1), Vector2D.of(2, 2), Vector2D.of(2, 4));
    }",InteriorAngleLinePathConnectorTest::testConnectAll_multipleSegmentsAtVertex_minimize_oe
commons-geometry_2107,"@Test
    void testConnectMaximized_oe() {
        // arrange
        final List<LineConvexSubset> segments = new ArrayList<>();
        segments.add(Lines.segmentFromPoints(Vector2D.ZERO, Vector2D.of(2, 2), TEST_PRECISION));

        segments.add(Lines.segmentFromPoints(Vector2D.of(2, 2), Vector2D.of(2, 4), TEST_PRECISION));
        segments.add(Lines.segmentFromPoints(Vector2D.of(2, 2), Vector2D.of(1, 3), TEST_PRECISION));

        // act
        final List<LinePath> paths = InteriorAngleLinePathConnector.connectMaximized(segments);

        // assert
        Assertions.assertEquals(2, paths.size());

        assertFinitePath(paths.get(0),
                Vector2D.ZERO, Vector2D.of(2, 2), Vector2D.of(2, 4));

        assertFinitePath(paths.get(1), Vector2D.of(2, 2), Vector2D.of(1, 3));
    }",InteriorAngleLinePathConnectorTest::testConnectMaximized_oe
commons-geometry_2108,"@Test
    void testConnectMinimized_oe() {
        // arrange
        final List<LineConvexSubset> segments = new ArrayList<>();
        segments.add(Lines.segmentFromPoints(Vector2D.ZERO, Vector2D.of(2, 2), TEST_PRECISION));

        segments.add(Lines.segmentFromPoints(Vector2D.of(2, 2), Vector2D.of(2, 4), TEST_PRECISION));
        segments.add(Lines.segmentFromPoints(Vector2D.of(2, 2), Vector2D.of(1, 3), TEST_PRECISION));

        // act
        final List<LinePath> paths = InteriorAngleLinePathConnector.connectMinimized(segments);

        // assert
        Assertions.assertEquals(2, paths.size());

        assertFinitePath(paths.get(0),
                Vector2D.ZERO, Vector2D.of(2, 2), Vector2D.of(1, 3));

        assertFinitePath(paths.get(1), Vector2D.of(2, 2), Vector2D.of(2, 4));
    }",InteriorAngleLinePathConnectorTest::testConnectMinimized_oe
commons-geometry_2109,"@Test
    void testConnectAll_emptyCollection_oe() {
        // act
        final List<LinePath> paths = connector.connectAll(Collections.emptyList());

        // assert
        Assertions.assertEquals(0, paths.size());
    }",AbstractLinePathConnectorTest::testConnectAll_emptyCollection_oe
commons-geometry_2110,"@Test
    void testConnectAll_singleInfiniteLine_oe() {
        // arrange
        final LineConvexSubset segment = Y_AXIS.span();

        // act
        final List<LinePath> paths = connector.connectAll(Collections.singletonList(segment));

        // assert
        Assertions.assertEquals(1, paths.size());

        final LinePath path = paths.get(0);
        Assertions.assertEquals(1, path.getElements().size());
        Assertions.assertSame(segment, path.getStart());
    }",AbstractLinePathConnectorTest::testConnectAll_singleInfiniteLine_oe
commons-geometry_2111,"@Test
    void testConnectAll_singleHalfInfiniteLine_noEndPoint_oe() {
        // arrange
        final LineConvexSubset segment = Y_AXIS.rayFrom(Vector2D.ZERO);

        // act
        final List<LinePath> paths = connector.connectAll(Collections.singletonList(segment));

        // assert
        Assertions.assertEquals(1, paths.size());

        final LinePath path = paths.get(0);
        Assertions.assertEquals(1, path.getElements().size());
        Assertions.assertSame(segment, path.getStart());
    }",AbstractLinePathConnectorTest::testConnectAll_singleHalfInfiniteLine_noEndPoint_oe
commons-geometry_2112,"@Test
    void testConnectAll_singleHalfInfiniteLine_noStartPoint_oe() {
        // arrange
        final LineConvexSubset segment = Y_AXIS.reverseRayTo(Vector2D.ZERO);

        // act
        final List<LinePath> paths = connector.connectAll(Collections.singletonList(segment));

        // assert
        Assertions.assertEquals(1, paths.size());

        final LinePath path = paths.get(0);
        Assertions.assertEquals(1, path.getElements().size());
        Assertions.assertSame(segment, path.getStart());
    }",AbstractLinePathConnectorTest::testConnectAll_singleHalfInfiniteLine_noStartPoint_oe
commons-geometry_2113,"@Test
    void testConnectAll_disjointSegments_oe() {
        // arrange
        final LineConvexSubset a = Y_AXIS.segment(Vector2D.of(0, 1), Vector2D.of(0, 2));
        final LineConvexSubset b = Y_AXIS.segment(Vector2D.of(0, -1), Vector2D.ZERO);

        final List<LineConvexSubset> segments = Arrays.asList(a, b);

        // act
        final List<LinePath> paths = connector.connectAll(segments);

        // assert
        Assertions.assertEquals(2, paths.size());

        assertFinitePath(paths.get(0), Vector2D.of(0, -1), Vector2D.ZERO);
        assertFinitePath(paths.get(1), Vector2D.of(0, 1), Vector2D.of(0, 2));
    }",AbstractLinePathConnectorTest::testConnectAll_disjointSegments_oe
commons-geometry_2114,"@Test
    void testConnectAll_singleClosedPath_oe() {
        // arrange
        final LinePath input = LinePath.builder(TEST_PRECISION)
                .appendVertices(Vector2D.of(1, 1), Vector2D.ZERO, Vector2D.of(1, 0))
                .close();

        final List<LineConvexSubset> segments = new ArrayList<>(input.getElements());
        shuffle(segments);

        // act
        final List<LinePath> paths = connector.connectAll(segments);

        // assert
        Assertions.assertEquals(1, paths.size());

        assertFinitePath(paths.get(0),
                Vector2D.ZERO, Vector2D.of(1, 0), Vector2D.of(1, 1), Vector2D.ZERO);
    }",AbstractLinePathConnectorTest::testConnectAll_singleClosedPath_oe
commons-geometry_2115,"@Test
    void testConnectAll_multipleClosedPaths_oe() {
        // arrange
        final LinePath a = LinePath.builder(TEST_PRECISION)
                .appendVertices(Vector2D.of(1, 1), Vector2D.ZERO, Vector2D.of(1, 0))
                .close();

        final LinePath b = LinePath.builder(TEST_PRECISION)
                .appendVertices(Vector2D.of(0, 1), Vector2D.of(-1, 0), Vector2D.of(-0.5, 0))
                .close();

        final LinePath c = LinePath.builder(TEST_PRECISION)
                .appendVertices(Vector2D.of(1, 3), Vector2D.of(0, 2), Vector2D.of(1, 2))
                .close();

        final List<LineConvexSubset> segments = new ArrayList<>();
        segments.addAll(a.getElements());
        segments.addAll(b.getElements());
        segments.addAll(c.getElements());

        shuffle(segments);

        // act
        final List<LinePath> paths = connector.connectAll(segments);

        // assert
        Assertions.assertEquals(3, paths.size());

        assertFinitePath(paths.get(0),
                Vector2D.of(-1, 0), Vector2D.of(-0.5, 0), Vector2D.of(0, 1), Vector2D.of(-1, 0));

        assertFinitePath(paths.get(1),
                Vector2D.ZERO, Vector2D.of(1, 0), Vector2D.of(1, 1), Vector2D.ZERO);

        assertFinitePath(paths.get(2),
                Vector2D.of(0, 2), Vector2D.of(1, 2), Vector2D.of(1, 3), Vector2D.of(0, 2));
    }",AbstractLinePathConnectorTest::testConnectAll_multipleClosedPaths_oe
commons-geometry_2116,"@Test
    void testConnectAll_singleOpenPath_oe() {
        // arrange
        final LinePath input = LinePath.builder(TEST_PRECISION)
                .appendVertices(Vector2D.of(1, 1), Vector2D.ZERO, Vector2D.of(1, 0))
                .build();

        final List<LineConvexSubset> segments = new ArrayList<>(input.getElements());
        shuffle(segments);

        // act
        final List<LinePath> paths = connector.connectAll(segments);

        // assert
        Assertions.assertEquals(1, paths.size());

        assertFinitePath(paths.get(0),
                Vector2D.of(1, 1), Vector2D.ZERO, Vector2D.of(1, 0));
    }",AbstractLinePathConnectorTest::testConnectAll_singleOpenPath_oe
commons-geometry_2117,"@Test
    void testConnectAll_mixOfOpenConnectedAndInfinite_oe() {
        // arrange
        final LineConvexSubset inputYInf = Y_AXIS.reverseRayTo(Vector2D.ZERO);
        final LineConvexSubset inputXInf = Lines.fromPoints(Vector2D.ZERO, Vector2D.Unit.MINUS_X, TEST_PRECISION)
                .rayFrom(Vector2D.ZERO);

        final LinePath closedPath = LinePath.builder(TEST_PRECISION)
                .appendVertices(Vector2D.of(0, 2), Vector2D.of(1, 2), Vector2D.of(1, 3))
                .close();

        final LinePath openPath = LinePath.builder(TEST_PRECISION)
                .appendVertices(Vector2D.of(-1, 3), Vector2D.of(0, 1), Vector2D.of(1, 1))
                .build();

        final List<LineConvexSubset> segments = new ArrayList<>();
        segments.add(inputYInf);
        segments.add(inputXInf);
        segments.addAll(closedPath.getElements());
        segments.addAll(openPath.getElements());

        shuffle(segments);

        // act
        final List<LinePath> paths = connector.connectAll(segments);

        // assert
        Assertions.assertEquals(3, paths.size());

        assertFinitePath(paths.get(0),
                Vector2D.of(-1, 3), Vector2D.of(0, 1), Vector2D.of(1, 1));

        final LinePath infPath = paths.get(1);
        Assertions.assertTrue(infPath.isInfinite());
        Assertions.assertEquals(2, infPath.getElements().size());
        Assertions.assertSame(inputYInf, infPath.getElements().get(0));
        Assertions.assertSame(inputXInf, infPath.getElements().get(1));

        assertFinitePath(paths.get(2),
                Vector2D.of(0, 2), Vector2D.of(1, 2), Vector2D.of(1, 3), Vector2D.of(0, 2));
    }",AbstractLinePathConnectorTest::testConnectAll_mixOfOpenConnectedAndInfinite_oe
commons-geometry_2118,"@Test
    void testConnectAll_pathWithSinglePoint_oe() {
        // arrange
        final Vector2D p0 = Vector2D.ZERO;

        final List<LineConvexSubset> segments = Collections.singletonList(Lines.fromPointAndAngle(p0, 0, TEST_PRECISION).segment(p0, p0));

        // act
        final List<LinePath> paths = connector.connectAll(segments);

        // assert
        Assertions.assertEquals(1, paths.size());

        assertFinitePath(paths.get(0), p0, p0);
    }",AbstractLinePathConnectorTest::testConnectAll_pathWithSinglePoint_oe
commons-geometry_2119,"@Test
    void testConnectAll_pathWithPointLikeConnectedSegments_oe() {
        // arrange
        final Vector2D p0 = Vector2D.ZERO;
        final Vector2D p1 = Vector2D.of(1, 0);
        final Vector2D p2 = Vector2D.of(1, 1);

        final Vector2D almostP0 = Vector2D.of(-1e-20, -1e-20);
        final Vector2D almostP1 = Vector2D.of(1 - 1e-15, 0);

        final LinePath input = LinePath.builder(TEST_PRECISION)
                .appendVertices(p0, p1)
                .append(Lines.fromPointAndAngle(p1, 0.25 * Math.PI, TEST_PRECISION).segment(p1, p1))
                .append(Lines.fromPointAndAngle(p1, -0.25 * Math.PI, TEST_PRECISION).segment(almostP1, almostP1))
                .append(p2)
                .append(p0)
                .append(Lines.fromPointAndAngle(Vector2D.ZERO, -Angle.PI_OVER_TWO, TEST_PRECISION)
                        .segment(almostP0, almostP0))
                .build();

        final List<LineConvexSubset> segments = new ArrayList<>(input.getElements());
        shuffle(segments);

        // act
        final List<LinePath> paths = connector.connectAll(segments);

        // assert
        Assertions.assertEquals(1, paths.size());

        assertFinitePath(paths.get(0), p0, p1, almostP1, p1, p2, p0, almostP0);
    }",AbstractLinePathConnectorTest::testConnectAll_pathWithPointLikeConnectedSegments_oe
commons-geometry_2120,"@Test
    void testConnectAll_flatLineRegion_oe() {
        // arrange
        final Vector2D p0 = Vector2D.ZERO;
        final Vector2D p1 = Vector2D.of(1, 0);

        final Segment seg0 = Lines.segmentFromPoints(p0, p1, TEST_PRECISION);
        final Segment seg1 = Lines.segmentFromPoints(p1, p0, TEST_PRECISION);
        final LineConvexSubset seg2 = Lines.fromPointAndAngle(p1, Angle.PI_OVER_TWO, TEST_PRECISION).segment(p1, p1);
        final LineConvexSubset seg3 = Lines.fromPointAndAngle(p0, -Angle.PI_OVER_TWO, TEST_PRECISION).segment(p0, p0);

        final List<LineConvexSubset> segments = new ArrayList<>(Arrays.asList(seg0, seg1, seg2, seg3));
        shuffle(segments);

        // act
        final List<LinePath> paths = connector.connectAll(segments);

        // assert
        Assertions.assertEquals(1, paths.size());

        final LinePath path = paths.get(0);
        Assertions.assertSame(seg0, path.getElements().get(0));
        Assertions.assertSame(seg2, path.getElements().get(1));
        Assertions.assertSame(seg1, path.getElements().get(2));
        Assertions.assertSame(seg3, path.getElements().get(3));
    }",AbstractLinePathConnectorTest::testConnectAll_flatLineRegion_oe
commons-geometry_2121,"@Test
    void testConnectAll_singlePointRegion_oe() {
        // arrange
        final Vector2D p0 = Vector2D.of(1, 0);

        final LineConvexSubset seg0 = Lines.fromPointAndAngle(p0, 0.0, TEST_PRECISION).segment(p0, p0);
        final LineConvexSubset seg1 = Lines.fromPointAndAngle(p0, Angle.PI_OVER_TWO, TEST_PRECISION).segment(p0, p0);
        final LineConvexSubset seg2 = Lines.fromPointAndAngle(p0, Math.PI, TEST_PRECISION).segment(p0, p0);
        final LineConvexSubset seg3 = Lines.fromPointAndAngle(p0, -Angle.PI_OVER_TWO, TEST_PRECISION).segment(p0, p0);

        final List<LineConvexSubset> segments = new ArrayList<>(Arrays.asList(seg0, seg1, seg2, seg3));
        shuffle(segments);

        // act
        final List<LinePath> paths = connector.connectAll(segments);

        // assert
        Assertions.assertEquals(1, paths.size());

        final LinePath path = paths.get(0);
        Assertions.assertSame(seg2, path.getElements().get(0));
        Assertions.assertSame(seg3, path.getElements().get(1));
        Assertions.assertSame(seg0, path.getElements().get(2));
        Assertions.assertSame(seg1, path.getElements().get(3));
    }",AbstractLinePathConnectorTest::testConnectAll_singlePointRegion_oe
commons-geometry_2122,"@Test
    void testConnectAll_pathWithPointLikeUnconnectedSegments_oe() {
        // arrange
        final Vector2D p0 = Vector2D.ZERO;
        final Vector2D p1 = Vector2D.of(1, 0);

        final LineConvexSubset seg0 = Lines.fromPointAndAngle(p1, 0.0, TEST_PRECISION).segment(p1, p1);
        final LineConvexSubset seg1 = Lines.fromPointAndAngle(p1, 0.25 * Math.PI, TEST_PRECISION).segment(p1, p1);
        final LineConvexSubset seg2 = Lines.fromPointAndAngle(p0, 0, TEST_PRECISION).segment(p0, p0);

        final List<LineConvexSubset> segments = new ArrayList<>(Arrays.asList(seg0, seg1, seg2));

        shuffle(segments);

        // act
        final List<LinePath> paths = connector.connectAll(segments);

        // assert
        Assertions.assertEquals(2, paths.size());

        final LinePath path0 = paths.get(0);
        Assertions.assertEquals(1, path0.getElements().size());
        Assertions.assertSame(seg2, path0.getElements().get(0));

        final LinePath path1 = paths.get(1);
        Assertions.assertEquals(2, path1.getElements().size());
        Assertions.assertSame(seg0, path1.getElements().get(0));
        Assertions.assertSame(seg1, path1.getElements().get(1));
    }",AbstractLinePathConnectorTest::testConnectAll_pathWithPointLikeUnconnectedSegments_oe
commons-geometry_2123,"@Test
    void testConnectAll_pathStartingWithPoint_oe() {
        // arrange
        final Vector2D p0 = Vector2D.ZERO;
        final Vector2D p1 = Vector2D.of(1, 0);
        final Vector2D p2 = Vector2D.of(1, 1);

        final LineConvexSubset seg0 = Lines.fromPointAndAngle(p0, Math.PI, TEST_PRECISION).segment(p0, p0);
        final LineConvexSubset seg1 = Lines.segmentFromPoints(p0, p1, TEST_PRECISION);
        final LineConvexSubset seg2 = Lines.segmentFromPoints(p1, p2, TEST_PRECISION);

        final List<LineConvexSubset> segments = new ArrayList<>(Arrays.asList(seg0, seg1, seg2));

        shuffle(segments);

        // act
        final List<LinePath> paths = connector.connectAll(segments);

        // assert
        Assertions.assertEquals(1, paths.size());

        final LinePath path = paths.get(0);
        Assertions.assertSame(seg0, path.getElements().get(0));
        Assertions.assertSame(seg1, path.getElements().get(1));
        Assertions.assertSame(seg2, path.getElements().get(2));
    }",AbstractLinePathConnectorTest::testConnectAll_pathStartingWithPoint_oe
commons-geometry_2124,"@Test
    void testConnectAll_intersectingPaths_oe() {
        // arrange
        final LinePath a = LinePath.builder(TEST_PRECISION)
                .appendVertices(Vector2D.of(-1, 1), Vector2D.of(0.5, 0), Vector2D.of(-1, -1))
                .build();

        final LinePath b = LinePath.builder(TEST_PRECISION)
                .appendVertices(Vector2D.of(1, 1), Vector2D.of(-0.5, 0), Vector2D.of(1, -1))
                .build();

        final List<LineConvexSubset> segments = new ArrayList<>();
        segments.addAll(a.getElements());
        segments.addAll(b.getElements());

        shuffle(segments);

        // act
        final List<LinePath> paths = connector.connectAll(segments);

        // assert
        Assertions.assertEquals(2, paths.size());

        assertFinitePath(paths.get(0),
                Vector2D.of(-1, 1), Vector2D.of(0.5, 0), Vector2D.of(-1, -1));

        assertFinitePath(paths.get(1),
                Vector2D.of(1, 1), Vector2D.of(-0.5, 0), Vector2D.of(1, -1));
    }",AbstractLinePathConnectorTest::testConnectAll_intersectingPaths_oe
commons-geometry_2125,"@Test
    void testInstancesCanBeReused_oe() {
        // arrange
        final LineConvexSubset a = Lines.segmentFromPoints(Vector2D.ZERO, Vector2D.Unit.PLUS_X, TEST_PRECISION);
        final LineConvexSubset b = Lines.segmentFromPoints(Vector2D.Unit.PLUS_X, Vector2D.Unit.PLUS_Y, TEST_PRECISION);

        // act
        final List<LinePath> firstPaths = connector.connectAll(Collections.singletonList(a));
        final List<LinePath> secondPaths = connector.connectAll(Collections.singletonList(b));

        // assert
        Assertions.assertEquals(1, firstPaths.size());
        Assertions.assertEquals(1, secondPaths.size());

        Assertions.assertSame(a, firstPaths.get(0).getElements().get(0));
        Assertions.assertSame(b, secondPaths.get(0).getElements().get(0));
    }",AbstractLinePathConnectorTest::testInstancesCanBeReused_oe
commons-geometry_2126,"@Test
    void testAdd_oe() {
        // arrange
        final LineConvexSubset a = Lines.segmentFromPoints(Vector2D.ZERO, Vector2D.Unit.PLUS_X, TEST_PRECISION);
        final LineConvexSubset b = Lines.segmentFromPoints(Vector2D.Unit.PLUS_X, Vector2D.of(1, 1), TEST_PRECISION);
        final LineConvexSubset c = Lines.segmentFromPoints(Vector2D.Unit.PLUS_X, Vector2D.of(2, 0), TEST_PRECISION);

        // act
        connector.add(Arrays.asList(a, b));
        connector.add(Collections.singletonList(c));

        final List<LinePath> paths = connector.connectAll();

        // assert
        Assertions.assertEquals(2, paths.size());

        assertFinitePath(paths.get(0), Vector2D.ZERO, Vector2D.Unit.PLUS_X, Vector2D.of(2, 0));
        assertFinitePath(paths.get(1), Vector2D.Unit.PLUS_X, Vector2D.of(1, 1));
    }",AbstractLinePathConnectorTest::testAdd_oe
commons-geometry_2127,"@Test
    void testConnect_oe() {
        // arrange
        final LineConvexSubset a = Lines.segmentFromPoints(Vector2D.ZERO, Vector2D.Unit.PLUS_X, TEST_PRECISION);
        final LineConvexSubset b = Lines.segmentFromPoints(Vector2D.Unit.PLUS_X, Vector2D.of(1, 1), TEST_PRECISION);
        final LineConvexSubset c = Lines.segmentFromPoints(Vector2D.Unit.PLUS_X, Vector2D.of(2, 0), TEST_PRECISION);

        // act
        connector.connect(Arrays.asList(a, b));
        connector.connect(Collections.singletonList(c));

        final List<LinePath> paths = connector.connectAll();

        // assert
        Assertions.assertEquals(2, paths.size());

        assertFinitePath(paths.get(0), Vector2D.ZERO, Vector2D.Unit.PLUS_X, Vector2D.of(1, 1));
        assertFinitePath(paths.get(1), Vector2D.Unit.PLUS_X, Vector2D.of(2, 0));
    }",AbstractLinePathConnectorTest::testConnect_oe
commons-geometry_2128,"@Test
    void testConnectableSegment_hashCode_oe() {
        // arrange
        final LineConvexSubset segA = Lines.segmentFromPoints(Vector2D.ZERO, Vector2D.Unit.PLUS_X, TEST_PRECISION);
        final LineConvexSubset segB = Lines.segmentFromPoints(Vector2D.Unit.PLUS_X, Vector2D.of(1, 1), TEST_PRECISION);

        final ConnectableLineSubset a = new ConnectableLineSubset(segA);

        // act
        final int hash = a.hashCode();

        // assert
        Assertions.assertEquals(hash, a.hashCode());

        Assertions.assertNotEquals(hash, new ConnectableLineSubset(segB).hashCode());
        Assertions.assertNotEquals(hash, new ConnectableLineSubset(Vector2D.Unit.PLUS_X).hashCode());

        Assertions.assertEquals(hash, new ConnectableLineSubset(segA).hashCode());
    }",AbstractLinePathConnectorTest::testConnectableSegment_hashCode_oe
commons-geometry_2129,"@Test
    void testConnectableSegment_equals_oe() {
        // arrange
        final LineConvexSubset segA = Lines.segmentFromPoints(Vector2D.ZERO, Vector2D.Unit.PLUS_X, TEST_PRECISION);
        final LineConvexSubset segB = Lines.segmentFromPoints(Vector2D.Unit.PLUS_X, Vector2D.of(1, 1), TEST_PRECISION);

        final ConnectableLineSubset a = new ConnectableLineSubset(segA);

        // act/assert
        Assertions.assertEquals(a, a);

        Assertions.assertFalse(a.equals(null));
        Assertions.assertFalse(a.equals(new Object()));

        Assertions.assertNotEquals(a, new ConnectableLineSubset(segB));
        Assertions.assertNotEquals(a, new ConnectableLineSubset(Vector2D.Unit.PLUS_X));

        Assertions.assertEquals(a, new ConnectableLineSubset(segA));
    }",AbstractLinePathConnectorTest::testConnectableSegment_equals_oe
commons-geometry_2130,"@Test
    void testFrom_empty_oe() {
        // act
        final LinePath path = LinePath.from(new ArrayList<>());

        // assert
        Assertions.assertTrue(path.isEmpty());
        Assertions.assertFalse(path.isInfinite());
        Assertions.assertTrue(path.isFinite());
        Assertions.assertFalse(path.isClosed());

        Assertions.assertEquals(0, path.getSize(), TEST_EPS);

        Assertions.assertNull(path.getStart());
        Assertions.assertNull(path.getEnd());

        Assertions.assertEquals(0, path.getElements().size());

        Assertions.assertEquals(0, path.getVertexSequence().size());
    }",LinePathTest::testFrom_empty_oe
commons-geometry_2131,"@Test
    void testFrom_singleFiniteSegment_oe() {
        // arrange
        final Segment a = Lines.segmentFromPoints(Vector2D.ZERO, Vector2D.of(1, 0), TEST_PRECISION);

        // act
        final LinePath path = LinePath.from(a);

        // assert
        Assertions.assertFalse(path.isEmpty());
        Assertions.assertFalse(path.isInfinite());
        Assertions.assertTrue(path.isFinite());
        Assertions.assertFalse(path.isClosed());

        Assertions.assertEquals(1, path.getSize(), TEST_EPS);

        Assertions.assertSame(a, path.getStart());
        Assertions.assertSame(a, path.getEnd());

        final List<LineConvexSubset> segments = path.getElements();
        Assertions.assertEquals(1, segments.size());
        Assertions.assertSame(a, segments.get(0));

        Assertions.assertEquals(Arrays.asList(Vector2D.ZERO, Vector2D.of(1, 0)), path.getVertexSequence());
    }",LinePathTest::testFrom_singleFiniteSegment_oe
commons-geometry_2132,"@Test
    void testFrom_singleInfiniteSegment_oe() {
        // arrange
        final LineConvexSubset a = Lines.fromPoints(Vector2D.ZERO, Vector2D.of(1, 0), TEST_PRECISION).span();

        // act
        final LinePath path = LinePath.from(a);

        // assert
        Assertions.assertFalse(path.isEmpty());
        Assertions.assertTrue(path.isInfinite());
        Assertions.assertFalse(path.isFinite());
        Assertions.assertFalse(path.isClosed());

        GeometryTestUtils.assertPositiveInfinity(path.getSize());

        Assertions.assertSame(a, path.getStart());
        Assertions.assertSame(a, path.getEnd());

        final List<LineConvexSubset> segments = path.getElements();
        Assertions.assertEquals(1, segments.size());
        Assertions.assertSame(a, segments.get(0));

        Assertions.assertEquals(0, path.getVertexSequence().size());
    }",LinePathTest::testFrom_singleInfiniteSegment_oe
commons-geometry_2133,"@Test
    void testFrom_finiteSegments_notClosed_oe() {
        // arrange
        final Vector2D p1 = Vector2D.ZERO;
        final Vector2D p2 = Vector2D.of(1, 0);
        final Vector2D p3 = Vector2D.of(1, 1);

        final Segment a = Lines.segmentFromPoints(p1, p2, TEST_PRECISION);
        final Segment b = Lines.segmentFromPoints(p2, p3, TEST_PRECISION);

        // act
        final LinePath path = LinePath.from(a, b);

        // assert
        Assertions.assertFalse(path.isEmpty());
        Assertions.assertFalse(path.isInfinite());
        Assertions.assertTrue(path.isFinite());
        Assertions.assertFalse(path.isClosed());

        Assertions.assertEquals(2, path.getSize(), TEST_EPS);

        Assertions.assertSame(a, path.getStart());
        Assertions.assertSame(b, path.getEnd());

        final List<LineConvexSubset> segments = path.getElements();
        Assertions.assertEquals(2, segments.size());
        Assertions.assertSame(a, segments.get(0));
        Assertions.assertSame(b, segments.get(1));

        Assertions.assertEquals(Arrays.asList(p1, p2, p3), path.getVertexSequence());
    }",LinePathTest::testFrom_finiteSegments_notClosed_oe
commons-geometry_2134,"@Test
    void testFrom_finiteSegments_closed_oe() {
        // arrange
        final Vector2D p1 = Vector2D.ZERO;
        final Vector2D p2 = Vector2D.of(1, 0);
        final Vector2D p3 = Vector2D.of(1, 1);

        final Segment a = Lines.segmentFromPoints(p1, p2, TEST_PRECISION);
        final Segment b = Lines.segmentFromPoints(p2, p3, TEST_PRECISION);
        final Segment c = Lines.segmentFromPoints(p3, p1, TEST_PRECISION);

        // act
        final LinePath path = LinePath.from(Arrays.asList(a, b, c));

        // assert
        Assertions.assertFalse(path.isEmpty());
        Assertions.assertFalse(path.isInfinite());
        Assertions.assertTrue(path.isFinite());
        Assertions.assertTrue(path.isClosed());

        Assertions.assertSame(a, path.getStart());
        Assertions.assertSame(c, path.getEnd());

        Assertions.assertEquals(2 + Math.sqrt(2), path.getSize(), TEST_EPS);

        final List<LineConvexSubset> segments = path.getElements();
        Assertions.assertEquals(3, segments.size());
        Assertions.assertSame(a, segments.get(0));
        Assertions.assertSame(b, segments.get(1));
        Assertions.assertSame(c, segments.get(2));

        Assertions.assertEquals(Arrays.asList(p1, p2, p3, p1), path.getVertexSequence());
    }",LinePathTest::testFrom_finiteSegments_closed_oe
commons-geometry_2135,"@Test
    void testFrom_infiniteSegments_oe() {
        // arrange
        final ReverseRay a = Lines.fromPointAndAngle(Vector2D.ZERO, 0, TEST_PRECISION)
                .reverseRayTo(1.0);
        final Ray b = Lines.fromPointAndAngle(Vector2D.of(1, 0), Angle.PI_OVER_TWO, TEST_PRECISION)
                .rayFrom(0.0);

        // act
        final LinePath path = LinePath.from(Arrays.asList(a, b));

        // assert
        Assertions.assertFalse(path.isEmpty());
        Assertions.assertTrue(path.isInfinite());
        Assertions.assertFalse(path.isFinite());
        Assertions.assertFalse(path.isClosed());

        GeometryTestUtils.assertPositiveInfinity(path.getSize());

        Assertions.assertSame(a, path.getStart());
        Assertions.assertSame(b, path.getEnd());

        final List<LineConvexSubset> segments = path.getElements();
        Assertions.assertEquals(2, segments.size());
        Assertions.assertSame(a, segments.get(0));
        Assertions.assertSame(b, segments.get(1));

        Assertions.assertEquals(Collections.singletonList(Vector2D.of(1, 0)), path.getVertexSequence());
    }",LinePathTest::testFrom_infiniteSegments_oe
commons-geometry_2136,"@Test
    void testFrom_finiteAndInfiniteSegments_startInfinite_oe() {
        // arrange
        final ReverseRay a = Lines.fromPointAndAngle(Vector2D.ZERO, 0, TEST_PRECISION).reverseRayTo(1.0);
        final Segment b = Lines.segmentFromPoints(Vector2D.of(1, 0), Vector2D.of(1, 1), TEST_PRECISION);

        // act
        final LinePath path = LinePath.from(Arrays.asList(a, b));

        // assert
        Assertions.assertFalse(path.isEmpty());
        Assertions.assertTrue(path.isInfinite());
        Assertions.assertFalse(path.isFinite());
        Assertions.assertFalse(path.isClosed());

        Assertions.assertSame(a, path.getStart());
        Assertions.assertSame(b, path.getEnd());

        final List<LineConvexSubset> segments = path.getElements();
        Assertions.assertEquals(2, segments.size());
        Assertions.assertSame(a, segments.get(0));
        Assertions.assertSame(b, segments.get(1));

        Assertions.assertEquals(Arrays.asList(Vector2D.of(1, 0), Vector2D.of(1, 1)), path.getVertexSequence());
    }",LinePathTest::testFrom_finiteAndInfiniteSegments_startInfinite_oe
commons-geometry_2137,"@Test
    void testFrom_finiteAndInfiniteSegments_endInfinite_oe() {
        // arrange
        final Segment a = Lines.segmentFromPoints(Vector2D.ZERO, Vector2D.of(1, 0), TEST_PRECISION);
        final Ray b = Lines.fromPointAndAngle(Vector2D.of(1, 0), Angle.PI_OVER_TWO, TEST_PRECISION)
                .rayFrom(0.0);

        // act
        final LinePath path = LinePath.from(Arrays.asList(a, b));

        // assert
        Assertions.assertFalse(path.isEmpty());
        Assertions.assertTrue(path.isInfinite());
        Assertions.assertFalse(path.isFinite());
        Assertions.assertFalse(path.isClosed());

        Assertions.assertSame(a, path.getStart());
        Assertions.assertSame(b, path.getEnd());

        final List<LineConvexSubset> segments = path.getElements();
        Assertions.assertEquals(2, segments.size());
        Assertions.assertSame(a, segments.get(0));
        Assertions.assertSame(b, segments.get(1));

        Assertions.assertEquals(Arrays.asList(Vector2D.ZERO, Vector2D.of(1, 0)), path.getVertexSequence());
    }",LinePathTest::testFrom_finiteAndInfiniteSegments_endInfinite_oe
commons-geometry_2138,"@Test
    void testFrom_segmentsNotConnected_oe() {
        // arrange
        final Segment a = Lines.segmentFromPoints(Vector2D.ZERO, Vector2D.of(1, 0), TEST_PRECISION);
        final Segment b = Lines.segmentFromPoints(Vector2D.of(1.01, 0), Vector2D.of(1, 0), TEST_PRECISION);

        final LineConvexSubset c = Lines.fromPointAndAngle(Vector2D.ZERO, 0.0, TEST_PRECISION).span();
        final LineConvexSubset d = Lines.fromPointAndAngle(Vector2D.of(1, 0), Angle.PI_OVER_TWO, TEST_PRECISION).span();

        // act/assert
        Assertions.assertThrows(IllegalStateException.class, () -> LinePath.from(a, b));
        Assertions.assertThrows(IllegalStateException.class, () -> LinePath.from(c, b));
        Assertions.assertThrows(IllegalStateException.class, () -> LinePath.from(a, d));
    }",LinePathTest::testFrom_segmentsNotConnected_oe
commons-geometry_2139,"@Test
    void testFromVertices_empty_oe() {
        // act
        final LinePath path = LinePath.fromVertices(new ArrayList<>(), TEST_PRECISION);

        // assert
        Assertions.assertTrue(path.isEmpty());
        Assertions.assertFalse(path.isInfinite());
        Assertions.assertTrue(path.isFinite());
        Assertions.assertFalse(path.isClosed());

        Assertions.assertNull(path.getStart());
        Assertions.assertNull(path.getEnd());

        Assertions.assertEquals(0, path.getElements().size());

        Assertions.assertEquals(0, path.getVertexSequence().size());
    }",LinePathTest::testFromVertices_empty_oe
commons-geometry_2140,"@Test
    void testFromVertices_singleVertex_failsToCreatePath_oe() {
        // act/assert
        Assertions.assertThrows(IllegalStateException.class, () -> LinePath.fromVertices(Collections.singletonList(Vector2D.ZERO), TEST_PRECISION));
    }",LinePathTest::testFromVertices_singleVertex_failsToCreatePath_oe
commons-geometry_2141,"@Test
    void testFromVertices_twoVertices_oe() {
        // arrange
        final Vector2D p1 = Vector2D.ZERO;
        final Vector2D p2 = Vector2D.of(1, 0);

        // act
        final LinePath path = LinePath.fromVertices(Arrays.asList(p1, p2), TEST_PRECISION);

        // assert
        Assertions.assertFalse(path.isEmpty());
        Assertions.assertFalse(path.isInfinite());
        Assertions.assertTrue(path.isFinite());
        Assertions.assertFalse(path.isClosed());

        assertFiniteSegment(path.getStart(), p1, p2);
        Assertions.assertSame(path.getStart(), path.getEnd());

        final List<LineConvexSubset> segments = path.getElements();
        Assertions.assertEquals(1, segments.size());
        assertFiniteSegment(segments.get(0), p1, p2);

        Assertions.assertEquals(Arrays.asList(p1, p2), path.getVertexSequence());
    }",LinePathTest::testFromVertices_twoVertices_oe
commons-geometry_2142,"@Test
    void testFromVertices_multipleVertices_notClosed_oe() {
        // arrange
        final Vector2D p1 = Vector2D.ZERO;
        final Vector2D p2 = Vector2D.of(1, 0);
        final Vector2D p3 = Vector2D.of(1, 1);
        final Vector2D p4 = Vector2D.of(0, 1);

        // act
        final LinePath path = LinePath.fromVertices(Arrays.asList(p1, p2, p3, p4), TEST_PRECISION);

        // assert
        Assertions.assertFalse(path.isEmpty());
        Assertions.assertFalse(path.isInfinite());
        Assertions.assertTrue(path.isFinite());
        Assertions.assertFalse(path.isClosed());

        assertFiniteSegment(path.getStart(), p1, p2);
        assertFiniteSegment(path.getEnd(), p3, p4);

        final List<LineConvexSubset> segments = path.getElements();
        Assertions.assertEquals(3, segments.size());
        assertFiniteSegment(segments.get(0), p1, p2);
        assertFiniteSegment(segments.get(1), p2, p3);
        assertFiniteSegment(segments.get(2), p3, p4);

        Assertions.assertEquals(Arrays.asList(p1, p2, p3, p4), path.getVertexSequence());
    }",LinePathTest::testFromVertices_multipleVertices_notClosed_oe
commons-geometry_2143,"@Test
    void testFromVertices_multipleVertices_closed_oe() {
        // arrange
        final Vector2D p1 = Vector2D.ZERO;
        final Vector2D p2 = Vector2D.of(1, 0);
        final Vector2D p3 = Vector2D.of(1, 1);
        final Vector2D p4 = Vector2D.of(0, 1);

        // act
        final LinePath path = LinePath.fromVertices(Arrays.asList(p1, p2, p3, p4, p1), TEST_PRECISION);

        // assert
        Assertions.assertFalse(path.isEmpty());
        Assertions.assertFalse(path.isInfinite());
        Assertions.assertTrue(path.isFinite());
        Assertions.assertTrue(path.isClosed());

        assertFiniteSegment(path.getStart(), p1, p2);
        assertFiniteSegment(path.getEnd(), p4, p1);

        final List<LineConvexSubset> segments = path.getElements();
        Assertions.assertEquals(4, segments.size());
        assertFiniteSegment(segments.get(0), p1, p2);
        assertFiniteSegment(segments.get(1), p2, p3);
        assertFiniteSegment(segments.get(2), p3, p4);
        assertFiniteSegment(segments.get(3), p4, p1);

        Assertions.assertEquals(Arrays.asList(p1, p2, p3, p4, p1), path.getVertexSequence());
    }",LinePathTest::testFromVertices_multipleVertices_closed_oe
commons-geometry_2144,"@Test
    void testFromVertexLoop_empty_oe() {
        // act
        final LinePath path = LinePath.fromVertexLoop(new ArrayList<>(), TEST_PRECISION);

        // assert
        Assertions.assertTrue(path.isEmpty());
        Assertions.assertFalse(path.isInfinite());
        Assertions.assertTrue(path.isFinite());
        Assertions.assertFalse(path.isClosed());

        Assertions.assertNull(path.getStart());
        Assertions.assertNull(path.getEnd());

        Assertions.assertEquals(0, path.getElements().size());

        Assertions.assertEquals(0, path.getVertexSequence().size());
    }",LinePathTest::testFromVertexLoop_empty_oe
commons-geometry_2145,"@Test
    void testFromVertexLoop_singleVertex_failsToCreatePath_oe() {
        // act/assert
        Assertions.assertThrows(IllegalStateException.class, () -> LinePath.fromVertexLoop(Collections.singletonList(Vector2D.ZERO), TEST_PRECISION));
    }",LinePathTest::testFromVertexLoop_singleVertex_failsToCreatePath_oe
commons-geometry_2146,"@Test
    void testFromVertexLoop_closeRequired_oe() {
        // arrange
        final Vector2D p1 = Vector2D.ZERO;
        final Vector2D p2 = Vector2D.of(1, 0);
        final Vector2D p3 = Vector2D.of(1, 1);

        // act
        final LinePath path = LinePath.fromVertexLoop(Arrays.asList(p1, p2, p3), TEST_PRECISION);

        // assert
        Assertions.assertFalse(path.isEmpty());
        Assertions.assertFalse(path.isInfinite());
        Assertions.assertTrue(path.isFinite());
        Assertions.assertTrue(path.isClosed());

        final List<LineConvexSubset> segments = path.getElements();
        Assertions.assertEquals(3, segments.size());
        assertFiniteSegment(segments.get(0), p1, p2);
        assertFiniteSegment(segments.get(1), p2, p3);
        assertFiniteSegment(segments.get(2), p3, p1);

        Assertions.assertEquals(Arrays.asList(p1, p2, p3, p1), path.getVertexSequence());
    }",LinePathTest::testFromVertexLoop_closeRequired_oe
commons-geometry_2147,"@Test
    void testFromVertexLoop_closeNotRequired_oe() {
        // arrange
        final Vector2D p1 = Vector2D.ZERO;
        final Vector2D p2 = Vector2D.of(1, 0);
        final Vector2D p3 = Vector2D.of(1, 1);

        // act
        final LinePath path = LinePath.fromVertexLoop(Arrays.asList(p1, p2, p3, Vector2D.of(0, 0)), TEST_PRECISION);

        // assert
        Assertions.assertFalse(path.isEmpty());
        Assertions.assertFalse(path.isInfinite());
        Assertions.assertTrue(path.isFinite());
        Assertions.assertTrue(path.isClosed());

        final List<LineConvexSubset> segments = path.getElements();
        Assertions.assertEquals(3, segments.size());
        assertFiniteSegment(segments.get(0), p1, p2);
        assertFiniteSegment(segments.get(1), p2, p3);
        assertFiniteSegment(segments.get(2), p3, p1);

        Assertions.assertEquals(Arrays.asList(p1, p2, p3, p1), path.getVertexSequence());
    }",LinePathTest::testFromVertexLoop_closeNotRequired_oe
commons-geometry_2148,"@Test
    void testFromVertices_booleanArg_oe() {
        // arrange
        final Vector2D p1 = Vector2D.ZERO;
        final Vector2D p2 = Vector2D.of(1, 0);
        final Vector2D p3 = Vector2D.of(0, 1);

        // act
        final LinePath open = LinePath.fromVertices(Arrays.asList(p1, p2, p3), false, TEST_PRECISION);
        final LinePath closed = LinePath.fromVertices(Arrays.asList(p1, p2, p3), true, TEST_PRECISION);

        // assert
        Assertions.assertFalse(open.isClosed());

        final List<LineConvexSubset> openSegments = open.getElements();
        Assertions.assertEquals(2, openSegments.size());
        assertFiniteSegment(openSegments.get(0), p1, p2);
        assertFiniteSegment(openSegments.get(1), p2, p3);

        Assertions.assertTrue(closed.isClosed());

        final List<LineConvexSubset> closedSegments = closed.getElements();
        Assertions.assertEquals(3, closedSegments.size());
        assertFiniteSegment(closedSegments.get(0), p1, p2);
        assertFiniteSegment(closedSegments.get(1), p2, p3);
        assertFiniteSegment(closedSegments.get(2), p3, p1);
    }",LinePathTest::testFromVertices_booleanArg_oe
commons-geometry_2149,"@Test
    void testGetElements_listIsNotModifiable_oe() {
        // arrange
        final Segment a = Lines.segmentFromPoints(Vector2D.ZERO, Vector2D.of(1, 0), TEST_PRECISION);
        final List<LineConvexSubset> inputSegments = new ArrayList<>(Collections.singletonList(a));

        // act
        final LinePath path = LinePath.from(inputSegments);

        inputSegments.clear();

        // assert
        Assertions.assertNotSame(inputSegments, path.getElements());
        Assertions.assertEquals(1, path.getElements().size());

        Assertions.assertThrows(UnsupportedOperationException.class, () -> path.getElements().add(a));
    }",LinePathTest::testGetElements_listIsNotModifiable_oe
commons-geometry_2150,"@Test
    void testBoundaryStream_oe() {
        // arrange
        final Segment seg = Lines.segmentFromPoints(Vector2D.ZERO, Vector2D.of(1, 0), TEST_PRECISION);
        final LinePath path = LinePath.from(Collections.singletonList(seg));

        // act
        final List<LineConvexSubset> segments = path.boundaryStream().collect(Collectors.toList());

        // assert
        Assertions.assertEquals(1, segments.size());
        Assertions.assertSame(seg, segments.get(0));
    }",LinePathTest::testBoundaryStream_oe
commons-geometry_2151,"@Test
    void testBoundaryStream_empty_oe() {
        // arrange
        final LinePath path = LinePath.empty();

        // act
        final List<LineConvexSubset> segments = path.boundaryStream().collect(Collectors.toList());

        // assert
        Assertions.assertEquals(0, segments.size());
    }",LinePathTest::testBoundaryStream_empty_oe
commons-geometry_2152,"@Test
    void testTransform_empty_oe() {
        // arrange
        final LinePath path = LinePath.empty();
        final AffineTransformMatrix2D t = AffineTransformMatrix2D.createTranslation(Vector2D.Unit.PLUS_X);

        // act/assert
        Assertions.assertSame(path, path.transform(t));
    }",LinePathTest::testTransform_empty_oe
commons-geometry_2153,"@Test
    void testTransform_finite_oe() {
        // arrange
        final LinePath path = LinePath.builder(TEST_PRECISION)
                .append(Vector2D.Unit.ZERO)
                .append(Vector2D.Unit.PLUS_X)
                .append(Vector2D.Unit.PLUS_Y)
                .close();

        final AffineTransformMatrix2D t =
                AffineTransformMatrix2D.createRotation(Vector2D.of(1, 1), Angle.PI_OVER_TWO);

        // act
        final LinePath result = path.transform(t);

        // assert
        Assertions.assertNotSame(path, result);
        Assertions.assertTrue(result.isClosed());
        Assertions.assertTrue(result.isFinite());

        final List<LineConvexSubset> segments = result.getElements();

        Assertions.assertEquals(3, segments.size());
        assertFiniteSegment(segments.get(0), Vector2D.of(2, 0), Vector2D.of(2, 1));
        assertFiniteSegment(segments.get(1), Vector2D.of(2, 1), Vector2D.Unit.PLUS_X);
        assertFiniteSegment(segments.get(2), Vector2D.Unit.PLUS_X, Vector2D.of(2, 0));
    }",LinePathTest::testTransform_finite_oe
commons-geometry_2154,"@Test
    void testTransform_infinite_oe() {
        // arrange
        final LinePath path = LinePath.from(
                Lines.fromPoints(Vector2D.ZERO, Vector2D.Unit.PLUS_Y, TEST_PRECISION).span());

        final AffineTransformMatrix2D t = AffineTransformMatrix2D.createTranslation(Vector2D.Unit.PLUS_X);

        // act
        final LinePath result = path.transform(t);

        // assert
        Assertions.assertNotSame(path, result);
        Assertions.assertFalse(result.isClosed());
        Assertions.assertFalse(result.isFinite());

        final List<LineConvexSubset> segments = result.getElements();

        Assertions.assertEquals(1, segments.size());
        final LineConvexSubset segment = segments.get(0);
        Assertions.assertTrue(segment.isInfinite());
        Assertions.assertNull(segment.getStartPoint());
        Assertions.assertNull(segment.getEndPoint());
        EuclideanTestUtils.assertCoordinatesEqual(Vector2D.Unit.PLUS_X, segment.getLine().getOrigin(), TEST_EPS);
        EuclideanTestUtils.assertCoordinatesEqual(Vector2D.Unit.PLUS_Y, segment.getLine().getDirection(), TEST_EPS);
    }",LinePathTest::testTransform_infinite_oe
commons-geometry_2155,"@Test
    void testReverse_empty_oe() {
        // arrange
        final LinePath path = LinePath.empty();

        // act/assert
        Assertions.assertSame(path, path.reverse());
    }",LinePathTest::testReverse_empty_oe
commons-geometry_2156,"@Test
    void testReverse_oe() {
        // arrange
        final LinePath path = LinePath.builder(TEST_PRECISION)
                .append(Vector2D.Unit.ZERO)
                .append(Vector2D.Unit.PLUS_X)
                .append(Vector2D.Unit.PLUS_Y)
                .close();

        // act
        final LinePath result = path.reverse();

        // assert
        Assertions.assertNotSame(path, result);
        Assertions.assertTrue(result.isClosed());
        Assertions.assertTrue(result.isFinite());

        final List<LineConvexSubset> segments = result.getElements();

        Assertions.assertEquals(3, segments.size());
        assertFiniteSegment(segments.get(0), Vector2D.Unit.ZERO, Vector2D.Unit.PLUS_Y);
        assertFiniteSegment(segments.get(1), Vector2D.Unit.PLUS_Y, Vector2D.Unit.PLUS_X);
        assertFiniteSegment(segments.get(2), Vector2D.Unit.PLUS_X, Vector2D.Unit.ZERO);
    }",LinePathTest::testReverse_oe
commons-geometry_2157,"@Test
    void testReverse_singleInfinite_oe() {
        // arrange
        final LinePath path = LinePath.from(
                Lines.fromPoints(Vector2D.ZERO, Vector2D.Unit.PLUS_Y, TEST_PRECISION).span());

        // act
        final LinePath result = path.reverse();

        // assert
        Assertions.assertNotSame(path, result);
        Assertions.assertFalse(result.isClosed());
        Assertions.assertFalse(result.isFinite());

        final List<LineConvexSubset> segments = result.getElements();

        Assertions.assertEquals(1, segments.size());
        final LineConvexSubset segment = segments.get(0);
        Assertions.assertTrue(segment.isInfinite());
        Assertions.assertNull(segment.getStartPoint());
        Assertions.assertNull(segment.getEndPoint());
        EuclideanTestUtils.assertCoordinatesEqual(Vector2D.Unit.ZERO, segment.getLine().getOrigin(), TEST_EPS);
        EuclideanTestUtils.assertCoordinatesEqual(Vector2D.Unit.MINUS_Y, segment.getLine().getDirection(), TEST_EPS);
    }",LinePathTest::testReverse_singleInfinite_oe
commons-geometry_2158,"@Test
    void testReverse_doubleInfinite_oe() {
        // arrange
        final LineConvexSubset a = Lines.fromPoints(Vector2D.ZERO, Vector2D.Unit.PLUS_Y, TEST_PRECISION).reverseRayTo(Vector2D.ZERO);
        final LineConvexSubset b = Lines.fromPoints(Vector2D.ZERO, Vector2D.Unit.PLUS_X, TEST_PRECISION).rayFrom(Vector2D.ZERO);

        final LinePath path = LinePath.from(a, b);

        // act
        final LinePath result = path.reverse();

        // assert
        Assertions.assertNotSame(path, result);
        Assertions.assertFalse(result.isClosed());
        Assertions.assertFalse(result.isFinite());

        final List<LineConvexSubset> segments = result.getElements();
        Assertions.assertEquals(2, segments.size());

        final LineConvexSubset bResult = segments.get(0);
        Assertions.assertTrue(bResult.isInfinite());
        Assertions.assertNull(bResult.getStartPoint());
        EuclideanTestUtils.assertCoordinatesEqual(Vector2D.ZERO, bResult.getEndPoint(), TEST_EPS);
        EuclideanTestUtils.assertCoordinatesEqual(Vector2D.ZERO, bResult.getLine().getOrigin(), TEST_EPS);
        EuclideanTestUtils.assertCoordinatesEqual(Vector2D.Unit.MINUS_X, bResult.getLine().getDirection(), TEST_EPS);

        final LineConvexSubset aResult = segments.get(1);
        Assertions.assertTrue(aResult.isInfinite());
        EuclideanTestUtils.assertCoordinatesEqual(Vector2D.ZERO, aResult.getStartPoint(), TEST_EPS);
        Assertions.assertNull(aResult.getEndPoint());
        EuclideanTestUtils.assertCoordinatesEqual(Vector2D.ZERO, aResult.getLine().getOrigin(), TEST_EPS);
        EuclideanTestUtils.assertCoordinatesEqual(Vector2D.Unit.MINUS_Y, aResult.getLine().getDirection(), TEST_EPS);
    }",LinePathTest::testReverse_doubleInfinite_oe
commons-geometry_2159,"@Test
    void testToTree_oe() {
        // arrange
        final LinePath path = LinePath.builder(TEST_PRECISION)
                .appendVertices(Vector2D.ZERO, Vector2D.Unit.PLUS_X, Vector2D.of(1, 1), Vector2D.of(0, 1))
                .close();

        // act
        final RegionBSPTree2D tree = path.toTree();

        // assert
        Assertions.assertEquals(1, tree.getSize(), TEST_EPS);
        Assertions.assertEquals(4, tree.getBoundarySize(), TEST_EPS);

        Assertions.assertEquals(RegionLocation.INSIDE, tree.classify(Vector2D.of(0.5, 0.5)));

        Assertions.assertEquals(RegionLocation.OUTSIDE, tree.classify(Vector2D.of(0.5, -1)));
        Assertions.assertEquals(RegionLocation.OUTSIDE, tree.classify(Vector2D.of(0.5, 2)));
        Assertions.assertEquals(RegionLocation.OUTSIDE, tree.classify(Vector2D.of(-1, 0.5)));
        Assertions.assertEquals(RegionLocation.OUTSIDE, tree.classify(Vector2D.of(2, 0.5)));
    }",LinePathTest::testToTree_oe
commons-geometry_2160,"@Test
    void testSimplify_oe() {
        // arrange
        final Builder builder = LinePath.builder(TEST_PRECISION);

        final LinePath path = builder.appendVertices(
                Vector2D.of(-1, 0),
                Vector2D.ZERO,
                Vector2D.of(1, 0),
                Vector2D.of(1, 1),
                Vector2D.of(1, 2))
            .build();

        // act
        final LinePath result = path.simplify();

        // assert
        final List<LineConvexSubset> segments = result.getElements();
        Assertions.assertEquals(2, segments.size());
        assertFiniteSegment(segments.get(0), Vector2D.of(-1, 0), Vector2D.of(1, 0));
        assertFiniteSegment(segments.get(1), Vector2D.of(1, 0), Vector2D.of(1, 2));
    }",LinePathTest::testSimplify_oe
commons-geometry_2161,"@Test
    void testSimplify_startAndEndCombined_oe() {
        // arrange
        final Builder builder = LinePath.builder(TEST_PRECISION);

        final LinePath path = builder.appendVertices(
                Vector2D.ZERO,
                Vector2D.of(1, 0),
                Vector2D.of(0, 1),
                Vector2D.of(-1, 0))
            .close();

        // act
        final LinePath result = path.simplify();

        // assert
        Assertions.assertNotSame(path, result);
        Assertions.assertTrue(result.isClosed());
        Assertions.assertFalse(result.isInfinite());

        final List<LineConvexSubset> segments = result.getElements();
        Assertions.assertEquals(3, segments.size());
        assertFiniteSegment(segments.get(0), Vector2D.of(-1, 0), Vector2D.of(1, 0));
        assertFiniteSegment(segments.get(1), Vector2D.of(1, 0), Vector2D.of(0, 1));
        assertFiniteSegment(segments.get(2), Vector2D.of(0, 1), Vector2D.of(-1, 0));
    }",LinePathTest::testSimplify_startAndEndCombined_oe
commons-geometry_2162,"@Test
    void testSimplify_empty_oe() {
        // arrange
        final Builder builder = LinePath.builder(TEST_PRECISION);

        final LinePath path = builder.build();

        // act
        final LinePath result = path.simplify();

        // assert
        Assertions.assertNotSame(path, result);
        Assertions.assertFalse(result.isClosed());
        Assertions.assertFalse(result.isInfinite());

        final List<LineConvexSubset> segments = result.getElements();
        Assertions.assertEquals(0, segments.size());
    }",LinePathTest::testSimplify_empty_oe
commons-geometry_2163,"@Test
    void testSimplify_infiniteSegment_oe() {
        // arrange
        final Line line = Lines.fromPointAndAngle(Vector2D.ZERO, 0.0, TEST_PRECISION);

        final Builder builder = LinePath.builder(TEST_PRECISION);
        final LinePath path = builder
                .append(line.span())
                .build();

        // act
        final LinePath result = path.simplify();

        // assert
        Assertions.assertNotSame(path, result);
        Assertions.assertFalse(result.isClosed());
        Assertions.assertTrue(result.isInfinite());

        Assertions.assertNotNull(path.getStart());
        Assertions.assertNotNull(path.getEnd());
        Assertions.assertSame(path.getStart(), path.getEnd());

        final List<LineConvexSubset> segments = result.getElements();
        Assertions.assertEquals(1, segments.size());
        Assertions.assertSame(line, segments.get(0).getLine());
    }",LinePathTest::testSimplify_infiniteSegment_oe
commons-geometry_2164,"@Test
    void testSimplify_combinedInfiniteSegment_oe() {
        // arrange
        final Line line = Lines.fromPointAndAngle(Vector2D.ZERO, 0.0, TEST_PRECISION);
        final Split<LineConvexSubset> split = line.span().split(
                Lines.fromPointAndAngle(Vector2D.ZERO, Angle.PI_OVER_TWO, TEST_PRECISION));

        final Builder builder = LinePath.builder(TEST_PRECISION);
        final LinePath path = builder
                .append(split.getMinus())
                .append(split.getPlus())
                .build();

        // act
        final LinePath result = path.simplify();

        // assert
        Assertions.assertNotSame(path, result);
        Assertions.assertFalse(result.isClosed());
        Assertions.assertTrue(result.isInfinite());

        Assertions.assertNotNull(result.getStart());
        Assertions.assertNotNull(result.getEnd());
        Assertions.assertSame(result.getStart(), result.getEnd());

        final List<LineConvexSubset> segments = result.getElements();
        Assertions.assertEquals(1, segments.size());
        Assertions.assertSame(line, segments.get(0).getLine());
    }",LinePathTest::testSimplify_combinedInfiniteSegment_oe
commons-geometry_2165,"@Test
    void testSimplify_startAndEndNotCombinedWhenNotClosed_oe() {
        // arrange
        final Line xAxis = Lines.fromPointAndAngle(Vector2D.ZERO, 0.0, TEST_PRECISION);
        final Builder builder = LinePath.builder(TEST_PRECISION);

        final LinePath path = builder
                .append(xAxis.segment(0, 1))
                .appendVertices(
                        Vector2D.of(2, 1),
                        Vector2D.of(3, 0))
                .append(xAxis.segment(3, 4))
            .build();

        // act
        final LinePath result = path.simplify();

        // assert
        Assertions.assertNotSame(path, result);
        Assertions.assertFalse(result.isClosed());
        Assertions.assertFalse(result.isInfinite());

        final List<LineConvexSubset> segments = result.getElements();
        Assertions.assertEquals(4, segments.size());
        assertFiniteSegment(segments.get(0), Vector2D.ZERO, Vector2D.of(1, 0));
        assertFiniteSegment(segments.get(1), Vector2D.of(1, 0), Vector2D.of(2, 1));
        assertFiniteSegment(segments.get(2), Vector2D.of(2, 1), Vector2D.of(3, 0));
        assertFiniteSegment(segments.get(3), Vector2D.of(3, 0), Vector2D.of(4, 0));
    }",LinePathTest::testSimplify_startAndEndNotCombinedWhenNotClosed_oe
commons-geometry_2166,"@Test
    void testSimplify_subsequentCallsToReturnedObjectReturnSameObject_oe() {
        // arrange
        final Builder builder = LinePath.builder(TEST_PRECISION);
        final LinePath path = builder.appendVertices(
                    Vector2D.ZERO,
                    Vector2D.of(1, 0),
                    Vector2D.of(2, 0))
                .build();

        // act
        final LinePath result = path.simplify();

        // assert
        Assertions.assertNotSame(path, result);
        Assertions.assertSame(result, result.simplify());
    }",LinePathTest::testSimplify_subsequentCallsToReturnedObjectReturnSameObject_oe
commons-geometry_2167,"@Test
    void testToString_oe() {
        // arrange
        final Line yAxis = Lines.fromPoints(Vector2D.ZERO, Vector2D.Unit.PLUS_Y, TEST_PRECISION);
        final Line xAxis = Lines.fromPoints(Vector2D.ZERO, Vector2D.Unit.PLUS_X, TEST_PRECISION);

        final LinePath empty = LinePath.empty();

        final LinePath singleFullSegment = LinePath.from(xAxis.span());
        final LinePath singleFiniteSegment = LinePath.from(
                Lines.segmentFromPoints(Vector2D.ZERO, Vector2D.Unit.PLUS_X, TEST_PRECISION));

        final LinePath startOpenPath = LinePath.builder(TEST_PRECISION)
                .append(xAxis.reverseRayTo(Vector2D.Unit.PLUS_X))
                .append(Vector2D.of(1, 1))
                .build();

        final LinePath endOpenPath = LinePath.builder(TEST_PRECISION)
                .append(Vector2D.of(0, 1))
                .append(Vector2D.ZERO)
                .append(xAxis.rayFrom(Vector2D.ZERO))
                .build();

        final LinePath doubleOpenPath = LinePath.from(yAxis.reverseRayTo(Vector2D.ZERO),
                xAxis.rayFrom(Vector2D.ZERO));

        final LinePath nonOpenPath = LinePath.builder(TEST_PRECISION)
                .append(Vector2D.ZERO)
                .append(Vector2D.Unit.PLUS_X)
                .append(Vector2D.of(1, 1))
                .build();

        // act/assert
        final String emptyStr = empty.toString();
        GeometryTestUtils.assertContains(""LinePath[empty= true"", emptyStr);

        final String singleFullStr = singleFullSegment.toString();
        GeometryTestUtils.assertContains(""LinePath[single= LineSpanningSubset["", singleFullStr);

        final String singleFiniteStr = singleFiniteSegment.toString();
        GeometryTestUtils.assertContains(""LinePath[single= Segment["", singleFiniteStr);

        final String startOpenStr = startOpenPath.toString();
        GeometryTestUtils.assertContains(""LinePath[startDirection= "", startOpenStr);
        GeometryTestUtils.assertContains(""vertexSequence="", startOpenStr);

        final String endOpenStr = endOpenPath.toString();
        GeometryTestUtils.assertContains(""LinePath[vertexSequence= "", endOpenStr);
        GeometryTestUtils.assertContains(""endDirection= "", endOpenStr);

        final String doubleOpenStr = doubleOpenPath.toString();
        GeometryTestUtils.assertContains(""startDirection= "", doubleOpenStr);
        GeometryTestUtils.assertContains(""vertexSequence= "", doubleOpenStr);
        GeometryTestUtils.assertContains(""endDirection= "", doubleOpenStr);

        final String nonOpenStr = nonOpenPath.toString();
        GeometryTestUtils.assertContains(""LinePath[vertexSequence= "", nonOpenStr);
    }",LinePathTest::testToString_oe
commons-geometry_2168,"@Test
    void testBuilder_prependAndAppend_segments_oe() {
        // arrange
        final Vector2D p1 = Vector2D.ZERO;
        final Vector2D p2 = Vector2D.of(1, 0);
        final Vector2D p3 = Vector2D.of(1, 1);
        final Vector2D p4 = Vector2D.of(1, 0);

        final Segment a = Lines.segmentFromPoints(p1, p2, TEST_PRECISION);
        final Segment b = Lines.segmentFromPoints(p2, p3, TEST_PRECISION);
        final Segment c = Lines.segmentFromPoints(p3, p4, TEST_PRECISION);
        final Segment d = Lines.segmentFromPoints(p4, p1, TEST_PRECISION);

        final Builder builder = LinePath.builder(null);

        // act
        builder.prepend(b)
            .append(c)
            .prepend(a)
            .append(d);

        final LinePath path = builder.build();

        // assert
        final List<LineConvexSubset> segments = path.getElements();
        Assertions.assertEquals(4, segments.size());
        Assertions.assertSame(a, segments.get(0));
        Assertions.assertSame(b, segments.get(1));
        Assertions.assertSame(c, segments.get(2));
        Assertions.assertSame(d, segments.get(3));
    }",LinePathTest::testBuilder_prependAndAppend_segments_oe
commons-geometry_2169,"@Test
    void testBuilder_prependAndAppend_disconnectedSegments_oe() {
        // arrange
        final Segment a = Lines.segmentFromPoints(Vector2D.ZERO, Vector2D.of(1, 0), TEST_PRECISION);

        final Builder builder = LinePath.builder(null);
        builder.append(a);

        // act
        Assertions.assertThrows(IllegalStateException.class, () -> builder.append(a));
        Assertions.assertThrows(IllegalStateException.class, () -> builder.prepend(a));
    }",LinePathTest::testBuilder_prependAndAppend_disconnectedSegments_oe
commons-geometry_2170,"@Test
    void testBuilder_prependAndAppend_vertices_oe() {
        // arrange
        final Vector2D p1 = Vector2D.ZERO;
        final Vector2D p2 = Vector2D.of(1, 0);
        final Vector2D p3 = Vector2D.of(1, 1);
        final Vector2D p4 = Vector2D.of(1, 0);

        final Builder builder = LinePath.builder(TEST_PRECISION);

        // act
        builder.prepend(p2)
            .append(p3)
            .prepend(p1)
            .append(p4)
            .append(p1);

        final LinePath path = builder.build();

        // assert
        final List<LineConvexSubset> segments = path.getElements();
        Assertions.assertEquals(4, segments.size());
        assertFiniteSegment(segments.get(0), p1, p2);
        assertFiniteSegment(segments.get(1), p2, p3);
        assertFiniteSegment(segments.get(2), p3, p4);
        assertFiniteSegment(segments.get(3), p4, p1);
    }",LinePathTest::testBuilder_prependAndAppend_vertices_oe
commons-geometry_2171,"@Test
    void testBuilder_prependAndAppend_noPrecisionSpecified_oe() {
        // arrange
        final Vector2D p = Vector2D.ZERO;
        final Builder builder = LinePath.builder(null);

        final String msg = ""Unable to create line segment: no vertex precision specified"";

        // act/assert
        GeometryTestUtils.assertThrowsWithMessage(() -> {
            builder.append(p);
        }, IllegalStateException.class, msg);

        GeometryTestUtils.assertThrowsWithMessage(() -> {
            builder.prepend(p);
        }, IllegalStateException.class, msg);
    }",LinePathTest::testBuilder_prependAndAppend_noPrecisionSpecified_oe
commons-geometry_2172,"@Test
    void testBuilder_prependAndAppend_addingToInfinitePath_oe() {
        // arrange
        final Vector2D p = Vector2D.Unit.PLUS_X;
        final Builder builder = LinePath.builder(TEST_PRECISION);

        builder.append(Lines.fromPointAndAngle(Vector2D.ZERO, 0.0, TEST_PRECISION).span());

        // act/assert
        Assertions.assertThrows(IllegalStateException.class, () -> builder.prepend(p));
        Assertions.assertThrows(IllegalStateException.class, () -> builder.append(p));
    }",LinePathTest::testBuilder_prependAndAppend_addingToInfinitePath_oe
commons-geometry_2173,"@Test
    void testBuilder_prependAndAppend_ignoresEquivalentVertices_oe() {
        // arrange
        final Vector2D p = Vector2D.ZERO;

        final Builder builder = LinePath.builder(TEST_PRECISION);
        builder.append(p);

        // act
        builder.append(p)
            .prepend(p)
            .append(Vector2D.of(0, 1e-20))
            .prepend(Vector2D.of(1e-20, 0));

        builder.append(Vector2D.Unit.PLUS_X);

        // assert
        final LinePath path = builder.build();

        final List<LineConvexSubset> segments = path.getElements();
        Assertions.assertEquals(1, segments.size());
        assertFiniteSegment(segments.get(0), p, Vector2D.Unit.PLUS_X);
    }",LinePathTest::testBuilder_prependAndAppend_ignoresEquivalentVertices_oe
commons-geometry_2174,"@Test
    void testBuilder_prependAndAppend_mixedVerticesAndSegments_oe() {
        // arrange
        final Vector2D p1 = Vector2D.ZERO;
        final Vector2D p2 = Vector2D.of(1, 0);
        final Vector2D p3 = Vector2D.of(1, 1);
        final Vector2D p4 = Vector2D.of(0, 1);

        final Segment a = Lines.segmentFromPoints(p1, p2, TEST_PRECISION);
        final Segment c = Lines.segmentFromPoints(p3, p4, TEST_PRECISION);

        final Builder builder = LinePath.builder(TEST_PRECISION);

        // act
        builder.prepend(p2)
            .append(p3)
            .append(c)
            .prepend(a)
            .append(p1);

        final LinePath path = builder.build();

        // assert
        final List<LineConvexSubset> segments = path.getElements();
        Assertions.assertEquals(4, segments.size());
        assertFiniteSegment(segments.get(0), p1, p2);
        assertFiniteSegment(segments.get(1), p2, p3);
        assertFiniteSegment(segments.get(2), p3, p4);
        assertFiniteSegment(segments.get(3), p4, p1);
    }",LinePathTest::testBuilder_prependAndAppend_mixedVerticesAndSegments_oe
commons-geometry_2175,"@Test
    void testBuilder_appendVertices_oe() {
        // arrange
        final Vector2D p1 = Vector2D.ZERO;
        final Vector2D p2 = Vector2D.of(1, 0);
        final Vector2D p3 = Vector2D.of(1, 1);
        final Vector2D p4 = Vector2D.of(0, 1);

        final Builder builder = LinePath.builder(TEST_PRECISION);

        // act
        builder.appendVertices(p1, p2)
            .appendVertices(Arrays.asList(p3, p4, p1));

        final LinePath path = builder.build();

        // assert
        final List<LineConvexSubset> segments = path.getElements();
        Assertions.assertEquals(4, segments.size());
        assertFiniteSegment(segments.get(0), p1, p2);
        assertFiniteSegment(segments.get(1), p2, p3);
        assertFiniteSegment(segments.get(2), p3, p4);
        assertFiniteSegment(segments.get(3), p4, p1);
    }",LinePathTest::testBuilder_appendVertices_oe
commons-geometry_2176,"@Test
    void testBuilder_prependVertices_oe() {
        // arrange
        final Vector2D p1 = Vector2D.ZERO;
        final Vector2D p2 = Vector2D.of(1, 0);
        final Vector2D p3 = Vector2D.of(1, 1);
        final Vector2D p4 = Vector2D.of(0, 1);

        final Builder builder = LinePath.builder(TEST_PRECISION);

        // act
        builder.prependVertices(p3, p4, p1)
            .prependVertices(Arrays.asList(p1, p2));

        final LinePath path = builder.build();

        // assert
        final List<LineConvexSubset> segments = path.getElements();
        Assertions.assertEquals(4, segments.size());
        assertFiniteSegment(segments.get(0), p1, p2);
        assertFiniteSegment(segments.get(1), p2, p3);
        assertFiniteSegment(segments.get(2), p3, p4);
        assertFiniteSegment(segments.get(3), p4, p1);
    }",LinePathTest::testBuilder_prependVertices_oe
commons-geometry_2177,"@Test
    void testBuilder_close_notYetClosed_oe() {
        // arrange
        final Vector2D p1 = Vector2D.ZERO;
        final Vector2D p2 = Vector2D.of(1, 0);
        final Vector2D p3 = Vector2D.of(1, 1);

        final Builder builder = LinePath.builder(TEST_PRECISION);

        // act
        builder.append(p1)
            .append(p2)
            .append(p3);

        final LinePath path = builder.close();

        // assert
        final List<LineConvexSubset> segments = path.getElements();
        Assertions.assertEquals(3, segments.size());
        assertFiniteSegment(segments.get(0), p1, p2);
        assertFiniteSegment(segments.get(1), p2, p3);
        assertFiniteSegment(segments.get(2), p3, p1);
    }",LinePathTest::testBuilder_close_notYetClosed_oe
commons-geometry_2178,"@Test
    void testBuilder_close_alreadyClosed_oe() {
        // arrange
        final Vector2D p1 = Vector2D.ZERO;
        final Vector2D p2 = Vector2D.of(1, 0);
        final Vector2D p3 = Vector2D.of(1, 1);

        final Builder builder = LinePath.builder(TEST_PRECISION);

        // act
        builder.append(p1)
            .append(p2)
            .append(p3)
            .append(p1);

        final LinePath path = builder.close();

        // assert
        final List<LineConvexSubset> segments = path.getElements();
        Assertions.assertEquals(3, segments.size());
        assertFiniteSegment(segments.get(0), p1, p2);
        assertFiniteSegment(segments.get(1), p2, p3);
        assertFiniteSegment(segments.get(2), p3, p1);
    }",LinePathTest::testBuilder_close_alreadyClosed_oe
commons-geometry_2179,"@Test
    void testBuilder_close_infiniteSegmentAtStart_oe() {
        // arrange
        final Builder builder = LinePath.builder(TEST_PRECISION);

        builder.append(Lines.fromPointAndAngle(Vector2D.ZERO, 0.0, TEST_PRECISION)
                .reverseRayTo(1))
            .append(Vector2D.of(1, 1));

        // act/assert
        GeometryTestUtils.assertThrowsWithMessage(builder::close, IllegalStateException.class,
                ""Unable to close line path: line path is infinite"");
    }",LinePathTest::testBuilder_close_infiniteSegmentAtStart_oe
commons-geometry_2180,"@Test
    void testBuilder_close_infiniteSegmentAtEnd_oe() {
        // arrange
        final Builder builder = LinePath.builder(TEST_PRECISION);

        builder
            .append(Vector2D.ZERO)
            .append(Vector2D.Unit.PLUS_X)
            .append(Lines.fromPointAndAngle(Vector2D.Unit.PLUS_X, Angle.PI_OVER_TWO, TEST_PRECISION)
                .rayFrom(0));

        // act/assert
        GeometryTestUtils.assertThrowsWithMessage(builder::close, IllegalStateException.class,
                ""Unable to close line path: line path is infinite"");
    }",LinePathTest::testBuilder_close_infiniteSegmentAtEnd_oe
commons-geometry_2181,"@Test
    void testBuilder_close_emptyPath_oe() {
        // arrange
        final Builder builder = LinePath.builder(TEST_PRECISION);

        // act
        final LinePath path = builder.close();

        // assert
        Assertions.assertEquals(0, path.getElements().size());
    }",LinePathTest::testBuilder_close_emptyPath_oe
commons-geometry_2182,"@Test
    void testBuilder_close_obtuseTriangle_oe() {
        // arrange
        final Builder builder = LinePath.builder(TEST_PRECISION);
        builder.appendVertices(Vector2D.ZERO, Vector2D.of(1, 0), Vector2D.of(2, 1));

        // act
        final LinePath path = builder.close();

        // assert
        Assertions.assertEquals(3, path.getElements().size());
        assertFiniteSegment(path.getElements().get(0), Vector2D.ZERO, Vector2D.of(1, 0));
        assertFiniteSegment(path.getElements().get(1), Vector2D.of(1, 0), Vector2D.of(2, 1));
        assertFiniteSegment(path.getElements().get(2), Vector2D.of(2, 1), Vector2D.ZERO);
    }",LinePathTest::testBuilder_close_obtuseTriangle_oe
commons-geometry_2183,"@Test
    void testIdentity_oe() {
        // act
        final Rotation2D r = Rotation2D.identity();

        // assert
        Assertions.assertEquals(0.0, r.getAngle(), 0.0);
        Assertions.assertTrue(r.preservesOrientation());
    }",Rotation2DTest::testIdentity_oe
commons-geometry_2184,"@Test
    void testProperties_oe() {
        // act
        final Rotation2D r = Rotation2D.of(100.0);

        // assert
        Assertions.assertEquals(100.0, r.getAngle(), 0.0);
        Assertions.assertTrue(r.preservesOrientation());
    }",Rotation2DTest::testProperties_oe
commons-geometry_2185,"@Test
    void testInverse_properties_oe() {
        // arrange
        final Rotation2D orig = Rotation2D.of(100.0);

        // act
        final Rotation2D r = orig.inverse();

        // assert
        Assertions.assertEquals(-100.0, r.getAngle(), 0.0);
        Assertions.assertTrue(r.preservesOrientation());
    }",Rotation2DTest::testInverse_properties_oe
commons-geometry_2186,"@Test
    void testInverse_apply_oe() {
        // arrange
        final Rotation2D orig = Rotation2D.of(100.0);
        final Rotation2D inv = orig.inverse();

        final Vector2D v1 = Vector2D.of(1, 2);
        final Vector2D v2 = Vector2D.of(-3, 4);
        final Vector2D v3 = Vector2D.of(-5, -6);
        final Vector2D v4 = Vector2D.of(7, -8);

        // act/assert
        EuclideanTestUtils.assertCoordinatesEqual(v1, orig.apply(inv.apply(v1)), TEST_EPS);
        EuclideanTestUtils.assertCoordinatesEqual(v2, inv.apply(orig.apply(v2)), TEST_EPS);
        EuclideanTestUtils.assertCoordinatesEqual(v3, orig.apply(inv.apply(v3)), TEST_EPS);
        EuclideanTestUtils.assertCoordinatesEqual(v4, inv.apply(orig.apply(v4)), TEST_EPS);
    }",Rotation2DTest::testInverse_apply_oe
commons-geometry_2187,"@Test
    void testToMatrix_oe() {
        // arrange
        final double angle = 0.1 * Math.PI;

        // act
        final AffineTransformMatrix2D m = Rotation2D.of(angle).toMatrix();

        // assert
        final double sin = Math.sin(angle);
        final double cos = Math.cos(angle);

        final double[] expected = {
            cos, -sin, 0,
            sin, cos, 0
        };
        Assertions.assertArrayEquals(expected, m.toArray(), 0.0);
    }",Rotation2DTest::testToMatrix_oe
commons-geometry_2188,"@Test
    void testCreateRotationVector_oe() {
        // arrange
        final double min = -8;
        final double max = 8;
        final double step = 1;

        EuclideanTestUtils.permuteSkipZero(min, max, step, (ux, uy) -> {
            EuclideanTestUtils.permuteSkipZero(min, max, step, (vx, vy) -> {

                final Vector2D u = Vector2D.of(ux, uy);
                final Vector2D v = Vector2D.of(vx, vy);

                // act
                final Rotation2D r = Rotation2D.createVectorRotation(u, v);

                // assert
                EuclideanTestUtils.assertCoordinatesEqual(v.normalize(), r.apply(u).normalize(), TEST_EPS); // u -> v
                Assertions.assertEquals(0.0, v.dot(r.apply(u.orthogonal())), TEST_EPS); // preserves orthogonality
            });
        });
    }",Rotation2DTest::testCreateRotationVector_oe
commons-geometry_2189,"@Test
    void testCreateRotationVector_invalidVectors_oe() {
        // arrange
        final Vector2D vec = Vector2D.of(1, 1);

        final Vector2D zero = Vector2D.ZERO;
        final Vector2D nan = Vector2D.NaN;
        final Vector2D posInf = Vector2D.POSITIVE_INFINITY;
        final Vector2D negInf = Vector2D.POSITIVE_INFINITY;

        // act/assert
        Assertions.assertThrows(IllegalArgumentException.class, () -> Rotation2D.createVectorRotation(zero, vec));
        Assertions.assertThrows(IllegalArgumentException.class, () -> Rotation2D.createVectorRotation(vec, zero));
        Assertions.assertThrows(IllegalArgumentException.class, () -> Rotation2D.createVectorRotation(nan, vec));
        Assertions.assertThrows(IllegalArgumentException.class, () -> Rotation2D.createVectorRotation(vec, nan));
        Assertions.assertThrows(IllegalArgumentException.class, () -> Rotation2D.createVectorRotation(posInf, vec));
        Assertions.assertThrows(IllegalArgumentException.class, () -> Rotation2D.createVectorRotation(vec, negInf));
        Assertions.assertThrows(IllegalArgumentException.class, () -> Rotation2D.createVectorRotation(zero, nan));
        Assertions.assertThrows(IllegalArgumentException.class, () -> Rotation2D.createVectorRotation(negInf, posInf));
    }",Rotation2DTest::testCreateRotationVector_invalidVectors_oe
commons-geometry_2190,"@Test
    void testHashCode_oe() {
        // arrange
        final Rotation2D a = Rotation2D.of(1.0);
        final Rotation2D b = Rotation2D.of(0.0);
        final Rotation2D c = Rotation2D.of(-1.0);
        final Rotation2D d = Rotation2D.of(1.0);

        final int hash = a.hashCode();

        // act/assert
        Assertions.assertEquals(hash, a.hashCode());

        Assertions.assertNotEquals(hash, b.hashCode());
        Assertions.assertNotEquals(hash, c.hashCode());

        Assertions.assertEquals(hash, d.hashCode());
    }",Rotation2DTest::testHashCode_oe
commons-geometry_2191,"@Test
    void testEquals_oe() {
        // arrange
        final Rotation2D a = Rotation2D.of(1.0);
        final Rotation2D b = Rotation2D.of(0.0);
        final Rotation2D c = Rotation2D.of(-1.0);
        final Rotation2D d = Rotation2D.of(1.0);

        // act/assert
        GeometryTestUtils.assertSimpleEqualsCases(a);

        Assertions.assertNotEquals(a, b);
        Assertions.assertNotEquals(a, c);

        Assertions.assertEquals(a, d);
        Assertions.assertEquals(d, a);
    }",Rotation2DTest::testEquals_oe
commons-geometry_2192,"@Test
    void testToString_oe() {
        // arrange
        final Rotation2D r = Rotation2D.of(1.0);

        // act
        final String str = r.toString();

        // assert
        Assertions.assertEquals(""Rotation2D[angle=1.0]"", str);
    }",Rotation2DTest::testToString_oe
commons-geometry_2193,"@Test
    void testFrom_verticesAndFaces_oe() {
        // arrange
        final Vector3D[] vertices = {
            Vector3D.ZERO,
            Vector3D.of(1, 1, 0),
            Vector3D.of(1, 1, 1),
            Vector3D.of(0, 0, 1)
        };

        final int[][] faceIndices = {{0, 1, 2}, {0, 2, 3}};

        // act
        final SimpleTriangleMesh mesh = SimpleTriangleMesh.from(vertices, faceIndices, TEST_PRECISION);

        // assert
        Assertions.assertEquals(4, mesh.getVertexCount());
        Assertions.assertEquals(Arrays.asList(vertices), mesh.getVertices());

        Assertions.assertEquals(2, mesh.getFaceCount());

        final List<TriangleMesh.Face> faces = mesh.getFaces();
        Assertions.assertEquals(2, faces.size());

        final TriangleMesh.Face f1 = faces.get(0);
        Assertions.assertEquals(0, f1.getIndex());
        Assertions.assertArrayEquals(new int[] {0, 1, 2}, f1.getVertexIndices());
        Assertions.assertSame(vertices[0], f1.getPoint1());
        Assertions.assertSame(vertices[1], f1.getPoint2());
        Assertions.assertSame(vertices[2], f1.getPoint3());
        Assertions.assertEquals(Arrays.asList(vertices[0], vertices[1], vertices[2]), f1.getVertices());
        Assertions.assertTrue(f1.definesPolygon());

        final Triangle3D t1 = f1.getPolygon();
        Assertions.assertEquals(Arrays.asList(vertices[0], vertices[1], vertices[2]), t1.getVertices());

        final TriangleMesh.Face f2 = faces.get(1);
        Assertions.assertEquals(1, f2.getIndex());
        Assertions.assertArrayEquals(new int[] {0, 2, 3}, f2.getVertexIndices());
        Assertions.assertSame(vertices[0], f2.getPoint1());
        Assertions.assertSame(vertices[2], f2.getPoint2());
        Assertions.assertSame(vertices[3], f2.getPoint3());
        Assertions.assertEquals(Arrays.asList(vertices[0], vertices[2], vertices[3]), f2.getVertices());
        Assertions.assertTrue(f2.definesPolygon());

        final Triangle3D t2 = f2.getPolygon();
        Assertions.assertEquals(Arrays.asList(vertices[0], vertices[2], vertices[3]), t2.getVertices());

        final Bounds3D bounds = mesh.getBounds();
        EuclideanTestUtils.assertCoordinatesEqual(Vector3D.ZERO, bounds.getMin(), TEST_EPS);
        EuclideanTestUtils.assertCoordinatesEqual(Vector3D.of(1, 1, 1), bounds.getMax(), TEST_EPS);

        Assertions.assertSame(TEST_PRECISION, mesh.getPrecision());
    }",SimpleTriangleMeshTest::testFrom_verticesAndFaces_oe
commons-geometry_2194,"@Test
    void testFrom_verticesAndFaces_empty_oe() {
        // arrange
        final Vector3D[] vertices = {};

        final int[][] faceIndices = {};

        // act
        final SimpleTriangleMesh mesh = SimpleTriangleMesh.from(vertices, faceIndices, TEST_PRECISION);

        // assert
        Assertions.assertEquals(0, mesh.getVertexCount());
        Assertions.assertEquals(0, mesh.getVertices().size());

        Assertions.assertEquals(0, mesh.getFaceCount());
        Assertions.assertEquals(0, mesh.getFaces().size());

        Assertions.assertNull(mesh.getBounds());

        Assertions.assertTrue(mesh.toTree().isEmpty());
    }",SimpleTriangleMeshTest::testFrom_verticesAndFaces_empty_oe
commons-geometry_2195,"@Test
    void testFrom_boundarySource_oe() {
        // arrange
        final BoundarySource3D src = Parallelepiped.axisAligned(Vector3D.ZERO, Vector3D.of(1, 1, 1), TEST_PRECISION);

        // act
        final SimpleTriangleMesh mesh = SimpleTriangleMesh.from(src, TEST_PRECISION);

        // assert
        Assertions.assertEquals(8, mesh.getVertexCount());

        final Vector3D p1 = Vector3D.of(0, 0, 0);
        final Vector3D p2 = Vector3D.of(0, 0, 1);
        final Vector3D p3 = Vector3D.of(0, 1, 0);
        final Vector3D p4 = Vector3D.of(0, 1, 1);

        final Vector3D p5 = Vector3D.of(1, 0, 0);
        final Vector3D p6 = Vector3D.of(1, 0, 1);
        final Vector3D p7 = Vector3D.of(1, 1, 0);
        final Vector3D p8 = Vector3D.of(1, 1, 1);

        final List<Vector3D> vertices = mesh.getVertices();
        Assertions.assertEquals(8, vertices.size());

        Assertions.assertTrue(vertices.contains(p1));
        Assertions.assertTrue(vertices.contains(p2));
        Assertions.assertTrue(vertices.contains(p3));
        Assertions.assertTrue(vertices.contains(p4));
        Assertions.assertTrue(vertices.contains(p5));
        Assertions.assertTrue(vertices.contains(p6));
        Assertions.assertTrue(vertices.contains(p7));
        Assertions.assertTrue(vertices.contains(p8));

        Assertions.assertEquals(12, mesh.getFaceCount());

        final RegionBSPTree3D tree = mesh.toTree();

        Assertions.assertEquals(1, tree.getSize(), TEST_EPS);
        EuclideanTestUtils.assertCoordinatesEqual(Vector3D.of(0.5, 0.5, 0.5), tree.getCentroid(), TEST_EPS);

        Assertions.assertSame(TEST_PRECISION, mesh.getPrecision());
    }",SimpleTriangleMeshTest::testFrom_boundarySource_oe
commons-geometry_2196,"@Test
    void testFrom_boundarySource_empty_oe() {
        // act
        final SimpleTriangleMesh mesh = SimpleTriangleMesh.from(BoundarySource3D.of(Collections.emptyList()),
                TEST_PRECISION);

        // assert
        Assertions.assertEquals(0, mesh.getVertexCount());
        Assertions.assertEquals(0, mesh.getVertices().size());

        Assertions.assertEquals(0, mesh.getFaceCount());
        Assertions.assertEquals(0, mesh.getFaces().size());

        Assertions.assertNull(mesh.getBounds());

        Assertions.assertTrue(mesh.toTree().isEmpty());
    }",SimpleTriangleMeshTest::testFrom_boundarySource_empty_oe
commons-geometry_2197,"@Test
    void testVertices_iterable_oe() {
        // arrange
        final List<Vector3D> vertices = Arrays.asList(
            Vector3D.ZERO,
            Vector3D.of(1, 0, 0),
            Vector3D.of(0, 1, 0)
        );

        final List<int[]> faceIndices = Collections.singletonList(new int[]{0, 1, 2});

        final SimpleTriangleMesh mesh = SimpleTriangleMesh.from(vertices, faceIndices, TEST_PRECISION);

        // act
        final List<Vector3D> result = new ArrayList<>();
        mesh.vertices().forEach(result::add);

        // assert
        Assertions.assertEquals(vertices, result);
    }",SimpleTriangleMeshTest::testVertices_iterable_oe
commons-geometry_2198,"@Test
    void testFaces_iterable_oe() {
        // arrange
        final List<Vector3D> vertices = Arrays.asList(
            Vector3D.ZERO,
            Vector3D.of(1, 0, 0),
            Vector3D.of(0, 1, 0),
            Vector3D.of(0, 0, 1)
        );

        final List<int[]> faceIndices = Arrays.asList(
            new int[] {0, 1, 2},
            new int[] {0, 2, 3}
        );

        final SimpleTriangleMesh mesh = SimpleTriangleMesh.from(vertices, faceIndices, TEST_PRECISION);

        // act
        final List<TriangleMesh.Face> result = new ArrayList<>();
        mesh.faces().forEach(result::add);

        // assert
        Assertions.assertEquals(2, result.size());

        final TriangleMesh.Face f1 = result.get(0);
        Assertions.assertEquals(0, f1.getIndex());
        Assertions.assertArrayEquals(new int[] {0, 1, 2}, f1.getVertexIndices());
        Assertions.assertSame(vertices.get(0), f1.getPoint1());
        Assertions.assertSame(vertices.get(1), f1.getPoint2());
        Assertions.assertSame(vertices.get(2), f1.getPoint3());
        Assertions.assertEquals(Arrays.asList(vertices.get(0), vertices.get(1), vertices.get(2)), f1.getVertices());
        Assertions.assertTrue(f1.definesPolygon());

        final TriangleMesh.Face f2 = result.get(1);
        Assertions.assertEquals(1, f2.getIndex());
        Assertions.assertArrayEquals(new int[] {0, 2, 3}, f2.getVertexIndices());
        Assertions.assertSame(vertices.get(0), f2.getPoint1());
        Assertions.assertSame(vertices.get(2), f2.getPoint2());
        Assertions.assertSame(vertices.get(3), f2.getPoint3());
        Assertions.assertEquals(Arrays.asList(vertices.get(0), vertices.get(2), vertices.get(3)), f2.getVertices());
        Assertions.assertTrue(f2.definesPolygon());
    }",SimpleTriangleMeshTest::testFaces_iterable_oe
commons-geometry_2199,"@Test
    void testFaces_iterator_oe() {
        // arrange
        final List<Vector3D> vertices = Arrays.asList(
            Vector3D.ZERO,
            Vector3D.of(1, 0, 0),
            Vector3D.of(0, 1, 0)
        );

        final List<int[]> faceIndices = Collections.singletonList(new int[]{0, 1, 2}
        );

        final SimpleTriangleMesh mesh = SimpleTriangleMesh.from(vertices, faceIndices, TEST_PRECISION);

        // act/assert
        final Iterator<TriangleMesh.Face> it = mesh.faces().iterator();

        Assertions.assertTrue(it.hasNext());
        Assertions.assertEquals(0, it.next().getIndex());
        Assertions.assertFalse(it.hasNext());

        Assertions.assertThrows(NoSuchElementException.class, it::next);
    }",SimpleTriangleMeshTest::testFaces_iterator_oe
commons-geometry_2200,"@Test
    void testTriangleStream_oe() {
        // arrange
        final List<Vector3D> vertices = Arrays.asList(
            Vector3D.ZERO,
            Vector3D.of(1, 0, 0),
            Vector3D.of(0, 1, 0),
            Vector3D.of(0, 0, 1)
        );

        final List<int[]> faceIndices = Arrays.asList(
            new int[] {0, 1, 2},
            new int[] {0, 2, 3}
        );

        final SimpleTriangleMesh mesh = SimpleTriangleMesh.from(vertices, faceIndices, TEST_PRECISION);

        // act
        final List<Triangle3D> tris = mesh.triangleStream().collect(Collectors.toList());

        // assert
        Assertions.assertEquals(2, tris.size());

        final Triangle3D t1 = tris.get(0);
        Assertions.assertSame(vertices.get(0), t1.getPoint1());
        Assertions.assertSame(vertices.get(1), t1.getPoint2());
        Assertions.assertSame(vertices.get(2), t1.getPoint3());

        final Triangle3D t2 = tris.get(1);
        Assertions.assertSame(vertices.get(0), t2.getPoint1());
        Assertions.assertSame(vertices.get(2), t2.getPoint2());
        Assertions.assertSame(vertices.get(3), t2.getPoint3());
    }",SimpleTriangleMeshTest::testTriangleStream_oe
commons-geometry_2201,"@Test
    void testToTriangleMesh_oe() {
        // arrange
        final Precision.DoubleEquivalence precision1 = Precision.doubleEquivalenceOfEpsilon(1e-1);
        final Precision.DoubleEquivalence precision2 = Precision.doubleEquivalenceOfEpsilon(1e-2);

        final SimpleTriangleMesh mesh = SimpleTriangleMesh.from(Parallelepiped.unitCube(TEST_PRECISION), precision1);

        // act/assert
        Assertions.assertSame(mesh, mesh.toTriangleMesh(precision1));

        final SimpleTriangleMesh other = mesh.toTriangleMesh(precision2);
        Assertions.assertSame(precision2, other.getPrecision());
        Assertions.assertEquals(mesh.getVertices(), other.getVertices());
        Assertions.assertEquals(12, other.getFaceCount());
        for (int i = 0; i < 12; ++i) {
            Assertions.assertArrayEquals(mesh.getFace(i).getVertexIndices(), other.getFace(i).getVertexIndices());
        }

        Assertions.assertSame(mesh, mesh.toTriangleMesh(precision1));
    }",SimpleTriangleMeshTest::testToTriangleMesh_oe
commons-geometry_2202,"@Test
    void testFace_doesNotDefineTriangle_oe() {
        // arrange
        final Precision.DoubleEquivalence precision = Precision.doubleEquivalenceOfEpsilon(1e-1);
        final Vector3D[] vertices = {
            Vector3D.ZERO,
            Vector3D.of(0.01, -0.01, 0.01),
            Vector3D.of(0.01, 0.01, 0.01),
            Vector3D.of(1, 0, 0),
            Vector3D.of(2, 0.01, 0)
        };
        final int[][] faces = {{0, 1, 2}, {0, 3, 4}};
        final SimpleTriangleMesh mesh = SimpleTriangleMesh.from(vertices, faces, precision);

        // act/assert
        final Pattern msgPattern = Pattern.compile(""^Points do not define a plane: .*"");

        Assertions.assertFalse(mesh.getFace(0).definesPolygon());
        GeometryTestUtils.assertThrowsWithMessage(() -> {
            mesh.getFace(0).getPolygon();
        }, IllegalArgumentException.class, msgPattern);

        Assertions.assertFalse(mesh.getFace(1).definesPolygon());
        GeometryTestUtils.assertThrowsWithMessage(() -> {
            mesh.getFace(1).getPolygon();
        }, IllegalArgumentException.class, msgPattern);
    }",SimpleTriangleMeshTest::testFace_doesNotDefineTriangle_oe
commons-geometry_2203,"@Test
    void testToTree_smallNumberOfFaces_oe() {
        // arrange
        final SimpleTriangleMesh mesh = SimpleTriangleMesh.from(Parallelepiped.unitCube(TEST_PRECISION), TEST_PRECISION);

        // act
        final RegionBSPTree3D tree = mesh.toTree();

        // assert
        Assertions.assertFalse(tree.isFull());
        Assertions.assertFalse(tree.isEmpty());
        Assertions.assertFalse(tree.isInfinite());
        Assertions.assertTrue(tree.isFinite());

        Assertions.assertEquals(1, tree.getSize(), 1);
        Assertions.assertEquals(6, tree.getBoundarySize(), 1);

        Assertions.assertEquals(6, tree.getRoot().height());
    }",SimpleTriangleMeshTest::testToTree_smallNumberOfFaces_oe
commons-geometry_2204,"@Test
    void testTransform_oe() {
        // arrange
        final SimpleTriangleMesh mesh = SimpleTriangleMesh.from(Parallelepiped.unitCube(TEST_PRECISION), TEST_PRECISION);

        final AffineTransformMatrix3D t = AffineTransformMatrix3D.createScale(1, 2, 3)
                .translate(0.5, 1, 1.5);

        // act
        final SimpleTriangleMesh result = mesh.transform(t);

        // assert
        Assertions.assertNotSame(mesh, result);

        Assertions.assertEquals(8, result.getVertexCount());
        Assertions.assertEquals(12, result.getFaceCount());

        final Bounds3D resultBounds = result.getBounds();
        EuclideanTestUtils.assertCoordinatesEqual(Vector3D.ZERO, resultBounds.getMin(), TEST_EPS);
        EuclideanTestUtils.assertCoordinatesEqual(Vector3D.of(1, 2, 3), resultBounds.getMax(), TEST_EPS);

        EuclideanTestUtils.assertCoordinatesEqual(Vector3D.of(0.5, 1, 1.5), result.toTree().getCentroid(), TEST_EPS);
        EuclideanTestUtils.assertCoordinatesEqual(Vector3D.ZERO, mesh.toTree().getCentroid(), TEST_EPS);
    }",SimpleTriangleMeshTest::testTransform_oe
commons-geometry_2205,"@Test
    void testTransform_empty_oe() {
        // arrange
        final SimpleTriangleMesh mesh = SimpleTriangleMesh.builder(TEST_PRECISION).build();

        final AffineTransformMatrix3D t = AffineTransformMatrix3D.createScale(1, 2, 3);

        // act
        final SimpleTriangleMesh result = mesh.transform(t);

        // assert
        Assertions.assertEquals(0, result.getVertexCount());
        Assertions.assertEquals(0, result.getFaceCount());

        Assertions.assertNull(result.getBounds());
    }",SimpleTriangleMeshTest::testTransform_empty_oe
commons-geometry_2206,"@Test
    void testToString_oe() {
        // arrange
        final Triangle3D tri = Planes.triangleFromVertices(Vector3D.ZERO, Vector3D.of(1, 0, 0), Vector3D.of(0, 1, 0),
                TEST_PRECISION);
        final SimpleTriangleMesh mesh = SimpleTriangleMesh.from(BoundarySource3D.of(tri), TEST_PRECISION);

        // act
        final String str = mesh.toString();

        // assert
        GeometryTestUtils.assertContains(""SimpleTriangleMesh[vertexCount= 3, faceCount= 1, bounds= Bounds3D["", str);
    }",SimpleTriangleMeshTest::testToString_oe
commons-geometry_2207,"@Test
    void testFaceToString_oe() {
        // arrange
        final Triangle3D tri = Planes.triangleFromVertices(Vector3D.ZERO, Vector3D.of(1, 0, 0), Vector3D.of(0, 1, 0),
                TEST_PRECISION);
        final SimpleTriangleMesh mesh = SimpleTriangleMesh.from(BoundarySource3D.of(tri), TEST_PRECISION);

        // act
        final String str = mesh.getFace(0).toString();

        // assert
        GeometryTestUtils.assertContains(""SimpleTriangleFace[index= 0, vertexIndices= [0, 1, 2], vertices= [(0"", str);
    }",SimpleTriangleMeshTest::testFaceToString_oe
commons-geometry_2208,"@Test
    void testBuilder_mixedBuildMethods_oe() {
        // arrange
        final Precision.DoubleEquivalence precision = Precision.doubleEquivalenceOfEpsilon(1e-1);
        final SimpleTriangleMesh.Builder builder = SimpleTriangleMesh.builder(precision);

        // act
        builder.addVertices(Arrays.asList(Vector3D.ZERO, Vector3D.of(1, 0, 0)));
        builder.useVertex(Vector3D.of(0, 0, 1));
        builder.addVertex(Vector3D.of(0, 1, 0));
        builder.useVertex(Vector3D.of(1, 1, 1));

        builder.addFace(0, 2, 1);
        builder.addFace(new int[] {1, 2, 3});
        builder.addFaceUsingVertices(Vector3D.of(0.5, 0, 0), Vector3D.of(1.01, 0, 0), Vector3D.of(1, 1, 0.95));

        final SimpleTriangleMesh mesh = builder.build();

        // assert
        Assertions.assertEquals(6, mesh.getVertexCount());
        Assertions.assertEquals(3, mesh.getFaceCount());

        final List<TriangleMesh.Face> faces = mesh.getFaces();
        Assertions.assertEquals(3, faces.size());

        Assertions.assertArrayEquals(new int[] {0, 2, 1},  faces.get(0).getVertexIndices());
        Assertions.assertArrayEquals(new int[] {1, 2, 3},  faces.get(1).getVertexIndices());
        Assertions.assertArrayEquals(new int[] {5, 1, 4},  faces.get(2).getVertexIndices());
    }",SimpleTriangleMeshTest::testBuilder_mixedBuildMethods_oe
commons-geometry_2209,"@Test
    void testBuilder_addVerticesAndFaces_oe() {
        // act
        final SimpleTriangleMesh mesh = SimpleTriangleMesh.builder(TEST_PRECISION)
            .addVertices(new Vector3D[] {
                Vector3D.ZERO,
                Vector3D.of(1, 1, 0),
                Vector3D.of(1, 1, 1),
                Vector3D.of(0, 0, 1)
            })
            .addFaces(new int[][] {
                {0, 1, 2},
                {0, 2, 3}
            })
            .build();

        // assert
        Assertions.assertEquals(4, mesh.getVertexCount());
        Assertions.assertEquals(2, mesh.getFaceCount());
    }",SimpleTriangleMeshTest::testBuilder_addVerticesAndFaces_oe
commons-geometry_2210,"@Test
    void testBuilder_invalidFaceIndices_oe() {
        // arrange
        final SimpleTriangleMesh.Builder builder = SimpleTriangleMesh.builder(TEST_PRECISION);
        builder.useVertex(Vector3D.ZERO);
        builder.useVertex(Vector3D.of(1, 0, 0));
        builder.useVertex(Vector3D.of(0, 1, 0));

        final String msgBase = ""Invalid vertex index: "";

        // act/assert
        GeometryTestUtils.assertThrowsWithMessage(() -> {
            builder.addFace(-1, 1, 2);
        }, IllegalArgumentException.class, msgBase + ""-1"");

        GeometryTestUtils.assertThrowsWithMessage(() -> {
            builder.addFace(0, 3, 2);
        }, IllegalArgumentException.class, msgBase + ""3"");

        GeometryTestUtils.assertThrowsWithMessage(() -> {
            builder.addFace(0, 1, 4);
        }, IllegalArgumentException.class, msgBase + ""4"");

        GeometryTestUtils.assertThrowsWithMessage(() -> {
            builder.addFace(new int[] {-1, 1, 2});
        }, IllegalArgumentException.class, msgBase + ""-1"");

        GeometryTestUtils.assertThrowsWithMessage(() -> {
            builder.addFace(new int[] {0, 3, 2});
        }, IllegalArgumentException.class, msgBase + ""3"");

        GeometryTestUtils.assertThrowsWithMessage(() -> {
            builder.addFace(new int[] {0, 1, 4});
        }, IllegalArgumentException.class, msgBase + ""4"");

        GeometryTestUtils.assertThrowsWithMessage(() -> {
            builder.addFaces(new int[][] {{-1, 1, 2}});
        }, IllegalArgumentException.class, msgBase + ""-1"");

        GeometryTestUtils.assertThrowsWithMessage(() -> {
            builder.addFaces(new int[][] {{0, 3, 2}});
        }, IllegalArgumentException.class, msgBase + ""3"");

        GeometryTestUtils.assertThrowsWithMessage(() -> {
            builder.addFaces(new int[][] {{0, 1, 4}});
        }, IllegalArgumentException.class, msgBase + ""4"");
    }",SimpleTriangleMeshTest::testBuilder_invalidFaceIndices_oe
commons-geometry_2211,"@Test
    void testBuilder_invalidFaceIndexCount_oe() {
        // arrange
        final SimpleTriangleMesh.Builder builder = SimpleTriangleMesh.builder(TEST_PRECISION);
        builder.useVertex(Vector3D.ZERO);
        builder.useVertex(Vector3D.of(1, 0, 0));
        builder.useVertex(Vector3D.of(0, 1, 0));
        builder.useVertex(Vector3D.of(0, 0, 1));

        final String msgBase = ""Face must contain 3 vertex indices; found "";

        // act/assert
        GeometryTestUtils.assertThrowsWithMessage(() -> {
            builder.addFace(new int[] {});
        }, IllegalArgumentException.class, msgBase + ""0"");

        GeometryTestUtils.assertThrowsWithMessage(() -> {
            builder.addFace(new int[] {0});
        }, IllegalArgumentException.class, msgBase + ""1"");

        GeometryTestUtils.assertThrowsWithMessage(() -> {
            builder.addFace(new int[] {0, 1});
        }, IllegalArgumentException.class, msgBase + ""2"");

        GeometryTestUtils.assertThrowsWithMessage(() -> {
            builder.addFace(new int[] {0, 1, 3, 4});
        }, IllegalArgumentException.class, msgBase + ""4"");

        GeometryTestUtils.assertThrowsWithMessage(() -> {
            builder.addFaces(new int[][] {{}});
        }, IllegalArgumentException.class, msgBase + ""0"");

        GeometryTestUtils.assertThrowsWithMessage(() -> {
            builder.addFaces(new int[][] {{0}});
        }, IllegalArgumentException.class, msgBase + ""1"");

        GeometryTestUtils.assertThrowsWithMessage(() -> {
            builder.addFaces(new int[][] {{0, 1}});
        }, IllegalArgumentException.class, msgBase + ""2"");

        GeometryTestUtils.assertThrowsWithMessage(() -> {
            builder.addFaces(new int[][] {{0, 1, 2, 3}});
        }, IllegalArgumentException.class, msgBase + ""4"");
    }",SimpleTriangleMeshTest::testBuilder_invalidFaceIndexCount_oe
commons-geometry_2212,"@Test
    void testBuilder_cannotModifyOnceBuilt_oe() {
        // arrange
        final SimpleTriangleMesh.Builder builder = SimpleTriangleMesh.builder(TEST_PRECISION)
            .addVertices(new Vector3D[] {
                Vector3D.ZERO,
                Vector3D.of(1, 1, 0),
                Vector3D.of(1, 1, 1),
            })
            .addFaces(new int[][] {
                {0, 1, 2}
            });
        builder.build();

        final String msg = ""Builder instance cannot be modified: mesh construction is complete"";

        // act/assert
        GeometryTestUtils.assertThrowsWithMessage(() -> {
            builder.useVertex(Vector3D.ZERO);
        }, IllegalStateException.class, msg);

        GeometryTestUtils.assertThrowsWithMessage(() -> {
            builder.addVertex(Vector3D.ZERO);
        }, IllegalStateException.class, msg);

        GeometryTestUtils.assertThrowsWithMessage(() -> {
            builder.addVertices(Collections.singletonList(Vector3D.ZERO));
        }, IllegalStateException.class, msg);

        GeometryTestUtils.assertThrowsWithMessage(() -> {
            builder.addVertices(new Vector3D[] {Vector3D.ZERO});
        }, IllegalStateException.class, msg);

        GeometryTestUtils.assertThrowsWithMessage(() -> {
            builder.addFaceUsingVertices(Vector3D.ZERO, Vector3D.of(1, 0, 0), Vector3D.of(0, 1, 0));
        }, IllegalStateException.class, msg);

        GeometryTestUtils.assertThrowsWithMessage(() -> {
            builder.addFace(0, 1, 2);
        }, IllegalStateException.class, msg);

        GeometryTestUtils.assertThrowsWithMessage(() -> {
            builder.addFaces(Collections.singletonList(new int[]{0, 1, 2}));
        }, IllegalStateException.class, msg);

        GeometryTestUtils.assertThrowsWithMessage(() -> {
            builder.addFaces(new int[][] {{0, 1, 2}});
        }, IllegalStateException.class, msg);
    }",SimpleTriangleMeshTest::testBuilder_cannotModifyOnceBuilt_oe
commons-geometry_2213,"@Test
    void testBuilder_addFaceAndVertices_vs_addFaceUsingVertices_oe() {
        // arrange
        final SimpleTriangleMesh.Builder builder = SimpleTriangleMesh.builder(TEST_PRECISION);
        final Vector3D p1 = Vector3D.ZERO;
        final Vector3D p2 = Vector3D.of(1, 0, 0);
        final Vector3D p3 = Vector3D.of(0, 1, 0);

        // act
        builder.addFaceUsingVertices(p1, p2, p3);
        builder.addFaceAndVertices(p1, p2, p3);
        builder.addFaceUsingVertices(p1, p2, p3);

        // assert
        Assertions.assertEquals(6, builder.getVertexCount());
        Assertions.assertEquals(3, builder.getFaceCount());
        Assertions.assertEquals(p1, builder.getVertex(0));
        Assertions.assertEquals(p1, builder.getVertex(3));

        final SimpleTriangleMesh mesh = builder.build();

        Assertions.assertEquals(6, mesh.getVertexCount());
        Assertions.assertEquals(3, mesh.getFaceCount());

        final TriangleMesh.Face f1 = mesh.getFace(0);
        Assertions.assertArrayEquals(new int[] {0, 1, 2}, f1.getVertexIndices());

        final TriangleMesh.Face f2 = mesh.getFace(1);
        Assertions.assertArrayEquals(new int[] {3, 4, 5}, f2.getVertexIndices());

        final TriangleMesh.Face f3 = mesh.getFace(2);
        Assertions.assertArrayEquals(new int[] {0, 1, 2}, f3.getVertexIndices());
    }",SimpleTriangleMeshTest::testBuilder_addFaceAndVertices_vs_addFaceUsingVertices_oe
commons-geometry_2214,"@Test
    void testUnitCube_oe() {
        // act
        final Parallelepiped p = Parallelepiped.unitCube(TEST_PRECISION);

        // assert
        Assertions.assertEquals(1, p.getSize(), TEST_EPS);
        Assertions.assertEquals(6, p.getBoundarySize(), TEST_EPS);
        EuclideanTestUtils.assertCoordinatesEqual(Vector3D.ZERO, p.getCentroid(), TEST_EPS);

        final List<PlaneConvexSubset> boundaries = p.getBoundaries();
        Assertions.assertEquals(6, boundaries.size());

        assertVertices(p,
            Vector3D.of(-0.5, -0.5, -0.5),
            Vector3D.of(0.5, -0.5, -0.5),
            Vector3D.of(0.5, 0.5, -0.5),
            Vector3D.of(-0.5, 0.5, -0.5),

            Vector3D.of(-0.5, -0.5, 0.5),
            Vector3D.of(0.5, -0.5, 0.5),
            Vector3D.of(0.5, 0.5, 0.5),
            Vector3D.of(-0.5, 0.5, 0.5)
        );
    }",ParallelepipedTest::testUnitCube_oe
commons-geometry_2215,"@Test
    void testFromTransformedUnitCube_oe() {
        // arrange
        final AffineTransformMatrix3D t = AffineTransformMatrix3D.createTranslation(Vector3D.of(1, 0, 2))
                .rotate(QuaternionRotation.fromAxisAngle(Vector3D.Unit.PLUS_Z, Math.PI * 0.25))
                .scale(Vector3D.of(2, 1, 1));

        // act
        final Parallelepiped p = Parallelepiped.fromTransformedUnitCube(t, TEST_PRECISION);

        // assert
        final double sqrt2 = Math.sqrt(2);
        final double invSqrt2 = 1 / sqrt2;

        Assertions.assertEquals(2, p.getSize(), TEST_EPS);
        Assertions.assertEquals(4 + (4 * Math.sqrt(2.5)), p.getBoundarySize(), TEST_EPS);
        EuclideanTestUtils.assertCoordinatesEqual(Vector3D.of(2 * invSqrt2, invSqrt2, 2),
                p.getCentroid(), TEST_EPS);

        assertVertices(p,
            Vector3D.of(0, invSqrt2, 1.5),
            Vector3D.of(2 * invSqrt2, 0, 1.5),
            Vector3D.of(2 * sqrt2, invSqrt2, 1.5),
            Vector3D.of(2 * invSqrt2, sqrt2, 1.5),

            Vector3D.of(0, invSqrt2, 2.5),
            Vector3D.of(2 * invSqrt2, 0, 2.5),
            Vector3D.of(2 * sqrt2, invSqrt2, 2.5),
            Vector3D.of(2 * invSqrt2, sqrt2, 2.5)
        );
    }",ParallelepipedTest::testFromTransformedUnitCube_oe
commons-geometry_2216,"@Test
    void testFromTransformedUnitCube_transformDoesNotPreserveOrientation_oe() {
        // arrange
        final AffineTransformMatrix3D t = AffineTransformMatrix3D.createTranslation(Vector3D.of(1, 0, 2))
                .rotate(QuaternionRotation.fromAxisAngle(Vector3D.Unit.PLUS_Z, Math.PI * 0.25))
                .scale(Vector3D.of(2, 1, -1));

        // act
        final Parallelepiped p = Parallelepiped.fromTransformedUnitCube(t, TEST_PRECISION);

        // assert
        final double sqrt2 = Math.sqrt(2);
        final double invSqrt2 = 1 / sqrt2;

        Assertions.assertEquals(2, p.getSize(), TEST_EPS);
        Assertions.assertEquals(4 + (4 * Math.sqrt(2.5)), p.getBoundarySize(), TEST_EPS);
        EuclideanTestUtils.assertCoordinatesEqual(Vector3D.of(2 * invSqrt2, invSqrt2, -2),
                p.getCentroid(), TEST_EPS);

        assertVertices(p,
            Vector3D.of(0, invSqrt2, -1.5),
            Vector3D.of(2 * invSqrt2, 0, -1.5),
            Vector3D.of(2 * sqrt2, invSqrt2, -1.5),
            Vector3D.of(2 * invSqrt2, sqrt2, -1.5),

            Vector3D.of(0, invSqrt2, -2.5),
            Vector3D.of(2 * invSqrt2, 0, -2.5),
            Vector3D.of(2 * sqrt2, invSqrt2, -2.5),
            Vector3D.of(2 * invSqrt2, sqrt2, -2.5)
        );
    }",ParallelepipedTest::testFromTransformedUnitCube_transformDoesNotPreserveOrientation_oe
commons-geometry_2217,"@Test
    void testFromTransformedUnitCube_zeroSizeRegion_oe() {
        // act/assert
        Assertions.assertThrows(IllegalArgumentException.class, () -> Parallelepiped.fromTransformedUnitCube(AffineTransformMatrix3D.createScale(Vector3D.of(1e-16, 1, 1)),
                TEST_PRECISION));
        Assertions.assertThrows(IllegalArgumentException.class, () -> Parallelepiped.fromTransformedUnitCube(AffineTransformMatrix3D.createScale(Vector3D.of(1, 1e-16, 1)),
                TEST_PRECISION));
        Assertions.assertThrows(IllegalArgumentException.class, () -> Parallelepiped.fromTransformedUnitCube(AffineTransformMatrix3D.createScale(Vector3D.of(1, 1, 1e-16)),
                TEST_PRECISION));
    }",ParallelepipedTest::testFromTransformedUnitCube_zeroSizeRegion_oe
commons-geometry_2218,"@Test
    void testAxisAligned_minFirst_oe() {
        // act
        final Parallelepiped p = Parallelepiped.axisAligned(Vector3D.of(1, 2, 3), Vector3D.of(4, 5, 6), TEST_PRECISION);

        // assert
        final List<PlaneConvexSubset> boundaries = p.getBoundaries();
        Assertions.assertEquals(6, boundaries.size());

        assertVertices(p,
            Vector3D.of(1, 2, 3),
            Vector3D.of(4, 2, 3),
            Vector3D.of(4, 5, 3),
            Vector3D.of(1, 5, 3),

            Vector3D.of(1, 2, 6),
            Vector3D.of(4, 2, 6),
            Vector3D.of(4, 5, 6),
            Vector3D.of(1, 5, 6)
        );
    }",ParallelepipedTest::testAxisAligned_minFirst_oe
commons-geometry_2219,"@Test
    void testAxisAligned_maxFirst_oe() {
        // act
        final Parallelepiped p = Parallelepiped.axisAligned(Vector3D.of(4, 5, 6), Vector3D.of(1, 2, 3), TEST_PRECISION);

        // assert
        final List<PlaneConvexSubset> boundaries = p.getBoundaries();
        Assertions.assertEquals(6, boundaries.size());

        assertVertices(p,
            Vector3D.of(1, 2, 3),
            Vector3D.of(4, 2, 3),
            Vector3D.of(4, 5, 3),
            Vector3D.of(1, 5, 3),

            Vector3D.of(1, 2, 6),
            Vector3D.of(4, 2, 6),
            Vector3D.of(4, 5, 6),
            Vector3D.of(1, 5, 6)
        );
    }",ParallelepipedTest::testAxisAligned_maxFirst_oe
commons-geometry_2220,"@Test
    void testAxisAligned_illegalArgs_oe() {
        // act/assert
        Assertions.assertThrows(IllegalArgumentException.class, () -> Parallelepiped.axisAligned(Vector3D.of(1, 2, 3), Vector3D.of(1, 5, 6), TEST_PRECISION));
        Assertions.assertThrows(IllegalArgumentException.class, () -> Parallelepiped.axisAligned(Vector3D.of(1, 2, 3), Vector3D.of(4, 2, 6), TEST_PRECISION));
        Assertions.assertThrows(IllegalArgumentException.class, () -> Parallelepiped.axisAligned(Vector3D.of(1, 2, 3), Vector3D.of(1, 5, 3), TEST_PRECISION));
    }",ParallelepipedTest::testAxisAligned_illegalArgs_oe
commons-geometry_2221,"@Test
    void testBuilder_defaultValues_oe() {
        // arrange
        final Parallelepiped.Builder builder = Parallelepiped.builder(TEST_PRECISION);

        // act
        final Parallelepiped p = builder.build();

        // assert
        Assertions.assertEquals(1, p.getSize(), TEST_EPS);
        Assertions.assertEquals(6, p.getBoundarySize(), TEST_EPS);
        EuclideanTestUtils.assertCoordinatesEqual(Vector3D.ZERO, p.getCentroid(), TEST_EPS);

        final List<PlaneConvexSubset> boundaries = p.getBoundaries();
        Assertions.assertEquals(6, boundaries.size());

        assertVertices(p,
            Vector3D.of(-0.5, -0.5, -0.5),
            Vector3D.of(0.5, -0.5, -0.5),
            Vector3D.of(0.5, 0.5, -0.5),
            Vector3D.of(-0.5, 0.5, -0.5),

            Vector3D.of(-0.5, -0.5, 0.5),
            Vector3D.of(0.5, -0.5, 0.5),
            Vector3D.of(0.5, 0.5, 0.5),
            Vector3D.of(-0.5, 0.5, 0.5)
        );
    }",ParallelepipedTest::testBuilder_defaultValues_oe
commons-geometry_2222,"@Test
    void testBuilder_withRotation_oe() {
        // arrange
        final Parallelepiped.Builder builder = Parallelepiped.builder(TEST_PRECISION);

        // act
        final Parallelepiped p = builder
                .setScale(1, 2, 3)
                .setRotation(QuaternionRotation.fromAxisAngle(Vector3D.Unit.PLUS_Z, Angle.PI_OVER_TWO))
                .setPosition(Vector3D.of(1, 2, -1))
                .build();

        // assert
        Assertions.assertEquals(6, p.getSize(), TEST_EPS);
        Assertions.assertEquals(22, p.getBoundarySize(), TEST_EPS);
        EuclideanTestUtils.assertCoordinatesEqual(Vector3D.of(1, 2, -1), p.getCentroid(), TEST_EPS);

        assertVertices(p,
            Vector3D.of(0, 1.5, 0.5),
            Vector3D.of(2, 1.5, 0.5),
            Vector3D.of(2, 2.5, 0.5),
            Vector3D.of(0, 2.5, 0.5),

            Vector3D.of(0, 1.5, -2.5),
            Vector3D.of(2, 1.5, -2.5),
            Vector3D.of(2, 2.5, -2.5),
            Vector3D.of(0, 2.5, -2.5)
        );
    }",ParallelepipedTest::testBuilder_withRotation_oe
commons-geometry_2223,"@Test
    void testBuilder_withUniformScale_oe() {
        // arrange
        final Parallelepiped.Builder builder = Parallelepiped.builder(TEST_PRECISION);

        // act
        final Parallelepiped p = builder
                .setScale(0.5)
                .build();

        // assert
        Assertions.assertEquals(0.125, p.getSize(), TEST_EPS);
        Assertions.assertEquals(1.5, p.getBoundarySize(), TEST_EPS);
        EuclideanTestUtils.assertCoordinatesEqual(Vector3D.ZERO, p.getCentroid(), TEST_EPS);

        assertVertices(p,
            Vector3D.of(-0.25, -0.25, -0.25),
            Vector3D.of(0.25, -0.25, -0.25),
            Vector3D.of(0.25, 0.25, -0.25),
            Vector3D.of(-0.25, 0.25, -0.25),

            Vector3D.of(-0.25, -0.25, 0.25),
            Vector3D.of(0.25, -0.25, 0.25),
            Vector3D.of(0.25, 0.25, 0.25),
            Vector3D.of(-0.25, 0.25, 0.25)
        );
    }",ParallelepipedTest::testBuilder_withUniformScale_oe
commons-geometry_2224,"@Test
    void testToTree_oe() {
        // arrange
        final Parallelepiped p = Parallelepiped.axisAligned(Vector3D.of(1, 2, 3), Vector3D.of(4, 5, 6), TEST_PRECISION);

        // act
        final RegionBSPTree3D tree = p.toTree();

        // assert
        Assertions.assertEquals(27, tree.getSize(), TEST_EPS);
        EuclideanTestUtils.assertCoordinatesEqual(Vector3D.of(2.5, 3.5, 4.5), tree.getCentroid(), TEST_EPS);
    }",ParallelepipedTest::testToTree_oe
commons-geometry_2225,"@Test
    void testFrom_oe() {
        // arrange
        final Vector3D center = Vector3D.of(1, 2, 3);

        // act
        final Sphere s = Sphere.from(center, 3, TEST_PRECISION);

        // act/assert
        Assertions.assertFalse(s.isFull());
        Assertions.assertFalse(s.isEmpty());

        Assertions.assertSame(center, s.getCenter());
        Assertions.assertSame(center, s.getCentroid());

        Assertions.assertEquals(3, s.getRadius(), 0.0);

        Assertions.assertSame(TEST_PRECISION, s.getPrecision());
    }",SphereTest::testFrom_oe
commons-geometry_2226,"@Test
    void testFrom_illegalCenter_oe() {
        // act/assert
        Assertions.assertThrows(IllegalArgumentException.class, () -> Sphere.from(Vector3D.of(Double.POSITIVE_INFINITY, 1, 2), 1, TEST_PRECISION));
        Assertions.assertThrows(IllegalArgumentException.class, () -> Sphere.from(Vector3D.of(Double.NaN, 1, 2), 1, TEST_PRECISION));
    }",SphereTest::testFrom_illegalCenter_oe
commons-geometry_2227,"@Test
    void testFrom_illegalRadius_oe() {
        // arrange
        final Precision.DoubleEquivalence precision = Precision.doubleEquivalenceOfEpsilon(1e-2);

        // act/assert
        Assertions.assertThrows(IllegalArgumentException.class, () -> Sphere.from(Vector3D.ZERO, -1, TEST_PRECISION));
        Assertions.assertThrows(IllegalArgumentException.class, () -> Sphere.from(Vector3D.ZERO, 0, TEST_PRECISION));
        Assertions.assertThrows(IllegalArgumentException.class, () -> Sphere.from(Vector3D.ZERO, Double.POSITIVE_INFINITY, TEST_PRECISION));
        Assertions.assertThrows(IllegalArgumentException.class, () -> Sphere.from(Vector3D.ZERO, Double.NaN, TEST_PRECISION));
        Assertions.assertThrows(IllegalArgumentException.class, () -> Sphere.from(Vector3D.ZERO, 1e-3, precision));
    }",SphereTest::testFrom_illegalRadius_oe
commons-geometry_2228,"@Test
    void testGeometricProperties_oe() {
        // arrange
        final double r = 2;
        final Sphere s = Sphere.from(Vector3D.of(1, 2, 3), r, TEST_PRECISION);

        // act/assert
        Assertions.assertEquals(4 * Math.PI * r * r, s.getBoundarySize(), TEST_EPS);
        Assertions.assertEquals((4.0 * Math.PI * r * r * r) / 3.0, s.getSize(), TEST_EPS);
    }",SphereTest::testGeometricProperties_oe
commons-geometry_2229,"@Test
    void testClassify_oe() {
        // arrange
        final Vector3D center = Vector3D.of(1, 2, 3);
        final double radius = 4;
        final Sphere s = Sphere.from(center, radius, TEST_PRECISION);

        EuclideanTestUtils.permute(0, Angle.TWO_PI, 0.2, (azimuth, polar) -> {
            // act/assert
            EuclideanTestUtils.assertRegionLocation(s, RegionLocation.OUTSIDE,
                    SphericalCoordinates.of(radius + 1, azimuth, polar)
                        .toVector()
                        .add(center));

            EuclideanTestUtils.assertRegionLocation(s, RegionLocation.BOUNDARY,
                    SphericalCoordinates.of(radius + 1e-12, azimuth, polar)
                        .toVector()
                        .add(center));

            EuclideanTestUtils.assertRegionLocation(s, RegionLocation.INSIDE,
                    SphericalCoordinates.of(radius - 1, azimuth, polar)
                        .toVector()
                        .add(center));
        });
    }",SphereTest::testClassify_oe
commons-geometry_2230,"@Test
    void testProject_oe() {
        // arrange
        final Vector3D center = Vector3D.of(1.5, 2.5, 3.5);
        final double radius = 3;
        final Sphere s = Sphere.from(center, radius, TEST_PRECISION);

        EuclideanTestUtils.permute(-4, 4, 1, (x, y, z) -> {
            final Vector3D pt = Vector3D.of(x, y, z);

            // act
            final Vector3D projection = s.project(pt);

            // assert
            Assertions.assertEquals(radius, center.distance(projection), TEST_EPS);
            EuclideanTestUtils.assertCoordinatesEqual(center.directionTo(pt),
                    center.directionTo(projection), TEST_EPS);
        });
    }",SphereTest::testProject_oe
commons-geometry_2231,"@Test
    void testProject_argumentEqualsCenter_oe() {
        // arrange
        final Sphere c = Sphere.from(Vector3D.of(1, 2, 3), 2, TEST_PRECISION);

        // act
        final Vector3D projection = c.project(Vector3D.of(1, 2, 3));

        // assert
        EuclideanTestUtils.assertCoordinatesEqual(Vector3D.of(3, 2, 3), projection, TEST_EPS);
    }",SphereTest::testProject_argumentEqualsCenter_oe
commons-geometry_2232,"@Test
    void testToTree_zeroSubdivisions_oe() throws IOException {
        // arrange
        final double r = 2;
        final Sphere s = Sphere.from(Vector3D.of(2, 1, 3), r, TEST_PRECISION);

        // act
        final RegionBSPTree3D tree = s.toTree(0);

        // assert
        checkBasicApproximationProperties(s, tree);

        final List<PlaneConvexSubset> boundaries = tree.getBoundaries();
        Assertions.assertEquals(8, boundaries.size());

        final List<Triangle3D> triangles = tree.triangleStream().collect(Collectors.toList());
        Assertions.assertEquals(8, triangles.size());

        final double expectedSize = (4.0 / 3.0) * r * r * r;
        Assertions.assertEquals(expectedSize, tree.getSize(), TEST_EPS);
    }",SphereTest::testToTree_zeroSubdivisions_oe
commons-geometry_2233,"@Test
    void testToTree_oneSubdivision_oe() throws IOException {
        // arrange
        final double r = 2;
        final Sphere s = Sphere.from(Vector3D.of(2, 1, 3), r, TEST_PRECISION);

        // act
        final RegionBSPTree3D tree = s.toTree(1);

        // assert
        checkBasicApproximationProperties(s, tree);

        final List<PlaneConvexSubset> boundaries = tree.getBoundaries();
        Assertions.assertEquals(32, boundaries.size());

        final List<Triangle3D> triangles = tree.triangleStream().collect(Collectors.toList());
        Assertions.assertEquals(32, triangles.size());

        Assertions.assertTrue(tree.getSize() <= s.getSize());
    }",SphereTest::testToTree_oneSubdivision_oe
commons-geometry_2234,"@Test
    void testToTree_multipleSubdivisionCounts_oe() {
        // -- arrange
        final Sphere s = Sphere.from(Vector3D.of(-3, 5, 1), 10, TEST_PRECISION);

        final int min = 0;
        final int max = 5;

        RegionBSPTree3D tree;

        double sizeDiff;
        double prevSizeDiff = Double.POSITIVE_INFINITY;

        for (int n = min; n <= max; ++n) {
            // -- act
            tree = s.toTree(n);

            // -- assert
            checkBasicApproximationProperties(s, tree);

            final int expectedTriangles = (int) (8 * Math.pow(4, n));
            final List<PlaneConvexSubset> boundaries = tree.getBoundaries();
            Assertions.assertEquals(expectedTriangles, boundaries.size());

            final List<Triangle3D> triangles = tree.triangleStream().collect(Collectors.toList());
            Assertions.assertEquals(expectedTriangles, triangles.size());

            // check that we get closer and closer to the correct size as we add more segments
            sizeDiff = s.getSize() - tree.getSize();
            Assertions.assertTrue(sizeDiff < prevSizeDiff,""Expected size difference to decrease: n= "" + n + "",prevSizeDiff= "" + prevSizeDiff + "",sizeDiff= "" + sizeDiff);

            prevSizeDiff = sizeDiff;
        }
    }",SphereTest::testToTree_multipleSubdivisionCounts_oe
commons-geometry_2235,"@Test
    void testToTree_randomSpheres_oe() {
        // arrange
        final UniformRandomProvider rand = RandomSource.create(RandomSource.XO_RO_SHI_RO_128_PP, 1L);
        final Precision.DoubleEquivalence precision = Precision.doubleEquivalenceOfEpsilon(1e-10);
        final double min = 1e-1;
        final double max = 1e2;

        final DoubleSupplier randDouble = () -> (rand.nextDouble() * (max - min)) + min;

        final int count = 10;
        for (int i = 0; i < count; ++i) {
            final Vector3D center = Vector3D.of(
                    randDouble.getAsDouble(),
                    randDouble.getAsDouble(),
                    randDouble.getAsDouble());

            final double radius = randDouble.getAsDouble();
            final Sphere sphere = Sphere.from(center, radius, precision);

            for (int s = 0; s < 7; ++s) {
                // act
                final RegionBSPTree3D tree = sphere.toTree(s);

                // assert
                Assertions.assertEquals((int) (8 * Math.pow(4, s)), tree.getBoundaries().size());
                Assertions.assertTrue(tree.isFinite());
                Assertions.assertFalse(tree.isEmpty());
                Assertions.assertTrue(tree.getSize() < sphere.getSize());
            }
        }
    }",SphereTest::testToTree_randomSpheres_oe
commons-geometry_2236,"@Test
    void testToTree_closeApproximation_oe() throws IOException {
        // arrange
        final Sphere s = Sphere.from(Vector3D.ZERO, 1, TEST_PRECISION);

        // act
        final RegionBSPTree3D tree = s.toTree(8);

        // assert
        checkBasicApproximationProperties(s, tree);

        final double eps = 1e-3;
        Assertions.assertTrue(tree.isFinite());
        Assertions.assertEquals(s.getSize(), tree.getSize(), eps);
        Assertions.assertEquals(s.getBoundarySize(), tree.getBoundarySize(), eps);
        EuclideanTestUtils.assertCoordinatesEqual(s.getCentroid(), tree.getCentroid(), eps);
    }",SphereTest::testToTree_closeApproximation_oe
commons-geometry_2237,"@Test
    void testToTree_subdivideFails_oe() {
        // arrange
        final Precision.DoubleEquivalence precision = Precision.doubleEquivalenceOfEpsilon(1e-5);
        final Sphere s = Sphere.from(Vector3D.ZERO, 1, precision);

        // act/assert
        GeometryTestUtils.assertThrowsWithMessage(() -> {
            s.toTree(6);
        }, IllegalStateException.class,
                Pattern.compile(""^Failed to construct sphere approximation with subdivision count 6:.*""));
    }",SphereTest::testToTree_subdivideFails_oe
commons-geometry_2238,"@Test
    void testToTree_invalidArgs_oe() {
        // arrange
        final Sphere s = Sphere.from(Vector3D.of(2, 1, 3), 2, TEST_PRECISION);

        // act/assert
        GeometryTestUtils.assertThrowsWithMessage(() -> {
            s.toTree(-1);
        }, IllegalArgumentException.class,
                ""Number of sphere approximation subdivisions must be greater than or equal to zero; was -1"");
    }",SphereTest::testToTree_invalidArgs_oe
commons-geometry_2239,"@Test
    void testToMesh_zeroSubdivisions_oe() {
        // arrange
        final Sphere s = Sphere.from(Vector3D.of(1, 2, 3), 2, TEST_PRECISION);

        // act
        final TriangleMesh mesh = s.toTriangleMesh(0);

        // assert
        Assertions.assertEquals(6, mesh.getVertexCount());
        Assertions.assertEquals(8, mesh.getFaceCount());

        final Bounds3D bounds = mesh.getBounds();
        EuclideanTestUtils.assertCoordinatesEqual(Vector3D.of(-1, 0, 1), bounds.getMin(), TEST_EPS);
        EuclideanTestUtils.assertCoordinatesEqual(Vector3D.of(3, 4, 5), bounds.getMax(), TEST_EPS);

        Assertions.assertTrue(mesh.toTree().isFinite());
    }",SphereTest::testToMesh_zeroSubdivisions_oe
commons-geometry_2240,"@Test
    void testToMesh_manySubdivisions_oe() {
        // arrange
        final Sphere s = Sphere.from(Vector3D.of(1, 2, 3), 2, TEST_PRECISION);
        final int subdivisions = 5;

        // act
        final TriangleMesh mesh = s.toTriangleMesh(subdivisions);

        // assert
        Assertions.assertEquals((int) (8 * Math.pow(4, subdivisions)), mesh.getFaceCount());

        final Bounds3D bounds = mesh.getBounds();
        EuclideanTestUtils.assertCoordinatesEqual(Vector3D.of(-1, 0, 1), bounds.getMin(), TEST_EPS);
        EuclideanTestUtils.assertCoordinatesEqual(Vector3D.of(3, 4, 5), bounds.getMax(), TEST_EPS);

        final RegionBSPTree3D tree = RegionBSPTree3D.partitionedRegionBuilder()
                .insertAxisAlignedGrid(bounds, 3, TEST_PRECISION)
                .insertBoundaries(mesh)
                .build();

        Assertions.assertTrue(tree.isFinite());

        final double approximationEps = 0.1;
        Assertions.assertEquals(s.getSize(), tree.getSize(), approximationEps);
        Assertions.assertEquals(s.getBoundarySize(), tree.getBoundarySize(), approximationEps);

        EuclideanTestUtils.assertCoordinatesEqual(s.getCentroid(), tree.getCentroid(), TEST_EPS);
    }",SphereTest::testToMesh_manySubdivisions_oe
commons-geometry_2241,"@Test
    void testToMesh_invalidArgs_oe() {
        // arrange
        final Sphere s = Sphere.from(Vector3D.of(2, 1, 3), 2, TEST_PRECISION);

        // act/assert
        GeometryTestUtils.assertThrowsWithMessage(() -> {
            s.toTriangleMesh(-1);
        }, IllegalArgumentException.class,
                ""Number of sphere approximation subdivisions must be greater than or equal to zero; was -1"");
    }",SphereTest::testToMesh_invalidArgs_oe
commons-geometry_2242,"@Test
    void testHashCode_oe() {
        // arrange
        final Precision.DoubleEquivalence otherPrecision = Precision.doubleEquivalenceOfEpsilon(1e-2);

        final Sphere a = Sphere.from(Vector3D.of(1, 2, 3), 3, TEST_PRECISION);
        final Sphere b = Sphere.from(Vector3D.of(1, 1, 3), 3, TEST_PRECISION);
        final Sphere c = Sphere.from(Vector3D.of(1, 2, 3), 4, TEST_PRECISION);
        final Sphere d = Sphere.from(Vector3D.of(1, 2, 3), 3, otherPrecision);
        final Sphere e = Sphere.from(Vector3D.of(1, 2, 3), 3, TEST_PRECISION);

        // act
        final int hash = a.hashCode();

        // act/assert
        Assertions.assertEquals(hash, a.hashCode());

        Assertions.assertNotEquals(hash, b.hashCode());
        Assertions.assertNotEquals(hash, c.hashCode());
        Assertions.assertNotEquals(hash, d.hashCode());

        Assertions.assertEquals(hash, e.hashCode());
    }",SphereTest::testHashCode_oe
commons-geometry_2243,"@Test
    void testEquals_oe() {
        // arrange
        final Precision.DoubleEquivalence precision = Precision.doubleEquivalenceOfEpsilon(1e-2);

        final Sphere a = Sphere.from(Vector3D.of(1, 2, 3), 3, TEST_PRECISION);
        final Sphere b = Sphere.from(Vector3D.of(1, 1, 3), 3, TEST_PRECISION);
        final Sphere c = Sphere.from(Vector3D.of(1, 2, 3), 4, TEST_PRECISION);
        final Sphere d = Sphere.from(Vector3D.of(1, 2, 3), 3, precision);
        final Sphere e = Sphere.from(Vector3D.of(1, 2, 3), 3, TEST_PRECISION);

        // act/assert
        GeometryTestUtils.assertSimpleEqualsCases(a);

        Assertions.assertNotEquals(a, b);
        Assertions.assertNotEquals(a, c);
        Assertions.assertNotEquals(a, d);

        Assertions.assertEquals(a, e);
    }",SphereTest::testEquals_oe
commons-geometry_2244,"@Test
    void testToString_oe() {
        // arrange
        final Sphere c = Sphere.from(Vector3D.of(1, 2, 3), 3, TEST_PRECISION);

        // act
        final String str = c.toString();

        // assert
        Assertions.assertEquals(""Sphere[center= (1.0, 2.0, 3.0), radius= 3.0]"", str);
    }",SphereTest::testToString_oe
commons-geometry_2245,"@Test
    void testCtor_default_oe() {
        // act
        final EmbeddedTreeLineSubset3D sub = new EmbeddedTreeLineSubset3D(testLine);

        // assert
        Assertions.assertSame(testLine, sub.getLine());
        Assertions.assertTrue(sub.getSubspaceRegion().isEmpty());
        Assertions.assertEquals(0, sub.getSize(), TEST_EPS);
    }",EmbeddedTreeLineSubset3DTest::testCtor_default_oe
commons-geometry_2246,"@Test
    void testCtor_true_oe() {
        // act
        final EmbeddedTreeLineSubset3D sub = new EmbeddedTreeLineSubset3D(testLine, true);

        // assert
        Assertions.assertSame(testLine, sub.getLine());
        Assertions.assertTrue(sub.getSubspaceRegion().isFull());
        GeometryTestUtils.assertPositiveInfinity(sub.getSize());
    }",EmbeddedTreeLineSubset3DTest::testCtor_true_oe
commons-geometry_2247,"@Test
    void testCtor_false_oe() {
        // act
        final EmbeddedTreeLineSubset3D sub = new EmbeddedTreeLineSubset3D(testLine, false);

        // assert
        Assertions.assertSame(testLine, sub.getLine());
        Assertions.assertTrue(sub.getSubspaceRegion().isEmpty());
        Assertions.assertEquals(0, sub.getSize(), TEST_EPS);
    }",EmbeddedTreeLineSubset3DTest::testCtor_false_oe
commons-geometry_2248,"@Test
    void testCtor_lineAndRegion_oe() {
        // arrange
        final RegionBSPTree1D tree = RegionBSPTree1D.empty();

        // act
        final EmbeddedTreeLineSubset3D sub = new EmbeddedTreeLineSubset3D(testLine, tree);

        // assert
        Assertions.assertSame(testLine, sub.getLine());
        Assertions.assertSame(tree, sub.getSubspaceRegion());
        Assertions.assertEquals(0, sub.getSize(), TEST_EPS);
    }",EmbeddedTreeLineSubset3DTest::testCtor_lineAndRegion_oe
commons-geometry_2249,"@Test
    void testProperties_full_oe() {
        // arrange
        final EmbeddedTreeLineSubset3D full = new EmbeddedTreeLineSubset3D(testLine, true);

        // act/assert
        Assertions.assertTrue(full.isInfinite());
        Assertions.assertFalse(full.isFinite());

        GeometryTestUtils.assertPositiveInfinity(full.getSize());
        Assertions.assertNull(full.getCentroid());
        Assertions.assertNull(full.getBounds());
    }",EmbeddedTreeLineSubset3DTest::testProperties_full_oe
commons-geometry_2250,"@Test
    void testProperties_empty_oe() {
        // arrange
        final EmbeddedTreeLineSubset3D empty = new EmbeddedTreeLineSubset3D(testLine, false);

        // act/assert
        Assertions.assertFalse(empty.isInfinite());
        Assertions.assertTrue(empty.isFinite());

        Assertions.assertEquals(0, empty.getSize(), TEST_EPS);
        Assertions.assertNull(empty.getCentroid());
        Assertions.assertNull(empty.getBounds());
    }",EmbeddedTreeLineSubset3DTest::testProperties_empty_oe
commons-geometry_2251,"@Test
    void testProperties_half_oe() {
        // arrange
        final EmbeddedTreeLineSubset3D half = new EmbeddedTreeLineSubset3D(testLine, false);
        half.getSubspaceRegion().add(Interval.min(1, TEST_PRECISION));

        // act/assert
        Assertions.assertTrue(half.isInfinite());
        Assertions.assertFalse(half.isFinite());

        GeometryTestUtils.assertPositiveInfinity(half.getSize());
        Assertions.assertNull(half.getCentroid());
        Assertions.assertNull(half.getBounds());
    }",EmbeddedTreeLineSubset3DTest::testProperties_half_oe
commons-geometry_2252,"@Test
    void testProperties_finite_oe() {
        // arrange
        final Line3D line = Lines3D.fromPointAndDirection(Vector3D.of(0, 0, 1), Vector3D.of(1, 1, 0), TEST_PRECISION);
        final EmbeddedTreeLineSubset3D sub = new EmbeddedTreeLineSubset3D(line);

        final double sqrt2 = Math.sqrt(2);
        sub.getSubspaceRegion().add(Interval.of(0, sqrt2, TEST_PRECISION));
        sub.getSubspaceRegion().add(Interval.of(-2 * sqrt2, -sqrt2, TEST_PRECISION));

        // act/assert
        Assertions.assertFalse(sub.isInfinite());
        Assertions.assertTrue(sub.isFinite());

        Assertions.assertEquals(2 * sqrt2, sub.getSize(), TEST_EPS);
        EuclideanTestUtils.assertCoordinatesEqual(Vector3D.of(-0.5, -0.5, 1), sub.getCentroid(), TEST_EPS);

        final Bounds3D bounds = sub.getBounds();
        EuclideanTestUtils.assertCoordinatesEqual(Vector3D.of(-2, -2, 1), bounds.getMin(), TEST_EPS);
        EuclideanTestUtils.assertCoordinatesEqual(Vector3D.of(1, 1, 1), bounds.getMax(), TEST_EPS);
    }",EmbeddedTreeLineSubset3DTest::testProperties_finite_oe
commons-geometry_2253,"@Test
    void testTransform_full_oe() {
        // arrange
        final EmbeddedTreeLineSubset3D sub = new EmbeddedTreeLineSubset3D(testLine, true);

        final Transform<Vector3D> transform = AffineTransformMatrix3D.identity()
                .translate(Vector3D.of(1, 0, 0))
                .scale(Vector3D.of(2, 1, 1))
                .rotate(QuaternionRotation.fromAxisAngle(Vector3D.Unit.PLUS_Y, Angle.PI_OVER_TWO));

        // act
        final EmbeddedTreeLineSubset3D result = sub.transform(transform);

        // assert
        final Line3D resultLine = result.getLine();

        final Vector3D expectedOrigin = Lines3D.fromPoints(Vector3D.of(0, 0, -2), Vector3D.of(0, 1, -4), TEST_PRECISION)
                .getOrigin();

        EuclideanTestUtils.assertCoordinatesEqual(expectedOrigin, resultLine.getOrigin(), TEST_EPS);
        EuclideanTestUtils.assertCoordinatesEqual(Vector3D.of(0, 1, -2).normalize(), resultLine.getDirection(), TEST_EPS);

        Assertions.assertTrue(result.getSubspaceRegion().isFull());
    }",EmbeddedTreeLineSubset3DTest::testTransform_full_oe
commons-geometry_2254,"@Test
    void testTransform_finite_oe() {
        // arrange
        final RegionBSPTree1D tree = RegionBSPTree1D.empty();
        tree.add(Interval.of(
                testLine.toSubspace(Vector3D.of(1, 1, 0)).getX(),
                testLine.toSubspace(Vector3D.of(2, 2, 0)).getX(), TEST_PRECISION));

        final EmbeddedTreeLineSubset3D sub = new EmbeddedTreeLineSubset3D(testLine, tree);

        final Transform<Vector3D> transform = AffineTransformMatrix3D.identity()
                .translate(Vector3D.of(1, 0, 0))
                .scale(Vector3D.of(2, 1, 1))
                .rotate(QuaternionRotation.fromAxisAngle(Vector3D.Unit.PLUS_Y, Angle.PI_OVER_TWO));

        // act
        final EmbeddedTreeLineSubset3D result = sub.transform(transform);

        // assert
        final Line3D resultLine = result.getLine();

        final Vector3D expectedOrigin = Lines3D.fromPoints(Vector3D.of(0, 0, -2), Vector3D.of(0, 1, -4), TEST_PRECISION)
                .getOrigin();

        EuclideanTestUtils.assertCoordinatesEqual(expectedOrigin, resultLine.getOrigin(), TEST_EPS);
        EuclideanTestUtils.assertCoordinatesEqual(Vector3D.of(0, 1, -2).normalize(), resultLine.getDirection(), TEST_EPS);

        Assertions.assertFalse(result.getSubspaceRegion().isFull());

        final List<Interval> intervals = result.getSubspaceRegion().toIntervals();
        Assertions.assertEquals(1, intervals.size());

        final Interval resultInterval = intervals.get(0);
        EuclideanTestUtils.assertCoordinatesEqual(Vector3D.of(0, 1, -4),
                resultLine.toSpace(resultInterval.getMin()), TEST_EPS);
        EuclideanTestUtils.assertCoordinatesEqual(Vector3D.of(0, 2, -6),
                resultLine.toSpace(resultInterval.getMax()), TEST_EPS);
    }",EmbeddedTreeLineSubset3DTest::testTransform_finite_oe
commons-geometry_2255,"@Test
    void testToConvex_full_oe() {
        // arrange
        final EmbeddedTreeLineSubset3D sub = new EmbeddedTreeLineSubset3D(testLine, true);

        // act
        final List<LineConvexSubset3D> segments = sub.toConvex();

        // assert
        Assertions.assertEquals(1, segments.size());
        Assertions.assertTrue(segments.get(0).getSubspaceRegion().isFull());
    }",EmbeddedTreeLineSubset3DTest::testToConvex_full_oe
commons-geometry_2256,"@Test
    void testToConvex_finite_oe() {
        // arrange
        final RegionBSPTree1D tree = RegionBSPTree1D.empty();
        tree.add(Interval.of(
                testLine.toSubspace(Vector3D.of(1, 1, 0)).getX(),
                testLine.toSubspace(Vector3D.of(2, 2, 0)).getX(), TEST_PRECISION));

        final EmbeddedTreeLineSubset3D sub = new EmbeddedTreeLineSubset3D(testLine, tree);

        // act
        final List<LineConvexSubset3D> segments = sub.toConvex();

        // assert
        Assertions.assertEquals(1, segments.size());

        final LineConvexSubset3D segment = segments.get(0);
        EuclideanTestUtils.assertCoordinatesEqual(Vector3D.of(1, 1, 0), segment.getStartPoint(), TEST_EPS);
        EuclideanTestUtils.assertCoordinatesEqual(Vector3D.of(2, 2, 0), segment.getEndPoint(), TEST_EPS);
    }",EmbeddedTreeLineSubset3DTest::testToConvex_finite_oe
commons-geometry_2257,"@Test
    void testToString_oe() {
        // arrange
        final EmbeddedTreeLineSubset3D sub = new EmbeddedTreeLineSubset3D(testLine);

        // act
        final String str = sub.toString();

        // assert
        Assertions.assertTrue(str.contains(""EmbeddedTreeLineSubset3D[lineOrigin= ""));
        Assertions.assertTrue(str.contains("", lineDirection= ""));
        Assertions.assertTrue(str.contains("", region= ""));
    }",EmbeddedTreeLineSubset3DTest::testToString_oe
commons-geometry_2258,"@Test
    void testFromPointAndDirection_oe() {
        // arrange
        final Vector3D pt = Vector3D.of(1, 1, 2);

        // act
        final Ray3D ray = Lines3D.rayFromPointAndDirection(pt, Vector3D.Unit.PLUS_Z, TEST_PRECISION);

        // assert
        Assertions.assertTrue(ray.isInfinite());
        Assertions.assertFalse(ray.isFinite());

        EuclideanTestUtils.assertCoordinatesEqual(pt, ray.getStartPoint(), TEST_EPS);
        Assertions.assertNull(ray.getEndPoint());

        EuclideanTestUtils.assertCoordinatesEqual(Vector3D.Unit.PLUS_Z, ray.getDirection(), TEST_EPS);

        Assertions.assertEquals(2, ray.getSubspaceStart(), TEST_EPS);
        GeometryTestUtils.assertPositiveInfinity(ray.getSubspaceEnd());

        GeometryTestUtils.assertPositiveInfinity(ray.getSize());

        Assertions.assertNull(ray.getCentroid());
        Assertions.assertNull(ray.getBounds());
    }",Ray3DTest::testFromPointAndDirection_oe
commons-geometry_2259,"@Test
    void testFromPointAndDirection_invalidArgs_oe() {
        // arrange
        final Vector3D pt = Vector3D.of(0, 2, 4);
        final Vector3D dir = Vector3D.of(1e-11, 0, 0);

        // act/assert
        GeometryTestUtils.assertThrowsWithMessage(() -> {
            Lines3D.rayFromPointAndDirection(pt, dir, TEST_PRECISION);
        }, IllegalArgumentException.class, ""Line direction cannot be zero"");
    }",Ray3DTest::testFromPointAndDirection_invalidArgs_oe
commons-geometry_2260,"@Test
    void testFromPoint_oe() {
        // arrange
        final Vector3D pt = Vector3D.of(-2, -1, 2);

        final Line3D line = Lines3D.fromPointAndDirection(Vector3D.of(1, 0, 2), Vector3D.Unit.PLUS_Y, TEST_PRECISION);

        // act
        final Ray3D ray = Lines3D.rayFromPoint(line, pt);

        // assert
        Assertions.assertTrue(ray.isInfinite());
        Assertions.assertFalse(ray.isFinite());

        EuclideanTestUtils.assertCoordinatesEqual(Vector3D.of(1, -1, 2), ray.getStartPoint(), TEST_EPS);
        Assertions.assertNull(ray.getEndPoint());

        Assertions.assertEquals(-1, ray.getSubspaceStart(), TEST_EPS);
        GeometryTestUtils.assertPositiveInfinity(ray.getSubspaceEnd());

        GeometryTestUtils.assertPositiveInfinity(ray.getSize());

        Assertions.assertNull(ray.getCentroid());
        Assertions.assertNull(ray.getBounds());
    }",Ray3DTest::testFromPoint_oe
commons-geometry_2261,"@Test
    void testFromPoint_invalidArgs_oe() {
        // arrange
        final Line3D line = Lines3D.fromPointAndDirection(Vector3D.ZERO, Vector3D.Unit.PLUS_X, TEST_PRECISION);

        // act/assert
        GeometryTestUtils.assertThrowsWithMessage(() -> {
            Lines3D.rayFromPoint(line, Vector3D.NaN);
        }, IllegalArgumentException.class, ""Invalid ray start location: NaN"");

        GeometryTestUtils.assertThrowsWithMessage(() -> {
            Lines3D.rayFromPoint(line, Vector3D.NEGATIVE_INFINITY);
        }, IllegalArgumentException.class, ""Invalid ray start location: NaN"");

        GeometryTestUtils.assertThrowsWithMessage(() -> {
            Lines3D.rayFromPoint(line, Vector3D.POSITIVE_INFINITY);
        }, IllegalArgumentException.class, ""Invalid ray start location: NaN"");
    }",Ray3DTest::testFromPoint_invalidArgs_oe
commons-geometry_2262,"@Test
    void testFromLocation_oe() {
        // arrange
        final Line3D line = Lines3D.fromPointAndDirection(Vector3D.of(-1, 0, 0), Vector3D.Unit.PLUS_Z, TEST_PRECISION);

        // act
        final Ray3D ray = Lines3D.rayFromLocation(line, -1);

        // assert
        Assertions.assertTrue(ray.isInfinite());
        Assertions.assertFalse(ray.isFinite());

        EuclideanTestUtils.assertCoordinatesEqual(Vector3D.of(-1, 0, -1), ray.getStartPoint(), TEST_EPS);
        Assertions.assertNull(ray.getEndPoint());

        Assertions.assertEquals(-1, ray.getSubspaceStart(), TEST_EPS);
        GeometryTestUtils.assertPositiveInfinity(ray.getSubspaceEnd());

        GeometryTestUtils.assertPositiveInfinity(ray.getSize());

        Assertions.assertNull(ray.getCentroid());
        Assertions.assertNull(ray.getBounds());
    }",Ray3DTest::testFromLocation_oe
commons-geometry_2263,"@Test
    void testTransform_oe() {
        // arrange
        final AffineTransformMatrix3D t = QuaternionRotation.fromAxisAngle(Vector3D.Unit.PLUS_Y, 0.5 * Math.PI)
                .toMatrix()
                .translate(Vector3D.Unit.PLUS_Y);

        final Ray3D ray = Lines3D.rayFromPointAndDirection(Vector3D.of(1, 0, 0), Vector3D.Unit.PLUS_X, TEST_PRECISION);

        // act
        final Ray3D result = ray.transform(t);

        // assert
        EuclideanTestUtils.assertCoordinatesEqual(Vector3D.of(0, 1, -1), result.getStartPoint(), TEST_EPS);
        Assertions.assertNull(result.getEndPoint());

        EuclideanTestUtils.assertCoordinatesEqual(Vector3D.Unit.MINUS_Z, result.getDirection(), TEST_EPS);
    }",Ray3DTest::testTransform_oe
commons-geometry_2264,"@Test
    void testTransform_reflection_oe() {
        // arrange
        final AffineTransformMatrix3D t = QuaternionRotation.fromAxisAngle(Vector3D.Unit.PLUS_Y, 0.5 * Math.PI)
                .toMatrix()
                .translate(Vector3D.Unit.PLUS_Y)
                .scale(1, 1, -2);

        final Ray3D ray = Lines3D.rayFromPointAndDirection(Vector3D.of(1, 0, 0), Vector3D.Unit.PLUS_X, TEST_PRECISION);

        // act
        final Ray3D result = ray.transform(t);

        // assert
        EuclideanTestUtils.assertCoordinatesEqual(Vector3D.of(0, 1, 2), result.getStartPoint(), TEST_EPS);
        Assertions.assertNull(result.getEndPoint());

        EuclideanTestUtils.assertCoordinatesEqual(Vector3D.Unit.PLUS_Z, result.getDirection(), TEST_EPS);
    }",Ray3DTest::testTransform_reflection_oe
commons-geometry_2265,"@Test
    void testContains_oe() {
        // arrange
        final Vector3D p0 = Vector3D.of(1, 1, 1);

        final Vector3D delta = Vector3D.of(1e-12, 1e-12, 1e-12);

        final Ray3D ray = Lines3D.rayFromPointAndDirection(Vector3D.of(1, 1, 1), Vector3D.Unit.PLUS_X, TEST_PRECISION);

        // act/assert
        Assertions.assertFalse(ray.contains(Vector3D.of(2, 2, 2)));
        Assertions.assertFalse(ray.contains(Vector3D.of(0.9, 1, 1)));
        Assertions.assertFalse(ray.contains(Vector3D.of(-1, 1, 1)));

        Assertions.assertTrue(ray.contains(p0));
        Assertions.assertTrue(ray.contains(p0.subtract(delta)));

        Assertions.assertTrue(ray.contains(Vector3D.of(1000, 1, 1)));
    }",Ray3DTest::testContains_oe
commons-geometry_2266,"@Test
    void testGetInterval_oe() {
        // arrange
        final Ray3D ray = Lines3D.rayFromPointAndDirection(Vector3D.of(2, -1, 3), Vector3D.Unit.PLUS_Y, TEST_PRECISION);

        // act
        final Interval interval = ray.getInterval();

        // assert
        Assertions.assertEquals(-1, interval.getMin(), TEST_EPS);
        GeometryTestUtils.assertPositiveInfinity(interval.getMax());

        Assertions.assertSame(ray.getLine().getPrecision(), interval.getMinBoundary().getPrecision());
    }",Ray3DTest::testGetInterval_oe
commons-geometry_2267,"@Test
    void testToString_oe() {
        // arrange
        final Ray3D ray = Lines3D.rayFromPointAndDirection(Vector3D.ZERO, Vector3D.Unit.PLUS_X, TEST_PRECISION);

        // act
        final String str = ray.toString();

        // assert
        GeometryTestUtils.assertContains(""Ray3D[startPoint= (0"", str);
        GeometryTestUtils.assertContains("", direction= (1"", str);
    }",Ray3DTest::testToString_oe
commons-geometry_2268,"@Test
    void testFromPointAndDirection_oe() {
        // arrange
        final Vector3D pt = Vector3D.of(1, 1, 2);

        // act
        final ReverseRay3D revRay = Lines3D.reverseRayFromPointAndDirection(pt, Vector3D.Unit.PLUS_Z, TEST_PRECISION);

        // assert
        Assertions.assertTrue(revRay.isInfinite());
        Assertions.assertFalse(revRay.isFinite());

        Assertions.assertNull(revRay.getStartPoint());
        EuclideanTestUtils.assertCoordinatesEqual(pt, revRay.getEndPoint(), TEST_EPS);

        EuclideanTestUtils.assertCoordinatesEqual(Vector3D.Unit.PLUS_Z, revRay.getLine().getDirection(), TEST_EPS);

        GeometryTestUtils.assertNegativeInfinity(revRay.getSubspaceStart());
        Assertions.assertEquals(2, revRay.getSubspaceEnd(), TEST_EPS);

        GeometryTestUtils.assertPositiveInfinity(revRay.getSize());

        Assertions.assertNull(revRay.getCentroid());
        Assertions.assertNull(revRay.getBounds());
    }",ReverseRay3DTest::testFromPointAndDirection_oe
commons-geometry_2269,"@Test
    void testFromPointAndDirection_invalidArgs_oe() {
        // arrange
        final Vector3D pt = Vector3D.of(0, 2, 4);
        final Vector3D dir = Vector3D.of(1e-11, 0, 0);

        // act/assert
        GeometryTestUtils.assertThrowsWithMessage(() -> {
            Lines3D.reverseRayFromPointAndDirection(pt, dir, TEST_PRECISION);
        }, IllegalArgumentException.class, ""Line direction cannot be zero"");
    }",ReverseRay3DTest::testFromPointAndDirection_invalidArgs_oe
commons-geometry_2270,"@Test
    void testFromPoint_oe() {
        // arrange
        final Vector3D pt = Vector3D.of(-2, -1, 2);

        final Line3D line = Lines3D.fromPointAndDirection(Vector3D.of(1, 0, 2), Vector3D.Unit.PLUS_Y, TEST_PRECISION);

        // act
        final ReverseRay3D revRay = Lines3D.reverseRayFromPoint(line, pt);

        // assert
        Assertions.assertTrue(revRay.isInfinite());
        Assertions.assertFalse(revRay.isFinite());

        Assertions.assertNull(revRay.getStartPoint());
        EuclideanTestUtils.assertCoordinatesEqual(Vector3D.of(1, -1, 2), revRay.getEndPoint(), TEST_EPS);

        GeometryTestUtils.assertNegativeInfinity(revRay.getSubspaceStart());
        Assertions.assertEquals(-1, revRay.getSubspaceEnd(), TEST_EPS);

        GeometryTestUtils.assertPositiveInfinity(revRay.getSize());

        Assertions.assertNull(revRay.getCentroid());
        Assertions.assertNull(revRay.getBounds());
    }",ReverseRay3DTest::testFromPoint_oe
commons-geometry_2271,"@Test
    void testFromPoint_invalidArgs_oe() {
        // arrange
        final Line3D line = Lines3D.fromPointAndDirection(Vector3D.ZERO, Vector3D.Unit.PLUS_X, TEST_PRECISION);

        // act/assert
        GeometryTestUtils.assertThrowsWithMessage(() -> {
            Lines3D.reverseRayFromPoint(line, Vector3D.NaN);
        }, IllegalArgumentException.class, ""Invalid reverse ray end location: NaN"");

        GeometryTestUtils.assertThrowsWithMessage(() -> {
            Lines3D.reverseRayFromPoint(line, Vector3D.NEGATIVE_INFINITY);
        }, IllegalArgumentException.class, ""Invalid reverse ray end location: NaN"");

        GeometryTestUtils.assertThrowsWithMessage(() -> {
            Lines3D.reverseRayFromPoint(line, Vector3D.POSITIVE_INFINITY);
        }, IllegalArgumentException.class, ""Invalid reverse ray end location: NaN"");
    }",ReverseRay3DTest::testFromPoint_invalidArgs_oe
commons-geometry_2272,"@Test
    void testFromLocation_oe() {
        // arrange
        final Line3D line = Lines3D.fromPointAndDirection(Vector3D.of(-1, 0, 0), Vector3D.Unit.PLUS_Z, TEST_PRECISION);

        // act
        final ReverseRay3D revRay = Lines3D.reverseRayFromLocation(line, -1);

        // assert
        Assertions.assertTrue(revRay.isInfinite());
        Assertions.assertFalse(revRay.isFinite());

        Assertions.assertNull(revRay.getStartPoint());
        EuclideanTestUtils.assertCoordinatesEqual(Vector3D.of(-1, 0, -1), revRay.getEndPoint(), TEST_EPS);

        GeometryTestUtils.assertNegativeInfinity(revRay.getSubspaceStart());
        Assertions.assertEquals(-1, revRay.getSubspaceEnd(), TEST_EPS);

        GeometryTestUtils.assertPositiveInfinity(revRay.getSize());

        Assertions.assertNull(revRay.getCentroid());
        Assertions.assertNull(revRay.getBounds());
    }",ReverseRay3DTest::testFromLocation_oe
commons-geometry_2273,"@Test
    void testTransform_oe() {
        // arrange
        final AffineTransformMatrix3D t = QuaternionRotation.fromAxisAngle(Vector3D.Unit.PLUS_Y, 0.5 * Math.PI)
                .toMatrix()
                .translate(Vector3D.Unit.PLUS_Y);

        final ReverseRay3D revRay = Lines3D.reverseRayFromPointAndDirection(Vector3D.of(1, 0, 0), Vector3D.Unit.PLUS_X, TEST_PRECISION);

        // act
        final ReverseRay3D result = revRay.transform(t);

        // assert
        Assertions.assertNull(result.getStartPoint());
        EuclideanTestUtils.assertCoordinatesEqual(Vector3D.of(0, 1, -1), result.getEndPoint(), TEST_EPS);

        EuclideanTestUtils.assertCoordinatesEqual(Vector3D.Unit.MINUS_Z, result.getLine().getDirection(), TEST_EPS);
    }",ReverseRay3DTest::testTransform_oe
commons-geometry_2274,"@Test
    void testTransform_reflection_oe() {
        // arrange
        final AffineTransformMatrix3D t = QuaternionRotation.fromAxisAngle(Vector3D.Unit.PLUS_Y, 0.5 * Math.PI)
                .toMatrix()
                .translate(Vector3D.Unit.PLUS_Y)
                .scale(1, 1, -2);

        final ReverseRay3D revRay = Lines3D.reverseRayFromPointAndDirection(Vector3D.of(1, 0, 0), Vector3D.Unit.PLUS_X, TEST_PRECISION);

        // act
        final ReverseRay3D result = revRay.transform(t);

        // assert
        Assertions.assertNull(result.getStartPoint());
        EuclideanTestUtils.assertCoordinatesEqual(Vector3D.of(0, 1, 2), result.getEndPoint(), TEST_EPS);

        EuclideanTestUtils.assertCoordinatesEqual(Vector3D.Unit.PLUS_Z, result.getLine().getDirection(), TEST_EPS);
    }",ReverseRay3DTest::testTransform_reflection_oe
commons-geometry_2275,"@Test
    void testContains_oe() {
        // arrange
        final Vector3D p0 = Vector3D.of(1, 1, 1);

        final Vector3D delta = Vector3D.of(1e-12, 1e-12, 1e-12);

        final ReverseRay3D revRay = Lines3D.reverseRayFromPointAndDirection(Vector3D.of(1, 1, 1), Vector3D.Unit.PLUS_X, TEST_PRECISION);

        // act/assert
        Assertions.assertFalse(revRay.contains(Vector3D.of(2, 2, 2)));
        Assertions.assertFalse(revRay.contains(Vector3D.of(1.1, 1, 1)));
        Assertions.assertFalse(revRay.contains(Vector3D.of(100, 1, 1)));

        Assertions.assertTrue(revRay.contains(p0));
        Assertions.assertTrue(revRay.contains(p0.add(delta)));

        Assertions.assertTrue(revRay.contains(Vector3D.of(-1000, 1, 1)));
    }",ReverseRay3DTest::testContains_oe
commons-geometry_2276,"@Test
    void testGetInterval_oe() {
        // arrange
        final ReverseRay3D revRay = Lines3D.reverseRayFromPointAndDirection(Vector3D.of(2, -1, 3), Vector3D.Unit.PLUS_Y, TEST_PRECISION);

        // act
        final Interval interval = revRay.getInterval();

        // assert
        GeometryTestUtils.assertNegativeInfinity(interval.getMin());
        Assertions.assertEquals(-1, interval.getMax(), TEST_EPS);

        Assertions.assertSame(revRay.getLine().getPrecision(), interval.getMaxBoundary().getPrecision());
    }",ReverseRay3DTest::testGetInterval_oe
commons-geometry_2277,"@Test
    void testToString_oe() {
        // arrange
        final ReverseRay3D revRay = Lines3D.reverseRayFromPointAndDirection(Vector3D.ZERO, Vector3D.Unit.PLUS_X, TEST_PRECISION);

        // act
        final String str = revRay.toString();

        // assert
        GeometryTestUtils.assertContains(""ReverseRay3D[direction= (1"", str);
        GeometryTestUtils.assertContains("", endPoint= (0"", str);
    }",ReverseRay3DTest::testToString_oe
commons-geometry_2278,"@Test
    void testProperties_oe() {
        // arrange
        final Vector3D pt = Vector3D.of(1, 1, 1);
        final Vector3D normal = Vector3D.Unit.MINUS_X;

        final LinecastPoint3D it = new LinecastPoint3D(pt, normal, X_AXIS);

        // act
        Assertions.assertSame(pt, it.getPoint());
        Assertions.assertSame(normal, it.getNormal());
        Assertions.assertSame(X_AXIS, it.getLine());
        Assertions.assertEquals(1.0, it.getAbscissa(), TEST_EPS);
    }",LinecastPoint3DTest::testProperties_oe
commons-geometry_2279,"@Test
    void testCompareTo_oe() {
        // arrange
        final LinecastPoint3D a = new LinecastPoint3D(Vector3D.of(1, 1, 1), Vector3D.Unit.PLUS_X, X_AXIS);

        final LinecastPoint3D b = new LinecastPoint3D(Vector3D.of(2, 2, 2), Vector3D.Unit.PLUS_X, X_AXIS);
        final LinecastPoint3D c = new LinecastPoint3D(Vector3D.of(-3, 3, 3), Vector3D.Unit.PLUS_X, X_AXIS);
        final LinecastPoint3D d = new LinecastPoint3D(Vector3D.of(1, 4, 4), Vector3D.Unit.PLUS_Y, X_AXIS);
        final LinecastPoint3D e = new LinecastPoint3D(Vector3D.of(1, 4, 4), Vector3D.Unit.PLUS_X, X_AXIS);

        // act/assert
        Assertions.assertEquals(-1, LinecastPoint3D.ABSCISSA_ORDER.compare(a, b));
        Assertions.assertEquals(1, LinecastPoint3D.ABSCISSA_ORDER.compare(a, c));
        Assertions.assertEquals(1, LinecastPoint3D.ABSCISSA_ORDER.compare(a, d));
        Assertions.assertEquals(0, LinecastPoint3D.ABSCISSA_ORDER.compare(a, e));
    }",LinecastPoint3DTest::testCompareTo_oe
commons-geometry_2280,"@Test
    void testHashCode_oe() {
        // arrange
        final LinecastPoint3D a = new LinecastPoint3D(Vector3D.of(1, 1, 1), Vector3D.Unit.PLUS_X, X_AXIS);
        final LinecastPoint3D b = new LinecastPoint3D(Vector3D.of(2, 2, 2), Vector3D.Unit.PLUS_X, X_AXIS);
        final LinecastPoint3D c = new LinecastPoint3D(Vector3D.of(1, 1, 1), Vector3D.Unit.PLUS_Y, X_AXIS);
        final LinecastPoint3D d = new LinecastPoint3D(Vector3D.of(1, 1, 1), Vector3D.Unit.PLUS_X, Y_AXIS);
        final LinecastPoint3D e = new LinecastPoint3D(Vector3D.of(1, 1, 1), Vector3D.Unit.PLUS_X, X_AXIS);

        // act
        final int hash = a.hashCode();

        // assert
        Assertions.assertEquals(hash, a.hashCode());

        Assertions.assertNotEquals(hash, b.hashCode());
        Assertions.assertNotEquals(hash, c.hashCode());
        Assertions.assertNotEquals(hash, d.hashCode());

        Assertions.assertEquals(hash, e.hashCode());
    }",LinecastPoint3DTest::testHashCode_oe
commons-geometry_2281,"@Test
    void testEquals_oe() {
        // arrange
        final LinecastPoint3D a = new LinecastPoint3D(Vector3D.of(1, 1, 1), Vector3D.Unit.PLUS_X, X_AXIS);
        final LinecastPoint3D b = new LinecastPoint3D(Vector3D.of(2, 2, 2), Vector3D.Unit.PLUS_X, X_AXIS);
        final LinecastPoint3D c = new LinecastPoint3D(Vector3D.of(1, 1, 1), Vector3D.Unit.PLUS_Y, X_AXIS);
        final LinecastPoint3D d = new LinecastPoint3D(Vector3D.of(1, 1, 1), Vector3D.Unit.PLUS_X, Y_AXIS);
        final LinecastPoint3D e = new LinecastPoint3D(Vector3D.of(1, 1, 1), Vector3D.Unit.PLUS_X, X_AXIS);

        // act/assert
        GeometryTestUtils.assertSimpleEqualsCases(a);

        Assertions.assertNotEquals(a, b);
        Assertions.assertNotEquals(a, c);
        Assertions.assertNotEquals(a, d);

        Assertions.assertEquals(a, e);
        Assertions.assertEquals(e, a);
    }",LinecastPoint3DTest::testEquals_oe
commons-geometry_2282,"@Test
    void testEq_oe() {
        // arrange
        final Precision.DoubleEquivalence precision = Precision.doubleEquivalenceOfEpsilon(1e-2);

        final Line3D line = Lines3D.fromPointAndDirection(Vector3D.ZERO, Vector3D.Unit.PLUS_X, precision);
        final Line3D otherLine = Lines3D.fromPointAndDirection(Vector3D.of(1e-4, 1e-4, 1e-4), Vector3D.Unit.PLUS_X,
                precision);

        final LinecastPoint3D a = new LinecastPoint3D(Vector3D.of(1, 1, 1), Vector3D.Unit.PLUS_X, line);

        final LinecastPoint3D b = new LinecastPoint3D(Vector3D.of(2, 2, 2), Vector3D.Unit.PLUS_X, line);
        final LinecastPoint3D c = new LinecastPoint3D(Vector3D.of(1, 1, 1), Vector3D.Unit.PLUS_Y, line);

        final LinecastPoint3D d = new LinecastPoint3D(Vector3D.of(1, 1, 1), Vector3D.Unit.PLUS_X, line);
        final LinecastPoint3D e = new LinecastPoint3D(Vector3D.of(1 + 1e-3, 1 + 1e-3, 1 + 1e-3),
                Vector3D.Unit.from(1 + 1e-3, 1e-3, 1e-3), otherLine);

        // act/assert
        Assertions.assertTrue(a.eq(a, precision));

        Assertions.assertFalse(a.eq(b, precision));
        Assertions.assertFalse(a.eq(c, precision));

        Assertions.assertTrue(a.eq(d, precision));
        Assertions.assertTrue(a.eq(e, precision));
    }",LinecastPoint3DTest::testEq_oe
commons-geometry_2283,"@Test
    void testToString_oe() {
        // arrange
        final LinecastPoint3D it = new LinecastPoint3D(Vector3D.of(1, 1, 1), Vector3D.Unit.PLUS_X, X_AXIS);

        // act
        final String str = it.toString();

        // assert
        GeometryTestUtils.assertContains(""LinecastPoint3D[point= (1.0, 1.0, 1.0), normal= (1.0, 0.0, 0.0)"", str);
    }",LinecastPoint3DTest::testToString_oe
commons-geometry_2284,"@Test
    void testSortAndFilter_empty_oe() {
        // arrange
        final List<LinecastPoint3D> pts = new ArrayList<>();

        // act
        LinecastPoint3D.sortAndFilter(pts);

        // assert
        Assertions.assertEquals(0, pts.size());
    }",LinecastPoint3DTest::testSortAndFilter_empty_oe
commons-geometry_2285,"@Test
    void testSortAndFilter_oe() {
        // arrange
        final Precision.DoubleEquivalence precision = Precision.doubleEquivalenceOfEpsilon(1e-2);

        final Line3D line = Lines3D.fromPointAndDirection(Vector3D.ZERO, Vector3D.Unit.PLUS_X, precision);
        final Line3D eqLine = Lines3D.fromPointAndDirection(Vector3D.of(1e-3, 1e-3, 1e-3), Vector3D.Unit.PLUS_X,
                precision);
        final Line3D diffLine = Lines3D.fromPointAndDirection(Vector3D.ZERO, Vector3D.Unit.PLUS_Y, precision);

        final LinecastPoint3D a = new LinecastPoint3D(Vector3D.ZERO, Vector3D.Unit.MINUS_Y, line);
        final LinecastPoint3D aDup1 = new LinecastPoint3D(Vector3D.of(1e-3, 0, 0), Vector3D.Unit.MINUS_Y, line);
        final LinecastPoint3D aDup2 = new LinecastPoint3D(Vector3D.of(1e-3, 1e-3, 1e-3), Vector3D.of(1e-3, -1, 0),
                eqLine);

        final LinecastPoint3D b = new LinecastPoint3D(Vector3D.ZERO, Vector3D.Unit.MINUS_X, diffLine);
        final LinecastPoint3D bDup = new LinecastPoint3D(Vector3D.of(-1e-3, 1e-4, 1e-4), Vector3D.Unit.MINUS_X,
                diffLine);

        final LinecastPoint3D c = new LinecastPoint3D(Vector3D.of(0.5, 0, 0), Vector3D.Unit.MINUS_Y, line);

        final LinecastPoint3D d = new LinecastPoint3D(Vector3D.of(1, 0, 0), Vector3D.Unit.MINUS_Y, line);

        final List<LinecastPoint3D> list = new ArrayList<>(Arrays.asList(d, aDup1, bDup, b, c, a, aDup2));

        // act
        LinecastPoint3D.sortAndFilter(list);

        // assert
        Assertions.assertEquals(4, list.size());

        Assertions.assertSame(b, list.get(0));
        Assertions.assertSame(a, list.get(1));
        Assertions.assertSame(c, list.get(2));
        Assertions.assertSame(d, list.get(3));
    }",LinecastPoint3DTest::testSortAndFilter_oe
commons-geometry_2286,"@Test
    void testFromPoints_oe() {
        // arrange
        final Vector3D p1 = Vector3D.of(1, 1, 2);
        final Vector3D p2 = Vector3D.of(1, 3, 2);

        // act
        final Segment3D seg = Lines3D.segmentFromPoints(p1, p2, TEST_PRECISION);

        // assert
        Assertions.assertFalse(seg.isInfinite());
        Assertions.assertTrue(seg.isFinite());

        EuclideanTestUtils.assertCoordinatesEqual(p1, seg.getStartPoint(), TEST_EPS);
        EuclideanTestUtils.assertCoordinatesEqual(p2, seg.getEndPoint(), TEST_EPS);

        Assertions.assertEquals(1, seg.getSubspaceStart(), TEST_EPS);
        Assertions.assertEquals(3, seg.getSubspaceEnd(), TEST_EPS);

        Assertions.assertEquals(2, seg.getSize(), TEST_EPS);

        EuclideanTestUtils.assertCoordinatesEqual(Vector3D.of(1, 2, 2), seg.getCentroid(), TEST_EPS);
        final Bounds3D bounds = seg.getBounds();
        EuclideanTestUtils.assertCoordinatesEqual(Vector3D.of(1, 1, 2), bounds.getMin(), TEST_EPS);
        EuclideanTestUtils.assertCoordinatesEqual(Vector3D.of(1, 3, 2), bounds.getMax(), TEST_EPS);
    }",Segment3DTest::testFromPoints_oe
commons-geometry_2287,"@Test
    void testFromPoints_invalidArgs_oe() {
        // arrange
        final Vector3D p1 = Vector3D.of(0, 2, 4);
        final Vector3D p2 = Vector3D.of(1e-17, 2, 4);

        // act/assert
        GeometryTestUtils.assertThrowsWithMessage(() -> {
            Lines3D.segmentFromPoints(p1, p1, TEST_PRECISION);
        }, IllegalArgumentException.class, ""Line direction cannot be zero"");

        GeometryTestUtils.assertThrowsWithMessage(() -> {
            Lines3D.segmentFromPoints(p1, p2, TEST_PRECISION);
        }, IllegalArgumentException.class, ""Line direction cannot be zero"");
    }",Segment3DTest::testFromPoints_invalidArgs_oe
commons-geometry_2288,"@Test
    void testFromPoints_givenLine_oe() {
        // arrange
        final Vector3D p1 = Vector3D.of(-1, -1, 2);
        final Vector3D p2 = Vector3D.of(3, 3, 3);

        final Line3D line = Lines3D.fromPointAndDirection(Vector3D.of(1, 0, 2), Vector3D.Unit.PLUS_Y, TEST_PRECISION);

        // act
        final Segment3D seg = Lines3D.segmentFromPoints(line, p2, p1); // reverse location order

        // assert
        Assertions.assertFalse(seg.isInfinite());
        Assertions.assertTrue(seg.isFinite());

        EuclideanTestUtils.assertCoordinatesEqual(Vector3D.of(1, -1, 2), seg.getStartPoint(), TEST_EPS);
        EuclideanTestUtils.assertCoordinatesEqual(Vector3D.of(1, 3, 2), seg.getEndPoint(), TEST_EPS);

        Assertions.assertEquals(-1, seg.getSubspaceStart(), TEST_EPS);
        Assertions.assertEquals(3, seg.getSubspaceEnd(), TEST_EPS);

        Assertions.assertEquals(4, seg.getSize(), TEST_EPS);

        EuclideanTestUtils.assertCoordinatesEqual(Vector3D.of(1, 1, 2), seg.getCentroid(), TEST_EPS);
        final Bounds3D bounds = seg.getBounds();
        EuclideanTestUtils.assertCoordinatesEqual(Vector3D.of(1, -1, 2), bounds.getMin(), TEST_EPS);
        EuclideanTestUtils.assertCoordinatesEqual(Vector3D.of(1, 3, 2), bounds.getMax(), TEST_EPS);
    }",Segment3DTest::testFromPoints_givenLine_oe
commons-geometry_2289,"@Test
    void testFromPoints_givenLine_singlePoint_oe() {
        // arrange
        final Vector3D p1 = Vector3D.of(-1, 2, 0);

        final Line3D line = Lines3D.fromPointAndDirection(Vector3D.of(1, 0, 0), Vector3D.Unit.PLUS_Y, TEST_PRECISION);

        // act
        final Segment3D seg = Lines3D.segmentFromPoints(line, p1, p1);

        // assert
        Assertions.assertFalse(seg.isInfinite());
        Assertions.assertTrue(seg.isFinite());

        EuclideanTestUtils.assertCoordinatesEqual(Vector3D.of(1, 2, 0), seg.getStartPoint(), TEST_EPS);
        EuclideanTestUtils.assertCoordinatesEqual(Vector3D.of(1, 2, 0), seg.getEndPoint(), TEST_EPS);

        Assertions.assertEquals(2, seg.getSubspaceStart(), TEST_EPS);
        Assertions.assertEquals(2, seg.getSubspaceEnd(), TEST_EPS);

        Assertions.assertEquals(0, seg.getSize(), TEST_EPS);

        EuclideanTestUtils.assertCoordinatesEqual(Vector3D.of(1, 2, 0), seg.getCentroid(), TEST_EPS);
        final Bounds3D bounds = seg.getBounds();
        EuclideanTestUtils.assertCoordinatesEqual(Vector3D.of(1, 2, 0), bounds.getMin(), TEST_EPS);
        EuclideanTestUtils.assertCoordinatesEqual(Vector3D.of(1, 2, 0), bounds.getMax(), TEST_EPS);
    }",Segment3DTest::testFromPoints_givenLine_singlePoint_oe
commons-geometry_2290,"@Test
    void testFromPoints_givenLine_invalidArgs_oe() {
        // arrange
        final Vector3D p0 = Vector3D.of(1, 0, 0);
        final Vector3D p1 = Vector3D.of(2, 0, 0);

        final Line3D line = Lines3D.fromPointAndDirection(Vector3D.ZERO, Vector3D.Unit.PLUS_X, TEST_PRECISION);

        // act/assert
        GeometryTestUtils.assertThrowsWithMessage(() -> {
            Lines3D.segmentFromPoints(line, Vector3D.NaN, p1);
        }, IllegalArgumentException.class, ""Invalid line segment locations: NaN, 2.0"");

        GeometryTestUtils.assertThrowsWithMessage(() -> {
            Lines3D.segmentFromPoints(line, p0, Vector3D.NaN);
        }, IllegalArgumentException.class, ""Invalid line segment locations: 1.0, NaN"");

        GeometryTestUtils.assertThrowsWithMessage(() -> {
            Lines3D.segmentFromPoints(line, Vector3D.NEGATIVE_INFINITY, p1);
        }, IllegalArgumentException.class, ""Invalid line segment locations: NaN, 2.0"");

        GeometryTestUtils.assertThrowsWithMessage(() -> {
            Lines3D.segmentFromPoints(line, p0, Vector3D.POSITIVE_INFINITY);
        }, IllegalArgumentException.class, ""Invalid line segment locations: 1.0, NaN"");
    }",Segment3DTest::testFromPoints_givenLine_invalidArgs_oe
commons-geometry_2291,"@Test
    void testFromLocations_oe() {
        // arrange
        final Line3D line = Lines3D.fromPointAndDirection(Vector3D.of(-1, 0, 0), Vector3D.Unit.PLUS_Z, TEST_PRECISION);

        // act
        final Segment3D seg = Lines3D.segmentFromLocations(line, -1, 2);

        // assert
        Assertions.assertFalse(seg.isInfinite());
        Assertions.assertTrue(seg.isFinite());

        EuclideanTestUtils.assertCoordinatesEqual(Vector3D.of(-1, 0, -1), seg.getStartPoint(), TEST_EPS);
        EuclideanTestUtils.assertCoordinatesEqual(Vector3D.of(-1, 0, 2), seg.getEndPoint(), TEST_EPS);

        Assertions.assertEquals(-1, seg.getSubspaceStart(), TEST_EPS);
        Assertions.assertEquals(2, seg.getSubspaceEnd(), TEST_EPS);

        Assertions.assertEquals(3, seg.getSize(), TEST_EPS);

        EuclideanTestUtils.assertCoordinatesEqual(Vector3D.of(-1, 0, 0.5), seg.getCentroid(), TEST_EPS);
        final Bounds3D bounds = seg.getBounds();
        EuclideanTestUtils.assertCoordinatesEqual(Vector3D.of(-1, 0, -1), bounds.getMin(), TEST_EPS);
        EuclideanTestUtils.assertCoordinatesEqual(Vector3D.of(-1, 0, 2), bounds.getMax(), TEST_EPS);
    }",Segment3DTest::testFromLocations_oe
commons-geometry_2292,"@Test
    void testFromLocations_reversedLocationOrder_oe() {
        // arrange
        final Line3D line = Lines3D.fromPointAndDirection(Vector3D.of(-1, 0, 1), Vector3D.Unit.PLUS_Z, TEST_PRECISION);

        // act
        final Segment3D seg = Lines3D.segmentFromLocations(line, 2, -1);

        // assert
        Assertions.assertFalse(seg.isInfinite());
        Assertions.assertTrue(seg.isFinite());

        EuclideanTestUtils.assertCoordinatesEqual(Vector3D.of(-1, 0, -1), seg.getStartPoint(), TEST_EPS);
        EuclideanTestUtils.assertCoordinatesEqual(Vector3D.of(-1, 0, 2), seg.getEndPoint(), TEST_EPS);

        Assertions.assertEquals(-1, seg.getSubspaceStart(), TEST_EPS);
        Assertions.assertEquals(2, seg.getSubspaceEnd(), TEST_EPS);

        Assertions.assertEquals(3, seg.getSize(), TEST_EPS);

        EuclideanTestUtils.assertCoordinatesEqual(Vector3D.of(-1, 0, 0.5), seg.getCentroid(), TEST_EPS);
        final Bounds3D bounds = seg.getBounds();
        EuclideanTestUtils.assertCoordinatesEqual(Vector3D.of(-1, 0, -1), bounds.getMin(), TEST_EPS);
        EuclideanTestUtils.assertCoordinatesEqual(Vector3D.of(-1, 0, 2), bounds.getMax(), TEST_EPS);
    }",Segment3DTest::testFromLocations_reversedLocationOrder_oe
commons-geometry_2293,"@Test
    void testFromLocations_singlePoint_oe() {
        // arrange
        final Line3D line = Lines3D.fromPointAndDirection(Vector3D.of(-1, 0, 0), Vector3D.Unit.PLUS_Z, TEST_PRECISION);

        // act
        final Segment3D seg = Lines3D.segmentFromLocations(line, 1, 1);

        // assert
        Assertions.assertFalse(seg.isInfinite());
        Assertions.assertTrue(seg.isFinite());

        EuclideanTestUtils.assertCoordinatesEqual(Vector3D.of(-1, 0, 1), seg.getStartPoint(), TEST_EPS);
        EuclideanTestUtils.assertCoordinatesEqual(Vector3D.of(-1, 0, 1), seg.getEndPoint(), TEST_EPS);

        Assertions.assertEquals(1, seg.getSubspaceStart(), TEST_EPS);
        Assertions.assertEquals(1, seg.getSubspaceEnd(), TEST_EPS);

        Assertions.assertEquals(0, seg.getSize(), TEST_EPS);

        EuclideanTestUtils.assertCoordinatesEqual(Vector3D.of(-1, 0, 1), seg.getCentroid(), TEST_EPS);
        final Bounds3D bounds = seg.getBounds();
        EuclideanTestUtils.assertCoordinatesEqual(Vector3D.of(-1, 0, 1), bounds.getMin(), TEST_EPS);
        EuclideanTestUtils.assertCoordinatesEqual(Vector3D.of(-1, 0, 1), bounds.getMax(), TEST_EPS);
    }",Segment3DTest::testFromLocations_singlePoint_oe
commons-geometry_2294,"@Test
    void testFromLocations_invalidArgs_oe() {
        // arrange
        final Line3D line = Lines3D.fromPointAndDirection(Vector3D.ZERO, Vector3D.Unit.MINUS_Z, TEST_PRECISION);

        // act/assert
        GeometryTestUtils.assertThrowsWithMessage(() -> {
            Lines3D.segmentFromLocations(line, Double.NaN, 2);
        }, IllegalArgumentException.class, ""Invalid line segment locations: NaN, 2.0"");

        GeometryTestUtils.assertThrowsWithMessage(() -> {
            Lines3D.segmentFromLocations(line, 1, Double.NaN);
        }, IllegalArgumentException.class, ""Invalid line segment locations: 1.0, NaN"");

        GeometryTestUtils.assertThrowsWithMessage(() -> {
            Lines3D.segmentFromLocations(line, Double.NEGATIVE_INFINITY, 2);
        }, IllegalArgumentException.class, ""Invalid line segment locations: -Infinity, 2.0"");

        GeometryTestUtils.assertThrowsWithMessage(() -> {
            Lines3D.segmentFromLocations(line, 1, Double.POSITIVE_INFINITY);
        }, IllegalArgumentException.class, ""Invalid line segment locations: 1.0, Infinity"");
    }",Segment3DTest::testFromLocations_invalidArgs_oe
commons-geometry_2295,"@Test
    void testTransform_oe() {
        // arrange
        final AffineTransformMatrix3D t = QuaternionRotation.fromAxisAngle(Vector3D.Unit.PLUS_Y, 0.5 * Math.PI)
                .toMatrix()
                .translate(Vector3D.Unit.PLUS_Y);

        final Segment3D seg = Lines3D.segmentFromPoints(Vector3D.of(1, 0, 0), Vector3D.of(2, 0, 0), TEST_PRECISION);

        // act
        final Segment3D result = seg.transform(t);

        // assert
        EuclideanTestUtils.assertCoordinatesEqual(Vector3D.of(0, 1, -1), result.getStartPoint(), TEST_EPS);
        EuclideanTestUtils.assertCoordinatesEqual(Vector3D.of(0, 1, -2), result.getEndPoint(), TEST_EPS);
    }",Segment3DTest::testTransform_oe
commons-geometry_2296,"@Test
    void testTransform_reflection_oe() {
        // arrange
        final AffineTransformMatrix3D t = QuaternionRotation.fromAxisAngle(Vector3D.Unit.PLUS_Y, 0.5 * Math.PI)
                .toMatrix()
                .translate(Vector3D.Unit.PLUS_Y)
                .scale(1, 1, -2);

        final Segment3D seg = Lines3D.segmentFromPoints(Vector3D.of(1, 0, 0), Vector3D.of(2, 0, 0), TEST_PRECISION);

        // act
        final Segment3D result = seg.transform(t);

        // assert
        EuclideanTestUtils.assertCoordinatesEqual(Vector3D.of(0, 1, 2), result.getStartPoint(), TEST_EPS);
        EuclideanTestUtils.assertCoordinatesEqual(Vector3D.of(0, 1, 4), result.getEndPoint(), TEST_EPS);
    }",Segment3DTest::testTransform_reflection_oe
commons-geometry_2297,"@Test
    void testContains_oe() {
        // arrange
        final Vector3D p0 = Vector3D.of(1, 1, 1);
        final Vector3D p1 = Vector3D.of(3, 1, 1);

        final Vector3D delta = Vector3D.of(1e-12, 1e-12, 1e-12);

        final Segment3D seg = Lines3D.segmentFromPoints(Vector3D.of(1, 1, 1), Vector3D.of(3, 1, 1), TEST_PRECISION);

        // act/assert
        Assertions.assertFalse(seg.contains(Vector3D.of(2, 2, 2)));
        Assertions.assertFalse(seg.contains(Vector3D.of(0.9, 1, 1)));
        Assertions.assertFalse(seg.contains(Vector3D.of(3.1, 1, 1)));

        Assertions.assertTrue(seg.contains(p0));
        Assertions.assertTrue(seg.contains(p1));

        Assertions.assertTrue(seg.contains(p0.subtract(delta)));
        Assertions.assertTrue(seg.contains(p1.add(delta)));

        Assertions.assertTrue(seg.contains(p0.lerp(p1, 0.5)));
    }",Segment3DTest::testContains_oe
commons-geometry_2298,"@Test
    void testGetInterval_oe() {
        // arrange
        final Segment3D seg = Lines3D.segmentFromPoints(Vector3D.of(2, -1, 3), Vector3D.of(2, 2, 3), TEST_PRECISION);

        // act
        final Interval interval = seg.getInterval();

        // assert
        Assertions.assertEquals(-1, interval.getMin(), TEST_EPS);
        Assertions.assertEquals(2, interval.getMax(), TEST_EPS);

        Assertions.assertSame(seg.getLine().getPrecision(), interval.getMinBoundary().getPrecision());
    }",Segment3DTest::testGetInterval_oe
commons-geometry_2299,"@Test
    void testGetInterval_singlePoint_oe() {
        // arrange
        final Line3D line = Lines3D.fromPointAndDirection(Vector3D.ZERO, Vector3D.Unit.PLUS_X, TEST_PRECISION);
        final Segment3D seg = Lines3D.segmentFromLocations(line, 1, 1);

        // act
        final Interval interval = seg.getInterval();

        // assert
        Assertions.assertEquals(1, interval.getMin(), TEST_EPS);
        Assertions.assertEquals(1, interval.getMax(), TEST_EPS);
        Assertions.assertEquals(0, interval.getSize(), TEST_EPS);

        Assertions.assertSame(seg.getLine().getPrecision(), interval.getMinBoundary().getPrecision());
    }",Segment3DTest::testGetInterval_singlePoint_oe
commons-geometry_2300,"@Test
    void testToString_oe() {
        // arrange
        final Segment3D seg = Lines3D.segmentFromPoints(Vector3D.ZERO, Vector3D.of(1, 0, 0), TEST_PRECISION);

        // act
        final String str = seg.toString();

        // assert
        GeometryTestUtils.assertContains(""Segment3D[startPoint= (0"", str);
        GeometryTestUtils.assertContains("", endPoint= (1"", str);
    }",Segment3DTest::testToString_oe
commons-geometry_2301,"@Test
    void testFromPointAndDirection_oe() {
        // arrange
        final Line3D line = Lines3D.fromPointAndDirection(Vector3D.of(-1, 1, 0), Vector3D.Unit.PLUS_Y, TEST_PRECISION);

        // act/assert
        EuclideanTestUtils.assertCoordinatesEqual(Vector3D.of(-1, 0, 0), line.getOrigin(), TEST_EPS);
        EuclideanTestUtils.assertCoordinatesEqual(Vector3D.Unit.PLUS_Y, line.getDirection(), TEST_EPS);
        Assertions.assertSame(TEST_PRECISION, line.getPrecision());
    }",Line3DTest::testFromPointAndDirection_oe
commons-geometry_2302,"@Test
    void testFromPointAndDirection_normalizesDirection_oe() {
        // arrange
        final Line3D line = Lines3D.fromPointAndDirection(Vector3D.ZERO, Vector3D.of(1, 1, 1), TEST_PRECISION);

        // act/assert
        EuclideanTestUtils.assertCoordinatesEqual(Vector3D.ZERO, line.getOrigin(), TEST_EPS);

        final double invSqrt3 = 1.0 / Math.sqrt(3);
        EuclideanTestUtils.assertCoordinatesEqual(Vector3D.of(invSqrt3, invSqrt3, invSqrt3), line.getDirection(), TEST_EPS);
        Assertions.assertSame(TEST_PRECISION, line.getPrecision());
    }",Line3DTest::testFromPointAndDirection_normalizesDirection_oe
commons-geometry_2303,"@Test
    void testFromPointAndDirection_illegalDirectionNorm_oe() {
        // act/assert
        GeometryTestUtils.assertThrowsWithMessage(() -> {
            Lines3D.fromPointAndDirection(Vector3D.ZERO, Vector3D.ZERO, TEST_PRECISION);
        }, IllegalArgumentException.class, ""Line direction cannot be zero"");

        GeometryTestUtils.assertThrowsWithMessage(() -> {
            Lines3D.fromPointAndDirection(Vector3D.ZERO, Vector3D.of(1e-12, 1e-12, 1e-12), TEST_PRECISION);
        }, IllegalArgumentException.class, ""Line direction cannot be zero"");
    }",Line3DTest::testFromPointAndDirection_illegalDirectionNorm_oe
commons-geometry_2304,"@Test
    void testFromPoints_oe() {
        // arrange
        final Line3D line = Lines3D.fromPoints(Vector3D.of(-1, 1, 0), Vector3D.of(-1, 7, 0), TEST_PRECISION);

        // act/assert
        EuclideanTestUtils.assertCoordinatesEqual(Vector3D.of(-1, 0, 0), line.getOrigin(), TEST_EPS);
        EuclideanTestUtils.assertCoordinatesEqual(Vector3D.Unit.PLUS_Y, line.getDirection(), TEST_EPS);
        Assertions.assertSame(TEST_PRECISION, line.getPrecision());
    }",Line3DTest::testFromPoints_oe
commons-geometry_2305,"@Test
    void testFromPoints_pointsTooClose_oe() {
        // act/assert
        Assertions.assertThrows(IllegalArgumentException.class, () -> Lines3D.fromPoints(Vector3D.of(1, 1, 1),
                Vector3D.of(1, 1, 1 + 1e-16), TEST_PRECISION));
    }",Line3DTest::testFromPoints_pointsTooClose_oe
commons-geometry_2306,"@Test
    void testTransform_oe() {
        // arrange
        final Vector3D pt = Vector3D.of(1, 2, 3);
        final Line3D line = Lines3D.fromPointAndDirection(pt, Vector3D.of(1, 1, 1), TEST_PRECISION);

        final AffineTransformMatrix3D mat = AffineTransformMatrix3D.createRotation(pt,
                QuaternionRotation.fromAxisAngle(Vector3D.Unit.PLUS_Y, Angle.PI_OVER_TWO));

        // act
        final Line3D result = line.transform(mat);

        // assert
        Assertions.assertTrue(result.contains(pt));
        EuclideanTestUtils.assertCoordinatesEqual(Vector3D.of(1, 1, -1).normalize(), result.getDirection(), TEST_EPS);
    }",Line3DTest::testTransform_oe
commons-geometry_2307,"@Test
    void testTransform_reflectionInOneAxis_oe() {
        // arrange
        final Line3D line = Lines3D.fromPointAndDirection(Vector3D.of(1, 0, 0), Vector3D.of(1, 1, 1), TEST_PRECISION);

        final AffineTransformMatrix3D transform = AffineTransformMatrix3D.from(v -> Vector3D.of(v.getX(), v.getY(), -v.getZ()));

        // act
        final Line3D result = line.transform(transform);

        // assert
        Assertions.assertTrue(result.contains(Vector3D.of(1, 0, 0)));
        EuclideanTestUtils.assertCoordinatesEqual(Vector3D.of(1, 1, -1).normalize(), result.getDirection(), TEST_EPS);
    }",Line3DTest::testTransform_reflectionInOneAxis_oe
commons-geometry_2308,"@Test
    void testTransform_reflectionInTwoAxes_oe() {
        // arrange
        final Line3D line = Lines3D.fromPointAndDirection(Vector3D.of(1, 0, 0), Vector3D.of(1, 1, 1), TEST_PRECISION);

        final AffineTransformMatrix3D transform = AffineTransformMatrix3D.from(v -> Vector3D.of(v.getX(), -v.getY(), -v.getZ()));

        // act
        final Line3D result = line.transform(transform);

        // assert
        Assertions.assertTrue(result.contains(Vector3D.of(1, 0, 0)));
        EuclideanTestUtils.assertCoordinatesEqual(Vector3D.of(1, -1, -1).normalize(), result.getDirection(), TEST_EPS);
    }",Line3DTest::testTransform_reflectionInTwoAxes_oe
commons-geometry_2309,"@Test
    void testTransform_reflectionInThreeAxes_oe() {
        // arrange
        final Line3D line = Lines3D.fromPointAndDirection(Vector3D.of(1, 0, 0), Vector3D.of(1, 1, 1), TEST_PRECISION);

        final AffineTransformMatrix3D transform = AffineTransformMatrix3D.from(Vector3D::negate);

        // act
        final Line3D result = line.transform(transform);

        // assert
        Assertions.assertTrue(result.contains(Vector3D.of(-1, 0, 0)));
        EuclideanTestUtils.assertCoordinatesEqual(Vector3D.of(-1, -1, -1).normalize(), result.getDirection(), TEST_EPS);
    }",Line3DTest::testTransform_reflectionInThreeAxes_oe
commons-geometry_2310,"@Test
    void testSubspaceTransform_oe() {
        // arrange
        final Line3D line = Lines3D.fromPointAndDirection(Vector3D.of(0, 0, 1), Vector3D.of(1, 0, 0), TEST_PRECISION);

        final Transform<Vector3D> transform = AffineTransformMatrix3D.identity()
                .scale(2, 1, 1)
                .translate(0.5, 1, 0)
                .rotate(QuaternionRotation.fromAxisAngle(Vector3D.Unit.PLUS_Y, Angle.PI_OVER_TWO));

        // act
        final Line3D.SubspaceTransform result = line.subspaceTransform(transform);

        // assert
        final Line3D tLine = result.getLine();
        final Transform<Vector1D> tSub = result.getTransform();

        EuclideanTestUtils.assertCoordinatesEqual(Vector3D.of(1, 1, 0), tLine.getOrigin(), TEST_EPS);
        EuclideanTestUtils.assertCoordinatesEqual(Vector3D.of(0, 0, -1), tLine.getDirection(), TEST_EPS);

        Assertions.assertEquals(0.5, tSub.apply(Vector1D.ZERO).getX(), TEST_EPS);
        Assertions.assertEquals(4.5, tSub.apply(Vector1D.of(2)).getX(), TEST_EPS);
    }",Line3DTest::testSubspaceTransform_oe
commons-geometry_2311,"@Test
    void testAbscissa_oe() {
        // arrange
        final Line3D line = Lines3D.fromPointAndDirection(Vector3D.of(0, 0, -1), Vector3D.of(4, 3, 0), TEST_PRECISION);

        // act/assert
        Assertions.assertEquals(0.0, line.abscissa(line.getOrigin()), TEST_EPS);

        Assertions.assertEquals(5.0, line.abscissa(Vector3D.of(4, 3, 0)), TEST_EPS);
        Assertions.assertEquals(5.0, line.abscissa(Vector3D.of(4, 3, 10)), TEST_EPS);

        Assertions.assertEquals(-5.0, line.abscissa(Vector3D.of(-4, -3, 0)), TEST_EPS);
        Assertions.assertEquals(-5.0, line.abscissa(Vector3D.of(-4, -3, -10)), TEST_EPS);
    }",Line3DTest::testAbscissa_oe
commons-geometry_2312,"@Test
    void testToSubspace_oe() {
        // arrange
        final Line3D line = Lines3D.fromPointAndDirection(Vector3D.of(0, 0, -1), Vector3D.of(4, 3, 0), TEST_PRECISION);

        // act/assert
        Assertions.assertEquals(0.0, line.toSubspace(line.getOrigin()).getX(), TEST_EPS);

        Assertions.assertEquals(5.0, line.toSubspace(Vector3D.of(4, 3, -1)).getX(), TEST_EPS);
        Assertions.assertEquals(5.0, line.toSubspace(Vector3D.of(4, 3, 10)).getX(), TEST_EPS);

        Assertions.assertEquals(-5.0, line.toSubspace(Vector3D.of(-4, -3, -1)).getX(), TEST_EPS);
        Assertions.assertEquals(-5.0, line.toSubspace(Vector3D.of(-4, -3, -10)).getX(), TEST_EPS);
    }",Line3DTest::testToSubspace_oe
commons-geometry_2313,"@Test
    void testPointAt_oe() {
        // arrange
        final Line3D line = Lines3D.fromPointAndDirection(Vector3D.of(0, 0, -1), Vector3D.of(4, 3, 0), TEST_PRECISION);

        // act/assert
        EuclideanTestUtils.assertCoordinatesEqual(line.getOrigin(), line.pointAt(0.0), TEST_EPS);
        EuclideanTestUtils.assertCoordinatesEqual(Vector3D.of(4, 3, -1), line.pointAt(5.0), TEST_EPS);
        EuclideanTestUtils.assertCoordinatesEqual(Vector3D.of(-4, -3, -1), line.pointAt(-5.0), TEST_EPS);
    }",Line3DTest::testPointAt_oe
commons-geometry_2314,"@Test
    void testToSpace_oe() {
        // arrange
        final Line3D line = Lines3D.fromPointAndDirection(Vector3D.of(0, 0, -1), Vector3D.of(4, 3, 0), TEST_PRECISION);

        // act/assert
        EuclideanTestUtils.assertCoordinatesEqual(line.getOrigin(), line.toSpace(Vector1D.of(0.0)), TEST_EPS);
        EuclideanTestUtils.assertCoordinatesEqual(Vector3D.of(4, 3, -1), line.toSpace(Vector1D.of(5.0)), TEST_EPS);
        EuclideanTestUtils.assertCoordinatesEqual(Vector3D.of(-4, -3, -1), line.toSpace(Vector1D.of(-5.0)), TEST_EPS);
    }",Line3DTest::testToSpace_oe
commons-geometry_2315,"@Test
    void testContains_oe() {
        final Vector3D p1 = Vector3D.of(0, 0, 1);
        final Line3D l = Lines3D.fromPoints(p1, Vector3D.of(0, 0, 2), TEST_PRECISION);
        Assertions.assertTrue(l.contains(p1));
        Assertions.assertTrue(l.contains(Vector3D.Sum.of(p1).addScaled(0.3, l.getDirection()).get()));
        final Vector3D u = l.getDirection().orthogonal();
        final Vector3D v = l.getDirection().cross(u);
        for (double alpha = 0; alpha < 2 * Math.PI; alpha += 0.3) {
            Assertions.assertFalse(l.contains(p1.add(Vector3D.Sum.create().addScaled(Math.cos(alpha),u).addScaled(Math.sin(alpha),v).get())));
        }
    }",Line3DTest::testContains_oe
commons-geometry_2316,"@Test
    void testSimilar_oe() {
        final Vector3D p1  = Vector3D.of(1.2, 3.4, -5.8);
        final Vector3D p2  = Vector3D.of(3.4, -5.8, 1.2);
        final Line3D lA  = Lines3D.fromPoints(p1, p2, TEST_PRECISION);
        final Line3D lB  = Lines3D.fromPoints(p2, p1, TEST_PRECISION);
        Assertions.assertTrue(lA.isSimilarTo(lB));
        Assertions.assertFalse(lA.isSimilarTo(Lines3D.fromPoints(p1, p1.add(lA.getDirection().orthogonal()), TEST_PRECISION)));
    }",Line3DTest::testSimilar_oe
commons-geometry_2317,"@Test
    void testPointDistance_oe() {
        final Line3D l = Lines3D.fromPoints(Vector3D.of(0, 1, 1), Vector3D.of(0, 2, 2), TEST_PRECISION);
        Assertions.assertEquals(Math.sqrt(3.0 / 2.0), l.distance(Vector3D.of(1, 0, 1)), TEST_EPS);
        Assertions.assertEquals(0, l.distance(Vector3D.of(0, -4, -4)), TEST_EPS);
    }",Line3DTest::testPointDistance_oe
commons-geometry_2318,"@Test
    void testLineDistance_oe() {
        final Line3D l = Lines3D.fromPoints(Vector3D.of(0, 1, 1), Vector3D.of(0, 2, 2), TEST_PRECISION);
        Assertions.assertEquals(1.0,l.distance(Lines3D.fromPoints(Vector3D.of(1,0,1),Vector3D.of(1,0,2),TEST_PRECISION)),1.0e-10);
        Assertions.assertEquals(0.5,l.distance(Lines3D.fromPoints(Vector3D.of(-0.5,0,0),Vector3D.of(-0.5,-1,-1),TEST_PRECISION)),1.0e-10);
        Assertions.assertEquals(0.0,l.distance(l),1.0e-10);
        Assertions.assertEquals(0.0,l.distance(Lines3D.fromPoints(Vector3D.of(0,-4,-4),Vector3D.of(0,-5,-5),TEST_PRECISION)),1.0e-10);
        Assertions.assertEquals(0.0,l.distance(Lines3D.fromPoints(Vector3D.of(0,-4,-4),Vector3D.of(0,-3,-4),TEST_PRECISION)),1.0e-10);
        Assertions.assertEquals(0.0,l.distance(Lines3D.fromPoints(Vector3D.of(0,-4,-4),Vector3D.of(1,-4,-4),TEST_PRECISION)),1.0e-10);
        Assertions.assertEquals(Math.sqrt(8),l.distance(Lines3D.fromPoints(Vector3D.of(0,-4,0),Vector3D.of(1,-4,0),TEST_PRECISION)),1.0e-10);
    }",Line3DTest::testLineDistance_oe
commons-geometry_2319,"@Test
    void testClosest_oe() {
        final Line3D l = Lines3D.fromPoints(Vector3D.of(0, 1, 1), Vector3D.of(0, 2, 2), TEST_PRECISION);
        Assertions.assertEquals(0.0,l.closest(Lines3D.fromPoints(Vector3D.of(1,0,1),Vector3D.of(1,0,2),TEST_PRECISION)).distance(Vector3D.of(0,0,0)),1.0e-10);
        Assertions.assertEquals(0.5,l.closest(Lines3D.fromPoints(Vector3D.of(-0.5,0,0),Vector3D.of(-0.5,-1,-1),TEST_PRECISION)).distance(Vector3D.of(-0.5,0,0)),1.0e-10);
        Assertions.assertEquals(0.0,l.closest(l).distance(Vector3D.of(0,0,0)),1.0e-10);
        Assertions.assertEquals(0.0,l.closest(Lines3D.fromPoints(Vector3D.of(0,-4,-4),Vector3D.of(0,-5,-5),TEST_PRECISION)).distance(Vector3D.of(0,0,0)),1.0e-10);
        Assertions.assertEquals(0.0,l.closest(Lines3D.fromPoints(Vector3D.of(0,-4,-4),Vector3D.of(0,-3,-4),TEST_PRECISION)).distance(Vector3D.of(0,-4,-4)),1.0e-10);
        Assertions.assertEquals(0.0,l.closest(Lines3D.fromPoints(Vector3D.of(0,-4,-4),Vector3D.of(1,-4,-4),TEST_PRECISION)).distance(Vector3D.of(0,-4,-4)),1.0e-10);
        Assertions.assertEquals(0.0,l.closest(Lines3D.fromPoints(Vector3D.of(0,-4,0),Vector3D.of(1,-4,0),TEST_PRECISION)).distance(Vector3D.of(0,-2,-2)),1.0e-10);
    }",Line3DTest::testClosest_oe
commons-geometry_2320,"@Test
    void testIntersection_oe() {
        final Line3D l = Lines3D.fromPoints(Vector3D.of(0, 1, 1), Vector3D.of(0, 2, 2), TEST_PRECISION);
        Assertions.assertNull(l.intersection(Lines3D.fromPoints(Vector3D.of(1, 0, 1), Vector3D.of(1, 0, 2), TEST_PRECISION)));
        Assertions.assertNull(l.intersection(Lines3D.fromPoints(Vector3D.of(-0.5, 0, 0), Vector3D.of(-0.5, -1, -1), TEST_PRECISION)));
        Assertions.assertEquals(0.0,l.intersection(l).distance(Vector3D.of(0,0,0)),1.0e-10);
        Assertions.assertEquals(0.0,l.intersection(Lines3D.fromPoints(Vector3D.of(0,-4,-4),Vector3D.of(0,-5,-5),TEST_PRECISION)).distance(Vector3D.of(0,0,0)),1.0e-10);
        Assertions.assertEquals(0.0,l.intersection(Lines3D.fromPoints(Vector3D.of(0,-4,-4),Vector3D.of(0,-3,-4),TEST_PRECISION)).distance(Vector3D.of(0,-4,-4)),1.0e-10);
        Assertions.assertEquals(0.0,l.intersection(Lines3D.fromPoints(Vector3D.of(0,-4,-4),Vector3D.of(1,-4,-4),TEST_PRECISION)).distance(Vector3D.of(0,-4,-4)),1.0e-10);
        Assertions.assertNull(l.intersection(Lines3D.fromPoints(Vector3D.of(0, -4, 0), Vector3D.of(1, -4, 0), TEST_PRECISION)));
    }",Line3DTest::testIntersection_oe
commons-geometry_2321,"@Test
    void testReverse_oe() {
        // arrange
        final Line3D line = Lines3D.fromPoints(Vector3D.of(1653345.6696423641, 6170370.041579291, 90000),
                             Vector3D.of(1650757.5050732433, 6160710.879908984, 0.9),
                             TEST_PRECISION);
        final Vector3D expected = line.getDirection().negate();

        // act
        final Line3D reversed = line.reverse();

        // assert
        EuclideanTestUtils.assertCoordinatesEqual(expected, reversed.getDirection(), TEST_EPS);
    }",Line3DTest::testReverse_oe
commons-geometry_2322,"@Test
    void testSpan_oe() {
        // arrange
        final Line3D line = Lines3D.fromPoints(Vector3D.ZERO, Vector3D.Unit.PLUS_X, TEST_PRECISION);

        // act
        final LineConvexSubset3D span = line.span();

        // assert
        Assertions.assertTrue(span.isInfinite());
        Assertions.assertFalse(span.isFinite());

        Assertions.assertNull(span.getStartPoint());
        Assertions.assertNull(span.getEndPoint());

        Assertions.assertNull(span.getCentroid());
        Assertions.assertNull(span.getBounds());

        GeometryTestUtils.assertNegativeInfinity(span.getSubspaceStart());
        GeometryTestUtils.assertPositiveInfinity(span.getSubspaceEnd());

        GeometryTestUtils.assertPositiveInfinity(span.getSize());

        Assertions.assertSame(line, span.getLine());
        Assertions.assertTrue(span.getInterval().isFull());
    }",Line3DTest::testSpan_oe
commons-geometry_2323,"@Test
    void testSpan_contains_oe() {
        // arrange
        final double delta = 1e-12;

        final LineConvexSubset3D span = Lines3D.fromPoints(Vector3D.ZERO, Vector3D.Unit.PLUS_X, TEST_PRECISION).span();

        for (double x = -10; x <= 10; x += 0.5) {

            // act/assert
            Assertions.assertFalse(span.contains(Vector3D.of(0, 1, 0)));
            Assertions.assertFalse(span.contains(Vector3D.of(0, 0, 1)));

            Assertions.assertTrue(span.contains(Vector3D.of(x, 0, 0)));
            Assertions.assertTrue(span.contains(Vector3D.of(x + delta, delta, delta)));
        }
    }",Line3DTest::testSpan_contains_oe
commons-geometry_2324,"@Test
    void testSpan_transform_oe() {
        // arrange
        final AffineTransformMatrix3D t = QuaternionRotation.fromAxisAngle(Vector3D.Unit.PLUS_Y, 0.5 * Math.PI)
                .toMatrix()
                .translate(Vector3D.Unit.PLUS_Y);

        final LineConvexSubset3D span = Lines3D.fromPointAndDirection(Vector3D.of(1, 0, 0), Vector3D.Unit.PLUS_X, TEST_PRECISION)
                .span();

        // act
        final LineConvexSubset3D result = span.transform(t);

        // assert
        Assertions.assertNull(result.getStartPoint());
        Assertions.assertNull(result.getEndPoint());

        Assertions.assertTrue(result.contains(Vector3D.of(0, 1, -1)));
        EuclideanTestUtils.assertCoordinatesEqual(Vector3D.Unit.MINUS_Z, result.getLine().getDirection(), TEST_EPS);
    }",Line3DTest::testSpan_transform_oe
commons-geometry_2325,"@Test
    void testSpan_transform_reflection_oe() {
        // arrange
        final AffineTransformMatrix3D t = QuaternionRotation.fromAxisAngle(Vector3D.Unit.PLUS_Y, 0.5 * Math.PI)
                .toMatrix()
                .translate(Vector3D.Unit.PLUS_Y)
                .scale(1, 1, -2);

        final LineConvexSubset3D span = Lines3D.fromPointAndDirection(Vector3D.of(1, 0, 0),
                Vector3D.Unit.PLUS_X, TEST_PRECISION).span();

        // act
        final LineConvexSubset3D result = span.transform(t);

        // assert
        Assertions.assertNull(result.getStartPoint());
        Assertions.assertNull(result.getEndPoint());

        Assertions.assertTrue(result.contains(Vector3D.of(0, 1, 2)));
        EuclideanTestUtils.assertCoordinatesEqual(Vector3D.Unit.PLUS_Z, result.getLine().getDirection(), TEST_EPS);
    }",Line3DTest::testSpan_transform_reflection_oe
commons-geometry_2326,"@Test
    void testSpan_toString_oe() {
        // arrange
        final LineConvexSubset3D span = Lines3D.fromPointAndDirection(Vector3D.ZERO, Vector3D.Unit.PLUS_X, TEST_PRECISION)
                .span();

        // act
        final String str = span.toString();

        // assert
        GeometryTestUtils.assertContains(""LineSpanningSubset3D[origin= (0"", str);
        GeometryTestUtils.assertContains("", direction= (1"", str);
    }",Line3DTest::testSpan_toString_oe
commons-geometry_2327,"@Test
    void testSubsetMethods_oe() {
        // arrange
        final Line3D line = Lines3D.fromPoints(Vector3D.of(0, 3, 0), Vector3D.of(1, 3, 0), TEST_PRECISION);

        // act/assert
        final Segment3D doubleArgResult = line.segment(3, 4);
        Assertions.assertSame(line, doubleArgResult.getLine());
        EuclideanTestUtils.assertCoordinatesEqual(Vector3D.of(3, 3, 0), doubleArgResult.getStartPoint(), TEST_EPS);
        EuclideanTestUtils.assertCoordinatesEqual(Vector3D.of(4, 3, 0), doubleArgResult.getEndPoint(), TEST_EPS);

        final Segment3D ptArgResult = line.segment(Vector3D.of(0, 4, 0), Vector3D.of(2, 5, 1));
        Assertions.assertSame(line, ptArgResult.getLine());
        EuclideanTestUtils.assertCoordinatesEqual(Vector3D.of(0, 3, 0), ptArgResult.getStartPoint(), TEST_EPS);
        EuclideanTestUtils.assertCoordinatesEqual(Vector3D.of(2, 3, 0), ptArgResult.getEndPoint(), TEST_EPS);

        final Ray3D rayDoubleResult = line.rayFrom(2);
        Assertions.assertSame(line, rayDoubleResult.getLine());
        EuclideanTestUtils.assertCoordinatesEqual(Vector3D.of(2, 3, 0), rayDoubleResult.getStartPoint(), TEST_EPS);
        Assertions.assertNull(rayDoubleResult.getEndPoint());

        final Ray3D rayPtResult = line.rayFrom(Vector3D.of(1, 4, 0));
        Assertions.assertSame(line, rayPtResult.getLine());
        EuclideanTestUtils.assertCoordinatesEqual(Vector3D.of(1, 3, 0), rayPtResult.getStartPoint(), TEST_EPS);
        Assertions.assertNull(rayPtResult.getEndPoint());

        final ReverseRay3D toDoubleResult = line.reverseRayTo(-1);
        Assertions.assertSame(line, toDoubleResult.getLine());
        Assertions.assertNull(toDoubleResult.getStartPoint());
        EuclideanTestUtils.assertCoordinatesEqual(Vector3D.of(-1, 3, 0), toDoubleResult.getEndPoint(), TEST_EPS);

        final ReverseRay3D toPtResult = line.reverseRayTo(Vector3D.of(1, 4, 0));
        Assertions.assertSame(line, toPtResult.getLine());
        Assertions.assertNull(toPtResult.getStartPoint());
        EuclideanTestUtils.assertCoordinatesEqual(Vector3D.of(1, 3, 0), toPtResult.getEndPoint(), TEST_EPS);
    }",Line3DTest::testSubsetMethods_oe
commons-geometry_2328,"@Test
    void testEq_oe() {
        // arrange
        final Precision.DoubleEquivalence precision = Precision.doubleEquivalenceOfEpsilon(1e-3);

        final Vector3D p = Vector3D.of(1, 2, 3);
        final Vector3D dir = Vector3D.of(1, 0, 0);

        final Line3D a = Lines3D.fromPointAndDirection(p, dir, precision);
        final Line3D b = Lines3D.fromPointAndDirection(Vector3D.ZERO, dir, precision);
        final Line3D c = Lines3D.fromPointAndDirection(p, Vector3D.of(1, 1, 0), precision);

        final Line3D d = Lines3D.fromPointAndDirection(p, dir, precision);
        final Line3D e = Lines3D.fromPointAndDirection(p.add(Vector3D.of(1e-4, 1e-4, 1e-4)), dir, precision);
        final Line3D f = Lines3D.fromPointAndDirection(p, Vector3D.of(1 + 1e-4, 1e-4, 1e-4), precision);

        // act/assert
        Assertions.assertTrue(a.eq(a, precision));

        Assertions.assertTrue(a.eq(d, precision));
        Assertions.assertTrue(d.eq(a, precision));

        Assertions.assertTrue(a.eq(e, precision));
        Assertions.assertTrue(e.eq(a, precision));

        Assertions.assertTrue(a.eq(f, precision));
        Assertions.assertTrue(f.eq(a, precision));

        Assertions.assertFalse(a.eq(b, precision));
        Assertions.assertFalse(a.eq(c, precision));
    }",Line3DTest::testEq_oe
commons-geometry_2329,"@Test
    void testHashCode_oe() {
        // arrange
        final Line3D a = Lines3D.fromPointAndDirection(Vector3D.of(1, 2, 3), Vector3D.of(4, 5, 6), TEST_PRECISION);
        final Line3D b = Lines3D.fromPointAndDirection(Vector3D.of(1, 2, -1), Vector3D.of(4, 5, 6), TEST_PRECISION);
        final Line3D c = Lines3D.fromPointAndDirection(Vector3D.of(1, 2, 3), Vector3D.of(4, 5, -1), TEST_PRECISION);
        final Line3D d = Lines3D.fromPointAndDirection(Vector3D.of(1, 2, 3), Vector3D.of(4, 5, 6), Precision.doubleEquivalenceOfEpsilon(TEST_EPS + 1e-3));

        final Line3D e = Lines3D.fromPointAndDirection(Vector3D.of(1, 2, 3), Vector3D.of(4, 5, 6), TEST_PRECISION);

        final int hash = a.hashCode();

        // act/assert
        Assertions.assertEquals(hash, a.hashCode());

        Assertions.assertNotEquals(hash, b.hashCode());
        Assertions.assertNotEquals(hash, c.hashCode());
        Assertions.assertNotEquals(hash, d.hashCode());

        Assertions.assertEquals(hash, e.hashCode());
    }",Line3DTest::testHashCode_oe
commons-geometry_2330,"@Test
    void testEquals_oe() {
        // arrange
        final Line3D a = Lines3D.fromPointAndDirection(Vector3D.of(1, 2, 3), Vector3D.of(4, 5, 6), TEST_PRECISION);
        final Line3D b = Lines3D.fromPointAndDirection(Vector3D.of(1, 2, -1), Vector3D.of(4, 5, 6), TEST_PRECISION);
        final Line3D c = Lines3D.fromPointAndDirection(Vector3D.of(1, 2, 3), Vector3D.of(4, 5, -1), TEST_PRECISION);
        final Line3D d = Lines3D.fromPointAndDirection(Vector3D.of(1, 2, 3), Vector3D.of(4, 5, 6), Precision.doubleEquivalenceOfEpsilon(TEST_EPS + 1e-3));

        final Line3D e = Lines3D.fromPointAndDirection(Vector3D.of(1, 2, 3), Vector3D.of(4, 5, 6), TEST_PRECISION);

        // act/assert
        GeometryTestUtils.assertSimpleEqualsCases(a);

        Assertions.assertNotEquals(a, b);
        Assertions.assertNotEquals(a, c);
        Assertions.assertNotEquals(a, d);

        Assertions.assertEquals(a, e);
        Assertions.assertEquals(e, a);
    }",Line3DTest::testEquals_oe
commons-geometry_2331,"@Test
    void testToString_oe() {
        // arrange
        final Line3D line = Lines3D.fromPointAndDirection(Vector3D.ZERO, Vector3D.Unit.PLUS_X, TEST_PRECISION);

        // act
        final String str = line.toString();

        // assert
        Assertions.assertTrue(str.contains(""Line3D""));
        Assertions.assertTrue(str.matches("".*origin= \\(0(\\.0)?, 0(\\.0)?, 0(\\.0)?\\).*""));
        Assertions.assertTrue(str.matches("".*direction= \\(1(\\.0)?, 0(\\.0)?, 0(\\.0)?\\).*""));
    }",Line3DTest::testToString_oe
commons-geometry_2332,"@Test
    void testFromInterval_intervalArg_full_oe() {
        // arrange
        final Line3D line = Lines3D.fromPointAndDirection(Vector3D.ZERO, Vector3D.of(1, 1, 1), TEST_PRECISION);

        // act
        final LineConvexSubset3D span = Lines3D.subsetFromInterval(line, Interval.full());

        // assert
        Assertions.assertTrue(span.isInfinite());
        Assertions.assertFalse(span.isFinite());

        GeometryTestUtils.assertNegativeInfinity(span.getSubspaceStart());
        GeometryTestUtils.assertPositiveInfinity(span.getSubspaceEnd());

        Assertions.assertNull(span.getStartPoint());
        Assertions.assertNull(span.getEndPoint());

        Assertions.assertSame(Interval.full(), span.getInterval());
    }",LineConvexSubset3DTest::testFromInterval_intervalArg_full_oe
commons-geometry_2333,"@Test
    void testFromInterval_intervalArg_positiveHalfSpace_oe() {
        // arrange
        final Precision.DoubleEquivalence intervalPrecision = Precision.doubleEquivalenceOfEpsilon(1e-2);
        final Interval interval = Interval.min(-1, intervalPrecision);

        final Line3D line = Lines3D.fromPointAndDirection(Vector3D.ZERO, Vector3D.of(1, 1, 1), TEST_PRECISION);

        // act
        final Ray3D ray = (Ray3D) Lines3D.subsetFromInterval(line, interval);

        // assert
        Assertions.assertTrue(ray.isInfinite());
        Assertions.assertFalse(ray.isFinite());

        Assertions.assertEquals(-1.0, ray.getSubspaceStart(), TEST_EPS);
        GeometryTestUtils.assertPositiveInfinity(ray.getSubspaceEnd());

        final double side = 1.0 / Math.sqrt(3);

        EuclideanTestUtils.assertCoordinatesEqual(Vector3D.of(-side, -side, -side), ray.getStartPoint(), TEST_EPS);
        Assertions.assertNull(ray.getEndPoint());

        checkInterval(interval, ray.getInterval());
    }",LineConvexSubset3DTest::testFromInterval_intervalArg_positiveHalfSpace_oe
commons-geometry_2334,"@Test
    void testFromInterval_intervalArg_negativeHalfSpace_oe() {
        // arrange
        final Precision.DoubleEquivalence intervalPrecision = Precision.doubleEquivalenceOfEpsilon(1e-2);
        final Interval interval = Interval.max(2, intervalPrecision);

        final Line3D line = Lines3D.fromPointAndDirection(Vector3D.ZERO, Vector3D.of(1, 1, 1), TEST_PRECISION);

        // act
        final ReverseRay3D halfLine = (ReverseRay3D) Lines3D.subsetFromInterval(line, interval);

        // assert
        GeometryTestUtils.assertNegativeInfinity(halfLine.getSubspaceStart());
        Assertions.assertEquals(2, halfLine.getSubspaceEnd(), TEST_EPS);

        final double side = 1.0 / Math.sqrt(3);

        Assertions.assertNull(halfLine.getStartPoint());
        EuclideanTestUtils.assertCoordinatesEqual(Vector3D.of(2 * side, 2 * side, 2 * side), halfLine.getEndPoint(), TEST_EPS);

        checkInterval(interval, halfLine.getInterval());
    }",LineConvexSubset3DTest::testFromInterval_intervalArg_negativeHalfSpace_oe
commons-geometry_2335,"@Test
    void testFromInterval_doubleArgs_full_oe() {
        // arrange
        final Line3D line = Lines3D.fromPointAndDirection(Vector3D.ZERO, Vector3D.of(1, 1, 1), TEST_PRECISION);

        // act
        final LineConvexSubset3D span = Lines3D.subsetFromInterval(line, Double.NEGATIVE_INFINITY, Double.POSITIVE_INFINITY);

        // assert
        GeometryTestUtils.assertNegativeInfinity(span.getSubspaceStart());
        GeometryTestUtils.assertPositiveInfinity(span.getSubspaceEnd());

        Assertions.assertNull(span.getStartPoint());
        Assertions.assertNull(span.getEndPoint());
    }",LineConvexSubset3DTest::testFromInterval_doubleArgs_full_oe
commons-geometry_2336,"@Test
    void testFromInterval_doubleArgs_positiveHalfSpace_oe() {
        // arrange
        final Line3D line = Lines3D.fromPointAndDirection(Vector3D.ZERO, Vector3D.of(1, 1, 1), TEST_PRECISION);

        // act
        final Ray3D ray = (Ray3D) Lines3D.subsetFromInterval(line, -1, Double.POSITIVE_INFINITY);

        // assert
        Assertions.assertEquals(-1.0, ray.getSubspaceStart(), TEST_EPS);
        GeometryTestUtils.assertPositiveInfinity(ray.getSubspaceEnd());

        final double side = 1.0 / Math.sqrt(3);

        EuclideanTestUtils.assertCoordinatesEqual(Vector3D.of(-side, -side, -side), ray.getStartPoint(), TEST_EPS);
        Assertions.assertNull(ray.getEndPoint());
    }",LineConvexSubset3DTest::testFromInterval_doubleArgs_positiveHalfSpace_oe
commons-geometry_2337,"@Test
    void testFromInterval_doubleArgs_negativeHalfSpace_oe() {
        // arrange
        final Line3D line = Lines3D.fromPointAndDirection(Vector3D.ZERO, Vector3D.of(1, 1, 1), TEST_PRECISION);

        // act
        final ReverseRay3D halfLine = (ReverseRay3D) Lines3D.subsetFromInterval(line, 2, Double.NEGATIVE_INFINITY);

        // assert
        GeometryTestUtils.assertNegativeInfinity(halfLine.getSubspaceStart());
        Assertions.assertEquals(2, halfLine.getSubspaceEnd(), TEST_EPS);

        final double side = 1.0 / Math.sqrt(3);

        Assertions.assertNull(halfLine.getStartPoint());
        EuclideanTestUtils.assertCoordinatesEqual(Vector3D.of(2 * side, 2 * side, 2 * side), halfLine.getEndPoint(), TEST_EPS);
    }",LineConvexSubset3DTest::testFromInterval_doubleArgs_negativeHalfSpace_oe
commons-geometry_2338,"@Test
    void testFromInterval_doubleArgs_invalidArgs_oe() {
        // arrange
        final Line3D line = Lines3D.fromPointAndDirection(Vector3D.ZERO, Vector3D.of(1, 1, 1), TEST_PRECISION);

        // act/assert
        GeometryTestUtils.assertThrowsWithMessage(() -> {
            Lines3D.subsetFromInterval(line, Double.NaN, 0);
        }, IllegalArgumentException.class, ""Invalid line convex subset interval: NaN, 0.0"");

        GeometryTestUtils.assertThrowsWithMessage(() -> {
            Lines3D.subsetFromInterval(line, 0, Double.NaN);
        }, IllegalArgumentException.class, ""Invalid line convex subset interval: 0.0, NaN"");

        GeometryTestUtils.assertThrowsWithMessage(() -> {
            Lines3D.subsetFromInterval(line, Double.POSITIVE_INFINITY, Double.POSITIVE_INFINITY);
        }, IllegalArgumentException.class, ""Invalid line convex subset interval: Infinity, Infinity"");

        GeometryTestUtils.assertThrowsWithMessage(() -> {
            Lines3D.subsetFromInterval(line, Double.NEGATIVE_INFINITY, Double.NEGATIVE_INFINITY);
        }, IllegalArgumentException.class, ""Invalid line convex subset interval: -Infinity, -Infinity"");
    }",LineConvexSubset3DTest::testFromInterval_doubleArgs_invalidArgs_oe
commons-geometry_2339,"@Test
    void testSpaceSubspaceConversion_oe() {
        // arrange
        final Segment3D segment = Lines3D.segmentFromPoints(Vector3D.ZERO, Vector3D.Unit.PLUS_Y, TEST_PRECISION);

        // act/assert
        EuclideanTestUtils.assertCoordinatesEqual(Vector1D.of(3), segment.toSubspace(Vector3D.of(1, 3, 5)), TEST_EPS);
        EuclideanTestUtils.assertCoordinatesEqual(Vector3D.of(0, 3, 0), segment.toSpace(Vector1D.of(3)), TEST_EPS);
    }",LineConvexSubset3DTest::testSpaceSubspaceConversion_oe
commons-geometry_2340,"@Test
    void testGetSubspaceRegion_oe() {
        // arrange
        final Line3D line = Lines3D.fromPointAndDirection(Vector3D.ZERO, Vector3D.of(1, 1, 1), TEST_PRECISION);
        final Interval interval = Interval.full();

        final LineConvexSubset3D subset = Lines3D.subsetFromInterval(line, interval);

        // act/assert
        Assertions.assertSame(interval, subset.getInterval());
        Assertions.assertSame(interval, subset.getSubspaceRegion());
    }",LineConvexSubset3DTest::testGetSubspaceRegion_oe
commons-geometry_2341,"@Test
    void testTransform_infinite_oe() {
        // arrange
        final Line3D line = Lines3D.fromPointAndDirection(Vector3D.of(1, 0, 0), Vector3D.of(0, 1, -1), TEST_PRECISION);
        final LineConvexSubset3D subset = Lines3D.subsetFromInterval(line,
                Interval.min(line.toSubspace(Vector3D.of(1, 0, 0)).getX(), TEST_PRECISION));

        final Transform<Vector3D> transform = AffineTransformMatrix3D.identity()
                .scale(2, 1, 1)
                .rotate(QuaternionRotation.fromAxisAngle(Vector3D.Unit.PLUS_Y, Angle.PI_OVER_TWO));

        // act
        final LineConvexSubset3D transformed = subset.transform(transform);

        // assert
        EuclideanTestUtils.assertCoordinatesEqual(Vector3D.of(0, 0, -2), transformed.getStartPoint(), TEST_EPS);
        Assertions.assertNull(transformed.getEndPoint());
        EuclideanTestUtils.assertCoordinatesEqual(Vector3D.of(-1, 1, 0).normalize(), transformed.getLine().getDirection(), TEST_EPS);
    }",LineConvexSubset3DTest::testTransform_infinite_oe
commons-geometry_2342,"@Test
    void testConstructor_oe() {
        // act
        final AxisAngleSequence seq = new AxisAngleSequence(AxisReferenceFrame.RELATIVE, AxisSequence.XYZ, 1, 2, 3);

        // assert
        Assertions.assertEquals(AxisReferenceFrame.RELATIVE, seq.getReferenceFrame());
        Assertions.assertEquals(AxisSequence.XYZ, seq.getAxisSequence());
        Assertions.assertEquals(1, seq.getAngle1(), 0.0);
        Assertions.assertEquals(2, seq.getAngle2(), 0.0);
        Assertions.assertEquals(3, seq.getAngle3(), 0.0);
    }",AxisAngleSequenceTest::testConstructor_oe
commons-geometry_2343,"@Test
    void testGetAngles_oe() {
        // arrange
        final AxisAngleSequence seq = new AxisAngleSequence(AxisReferenceFrame.RELATIVE, AxisSequence.XYZ, 1, 2, 3);

        // act
        final double[] angles = seq.getAngles();

        // assert
        Assertions.assertArrayEquals(new double[] {1, 2, 3}, angles, 0.0);
    }",AxisAngleSequenceTest::testGetAngles_oe
commons-geometry_2344,"@Test
    void testHashCode_oe() {
        // arrange
        final AxisAngleSequence seq = new AxisAngleSequence(AxisReferenceFrame.ABSOLUTE, AxisSequence.XYZ, 1, 2, 3);

        // act/assert
        Assertions.assertNotEquals(seq.hashCode(), new AxisAngleSequence(AxisReferenceFrame.RELATIVE, AxisSequence.XYZ, 1, 2, 3).hashCode());
        Assertions.assertNotEquals(seq.hashCode(), new AxisAngleSequence(AxisReferenceFrame.ABSOLUTE, AxisSequence.ZYX, 1, 2, 3).hashCode());
        Assertions.assertNotEquals(seq.hashCode(), new AxisAngleSequence(AxisReferenceFrame.ABSOLUTE, AxisSequence.XYZ, 9, 2, 3).hashCode());
        Assertions.assertNotEquals(seq.hashCode(), new AxisAngleSequence(AxisReferenceFrame.ABSOLUTE, AxisSequence.XYZ, 1, 9, 3).hashCode());
        Assertions.assertNotEquals(seq.hashCode(), new AxisAngleSequence(AxisReferenceFrame.ABSOLUTE, AxisSequence.XYZ, 1, 2, 9).hashCode());

        Assertions.assertEquals(seq.hashCode(), new AxisAngleSequence(AxisReferenceFrame.ABSOLUTE, AxisSequence.XYZ, 1, 2, 3).hashCode());
    }",AxisAngleSequenceTest::testHashCode_oe
commons-geometry_2345,"@Test
    void testEquals_oe() {
        // arrange
        final AxisAngleSequence seq = new AxisAngleSequence(AxisReferenceFrame.ABSOLUTE, AxisSequence.XYZ, 1, 2, 3);

        // act/assert
        GeometryTestUtils.assertSimpleEqualsCases(seq);

        Assertions.assertNotEquals(seq, new AxisAngleSequence(AxisReferenceFrame.RELATIVE, AxisSequence.XYZ, 1, 2, 3));
        Assertions.assertNotEquals(seq, new AxisAngleSequence(AxisReferenceFrame.ABSOLUTE, AxisSequence.ZYX, 1, 2, 3));
        Assertions.assertNotEquals(seq, new AxisAngleSequence(AxisReferenceFrame.ABSOLUTE, AxisSequence.XYZ, 9, 2, 3));
        Assertions.assertNotEquals(seq, new AxisAngleSequence(AxisReferenceFrame.ABSOLUTE, AxisSequence.XYZ, 1, 9, 3));
        Assertions.assertNotEquals(seq, new AxisAngleSequence(AxisReferenceFrame.ABSOLUTE, AxisSequence.XYZ, 1, 2, 9));

        Assertions.assertEquals(seq, new AxisAngleSequence(AxisReferenceFrame.ABSOLUTE, AxisSequence.XYZ, 1, 2, 3));
    }",AxisAngleSequenceTest::testEquals_oe
commons-geometry_2346,"@Test
    void testEqualsAndHashCode_signedZeroConsistency_oe() {
        // arrange
        final AxisAngleSequence a = new AxisAngleSequence(AxisReferenceFrame.ABSOLUTE, AxisSequence.XYZ,
                0.0, -0.0, 0.0);
        final AxisAngleSequence b = new AxisAngleSequence(AxisReferenceFrame.ABSOLUTE, AxisSequence.XYZ,
                -0.0, 0.0, -0.0);
        final AxisAngleSequence c = new AxisAngleSequence(AxisReferenceFrame.ABSOLUTE, AxisSequence.XYZ,
                0.0, -0.0, 0.0);
        final AxisAngleSequence d = new AxisAngleSequence(AxisReferenceFrame.ABSOLUTE, AxisSequence.XYZ,
                -0.0, 0.0, -0.0);

        // act/assert
        Assertions.assertFalse(a.equals(b));
        Assertions.assertNotEquals(a.hashCode(), b.hashCode());

        Assertions.assertTrue(a.equals(c));
        Assertions.assertEquals(a.hashCode(), c.hashCode());

        Assertions.assertTrue(b.equals(d));
        Assertions.assertEquals(b.hashCode(), d.hashCode());
    }",AxisAngleSequenceTest::testEqualsAndHashCode_signedZeroConsistency_oe
commons-geometry_2347,"@Test
    void testToString_oe() {
        // arrange
        final AxisAngleSequence seq = new AxisAngleSequence(AxisReferenceFrame.ABSOLUTE, AxisSequence.XYZ, 1, 2, 3);

        // act
        final String str = seq.toString();

        // assert
        Assertions.assertTrue(str.contains(""ABSOLUTE""));
        Assertions.assertTrue(str.contains(""XYZ""));
        Assertions.assertTrue(str.contains(""1""));
        Assertions.assertTrue(str.contains(""2""));
        Assertions.assertTrue(str.contains(""3""));
    }",AxisAngleSequenceTest::testToString_oe
commons-geometry_2348,"@Test
    void testCreateRelative_oe() {
        // act
        final AxisAngleSequence seq = AxisAngleSequence.createRelative(AxisSequence.XYZ, 1, 2, 3);

        // assert
        Assertions.assertEquals(AxisReferenceFrame.RELATIVE, seq.getReferenceFrame());
        Assertions.assertEquals(AxisSequence.XYZ, seq.getAxisSequence());
        Assertions.assertEquals(1, seq.getAngle1(), 0.0);
        Assertions.assertEquals(2, seq.getAngle2(), 0.0);
        Assertions.assertEquals(3, seq.getAngle3(), 0.0);
    }",AxisAngleSequenceTest::testCreateRelative_oe
commons-geometry_2349,"@Test
    void testCreateAbsolute_oe() {
        // act
        final AxisAngleSequence seq = AxisAngleSequence.createAbsolute(AxisSequence.XYZ, 1, 2, 3);

        // assert
        Assertions.assertEquals(AxisReferenceFrame.ABSOLUTE, seq.getReferenceFrame());
        Assertions.assertEquals(AxisSequence.XYZ, seq.getAxisSequence());
        Assertions.assertEquals(1, seq.getAngle1(), 0.0);
        Assertions.assertEquals(2, seq.getAngle2(), 0.0);
        Assertions.assertEquals(3, seq.getAngle3(), 0.0);
    }",AxisAngleSequenceTest::testCreateAbsolute_oe
commons-geometry_2350,"@Test
    void testOf_quaternion_illegalNorm_oe() {
        // act/assert
        Assertions.assertThrows(IllegalStateException.class, () -> QuaternionRotation.of(Quaternion.of(0, 0, 0, 0)));
        Assertions.assertThrows(IllegalStateException.class, () -> QuaternionRotation.of(Quaternion.of(1, 1, 1, Double.NaN)));
        Assertions.assertThrows(IllegalStateException.class, () -> QuaternionRotation.of(Quaternion.of(1, 1, Double.POSITIVE_INFINITY, 1)));
        Assertions.assertThrows(IllegalStateException.class, () -> QuaternionRotation.of(Quaternion.of(1, Double.NEGATIVE_INFINITY, 1, 1)));
        Assertions.assertThrows(IllegalStateException.class, () -> QuaternionRotation.of(Quaternion.of(Double.NaN, 1, 1, 1)));
    }",QuaternionRotationTest::testOf_quaternion_illegalNorm_oe
commons-geometry_2351,"@Test
    void testOf_components_illegalNorm_oe() {
        // act/assert
        Assertions.assertThrows(IllegalStateException.class, () -> QuaternionRotation.of(0, 0, 0, 0));
        Assertions.assertThrows(IllegalStateException.class, () -> QuaternionRotation.of(1, 1, 1, Double.NaN));
        Assertions.assertThrows(IllegalStateException.class, () -> QuaternionRotation.of(1, 1, Double.POSITIVE_INFINITY, 1));
        Assertions.assertThrows(IllegalStateException.class, () -> QuaternionRotation.of(1, Double.NEGATIVE_INFINITY, 1, 1));
        Assertions.assertThrows(IllegalStateException.class, () -> QuaternionRotation.of(Double.NaN, 1, 1, 1));
    }",QuaternionRotationTest::testOf_components_illegalNorm_oe
commons-geometry_2352,"@Test
    void testIdentity_oe() {
        // act
        final QuaternionRotation q = QuaternionRotation.identity();

        // assert
        assertRotationEquals(StandardRotations.IDENTITY, q);
    }",QuaternionRotationTest::testIdentity_oe
commons-geometry_2353,"@Test
    void testIdentity_axis_oe() {
        // arrange
        final QuaternionRotation q = QuaternionRotation.identity();

        // act/assert
        EuclideanTestUtils.assertCoordinatesEqual(Vector3D.Unit.PLUS_X, q.getAxis(), EPS);
    }",QuaternionRotationTest::testIdentity_axis_oe
commons-geometry_2354,"@Test
    void testGetAxis_noAxis_oe() {
        // arrange
        final QuaternionRotation rot = QuaternionRotation.of(1, 0, 0, 0);

        // act/assert
        EuclideanTestUtils.assertCoordinatesEqual(Vector3D.Unit.PLUS_X, rot.getAxis(), EPS);
    }",QuaternionRotationTest::testGetAxis_noAxis_oe
commons-geometry_2355,"@Test
    void testGetAxis_matchesAxisAngleConstruction_oe() {
        EuclideanTestUtils.permuteSkipZero(-5, 5, 1, (x, y, z) -> {
            // arrange
            final Vector3D vec = Vector3D.of(x, y, z);
            final Vector3D norm = vec.normalize();

            // act/assert

            // positive angle results in the axis being the normalized input axis
            EuclideanTestUtils.assertCoordinatesEqual(norm,
                    QuaternionRotation.fromAxisAngle(vec, Angle.PI_OVER_TWO).getAxis(), EPS);

            // negative angle results in the axis being the negated normalized input axis
            EuclideanTestUtils.assertCoordinatesEqual(norm,
                    QuaternionRotation.fromAxisAngle(vec.negate(), -Angle.PI_OVER_TWO).getAxis(), EPS);
        });
    }",QuaternionRotationTest::testGetAxis_matchesAxisAngleConstruction_oe
commons-geometry_2356,"@Test
    void testGetAngle_oe() {
        // act/assert
        Assertions.assertEquals(0.0, QuaternionRotation.of(1, 0, 0, 0).getAngle(), EPS);
        Assertions.assertEquals(0.0, QuaternionRotation.of(-1, 0, 0, 0).getAngle(), EPS);

        Assertions.assertEquals(Angle.PI_OVER_TWO, QuaternionRotation.of(1, 0, 0, 1).getAngle(), EPS);
        Assertions.assertEquals(Angle.PI_OVER_TWO, QuaternionRotation.of(-1, 0, 0, -1).getAngle(), EPS);

        Assertions.assertEquals(Math.PI  * 2.0 / 3.0, QuaternionRotation.of(1, 1, 1, 1).getAngle(), EPS);

        Assertions.assertEquals(Math.PI, QuaternionRotation.of(0, 0, 0, 1).getAngle(), EPS);
    }",QuaternionRotationTest::testGetAngle_oe
commons-geometry_2357,"@Test
    void testGetAngle_matchesAxisAngleConstruction_oe() {
        for (double theta = -2 * Math.PI; theta <= 2 * Math.PI; theta += 0.1) {
            // arrange
            final QuaternionRotation rot = QuaternionRotation.fromAxisAngle(PLUS_DIAGONAL, theta);

            // act
            final double angle = rot.getAngle();

            // assert
            // make sure that we're in the [0, pi] range
            Assertions.assertTrue(angle >= 0.0);
            Assertions.assertTrue(angle <= Math.PI);

            double expected = Angle.Rad.WITHIN_MINUS_PI_AND_PI.applyAsDouble(theta);
            if (PLUS_DIAGONAL.dot(rot.getAxis()) < 0) {
                // if the axis ended up being flipped, then negate the expected angle
                expected *= -1;
            }

            Assertions.assertEquals(expected, angle, EPS);
        }
    }",QuaternionRotationTest::testGetAngle_matchesAxisAngleConstruction_oe
commons-geometry_2358,"@Test
    void testFromAxisAngle_apply_oe() {
        // act/assert

        // --- x axes
        assertRotationEquals(StandardRotations.IDENTITY, QuaternionRotation.fromAxisAngle(PLUS_X_DIR, 0.0));

        assertRotationEquals(StandardRotations.PLUS_X_HALF_PI, QuaternionRotation.fromAxisAngle(PLUS_X_DIR, Angle.PI_OVER_TWO));
        assertRotationEquals(StandardRotations.PLUS_X_HALF_PI, QuaternionRotation.fromAxisAngle(MINUS_X_DIR, -Angle.PI_OVER_TWO));

        assertRotationEquals(StandardRotations.MINUS_X_HALF_PI, QuaternionRotation.fromAxisAngle(MINUS_X_DIR, Angle.PI_OVER_TWO));
        assertRotationEquals(StandardRotations.MINUS_X_HALF_PI, QuaternionRotation.fromAxisAngle(PLUS_X_DIR, -Angle.PI_OVER_TWO));

        assertRotationEquals(StandardRotations.X_PI, QuaternionRotation.fromAxisAngle(PLUS_X_DIR, Math.PI));
        assertRotationEquals(StandardRotations.X_PI, QuaternionRotation.fromAxisAngle(MINUS_X_DIR, Math.PI));

        // --- y axes
        assertRotationEquals(StandardRotations.IDENTITY, QuaternionRotation.fromAxisAngle(PLUS_Y_DIR, 0.0));

        assertRotationEquals(StandardRotations.PLUS_Y_HALF_PI, QuaternionRotation.fromAxisAngle(PLUS_Y_DIR, Angle.PI_OVER_TWO));
        assertRotationEquals(StandardRotations.PLUS_Y_HALF_PI, QuaternionRotation.fromAxisAngle(MINUS_Y_DIR, -Angle.PI_OVER_TWO));

        assertRotationEquals(StandardRotations.MINUS_Y_HALF_PI, QuaternionRotation.fromAxisAngle(MINUS_Y_DIR, Angle.PI_OVER_TWO));
        assertRotationEquals(StandardRotations.MINUS_Y_HALF_PI, QuaternionRotation.fromAxisAngle(PLUS_Y_DIR, -Angle.PI_OVER_TWO));

        assertRotationEquals(StandardRotations.Y_PI, QuaternionRotation.fromAxisAngle(PLUS_Y_DIR, Math.PI));
        assertRotationEquals(StandardRotations.Y_PI, QuaternionRotation.fromAxisAngle(MINUS_Y_DIR, Math.PI));

        // --- z axes
        assertRotationEquals(StandardRotations.IDENTITY, QuaternionRotation.fromAxisAngle(PLUS_Z_DIR, 0.0));

        assertRotationEquals(StandardRotations.PLUS_Z_HALF_PI, QuaternionRotation.fromAxisAngle(PLUS_Z_DIR, Angle.PI_OVER_TWO));
        assertRotationEquals(StandardRotations.PLUS_Z_HALF_PI, QuaternionRotation.fromAxisAngle(MINUS_Z_DIR, -Angle.PI_OVER_TWO));

        assertRotationEquals(StandardRotations.MINUS_Z_HALF_PI, QuaternionRotation.fromAxisAngle(MINUS_Z_DIR, Angle.PI_OVER_TWO));
        assertRotationEquals(StandardRotations.MINUS_Z_HALF_PI, QuaternionRotation.fromAxisAngle(PLUS_Z_DIR, -Angle.PI_OVER_TWO));

        assertRotationEquals(StandardRotations.Z_PI, QuaternionRotation.fromAxisAngle(PLUS_Z_DIR, Math.PI));
        assertRotationEquals(StandardRotations.Z_PI, QuaternionRotation.fromAxisAngle(MINUS_Z_DIR, Math.PI));

        // --- diagonal
        assertRotationEquals(StandardRotations.PLUS_DIAGONAL_TWO_THIRDS_PI, QuaternionRotation.fromAxisAngle(PLUS_DIAGONAL, TWO_THIRDS_PI));
        assertRotationEquals(StandardRotations.PLUS_DIAGONAL_TWO_THIRDS_PI, QuaternionRotation.fromAxisAngle(MINUS_DIAGONAL, MINUS_TWO_THIRDS_PI));

        assertRotationEquals(StandardRotations.MINUS_DIAGONAL_TWO_THIRDS_PI, QuaternionRotation.fromAxisAngle(MINUS_DIAGONAL, TWO_THIRDS_PI));
        assertRotationEquals(StandardRotations.MINUS_DIAGONAL_TWO_THIRDS_PI, QuaternionRotation.fromAxisAngle(PLUS_DIAGONAL, MINUS_TWO_THIRDS_PI));
    }",QuaternionRotationTest::testFromAxisAngle_apply_oe
commons-geometry_2359,"@Test
    void testFromAxisAngle_invalidAxisNorm_oe() {
        // act/assert
        Assertions.assertThrows(IllegalArgumentException.class, () -> QuaternionRotation.fromAxisAngle(Vector3D.ZERO, Angle.PI_OVER_TWO));
        Assertions.assertThrows(IllegalArgumentException.class, () -> QuaternionRotation.fromAxisAngle(Vector3D.NaN, Angle.PI_OVER_TWO));
        Assertions.assertThrows(IllegalArgumentException.class, () -> QuaternionRotation.fromAxisAngle(Vector3D.POSITIVE_INFINITY, Angle.PI_OVER_TWO));
        Assertions.assertThrows(IllegalArgumentException.class, () -> QuaternionRotation.fromAxisAngle(Vector3D.NEGATIVE_INFINITY, Angle.PI_OVER_TWO));
    }",QuaternionRotationTest::testFromAxisAngle_invalidAxisNorm_oe
commons-geometry_2360,"@Test
    void testFromAxisAngle_invalidAngle_oe() {
        // act/assert
        GeometryTestUtils.assertThrowsWithMessage(() -> QuaternionRotation.fromAxisAngle(Vector3D.Unit.PLUS_X, Double.NaN),
                IllegalArgumentException.class, ""Invalid angle: NaN"");
        GeometryTestUtils.assertThrowsWithMessage(() -> QuaternionRotation.fromAxisAngle(Vector3D.Unit.PLUS_X, Double.POSITIVE_INFINITY),
                IllegalArgumentException.class, ""Invalid angle: Infinity"");
        GeometryTestUtils.assertThrowsWithMessage(() -> QuaternionRotation.fromAxisAngle(Vector3D.Unit.PLUS_X, Double.NEGATIVE_INFINITY),
                IllegalArgumentException.class, ""Invalid angle: -Infinity"");
    }",QuaternionRotationTest::testFromAxisAngle_invalidAngle_oe
commons-geometry_2361,"@Test
    void testApplyVector_oe() {
        // arrange
        final QuaternionRotation q = QuaternionRotation.fromAxisAngle(Vector3D.of(1, 1, 1), Angle.PI_OVER_TWO);

        EuclideanTestUtils.permute(-2, 2, 0.2, (x, y, z) -> {
            final Vector3D input = Vector3D.of(x, y, z);

            // act
            final Vector3D pt = q.apply(input);
            final Vector3D vec = q.applyVector(input);

            EuclideanTestUtils.assertCoordinatesEqual(pt, vec, EPS);
        });
    }",QuaternionRotationTest::testApplyVector_oe
commons-geometry_2362,"@Test
    void testInverse_oe() {
        // arrange
        final QuaternionRotation rot = QuaternionRotation.of(0.5, 0.5, 0.5, 0.5);

        // act
        final QuaternionRotation neg = rot.inverse();

        // assert
        Assertions.assertEquals(-0.5, neg.getQuaternion().getX(), EPS);
        Assertions.assertEquals(-0.5, neg.getQuaternion().getY(), EPS);
        Assertions.assertEquals(-0.5, neg.getQuaternion().getZ(), EPS);
        Assertions.assertEquals(0.5, neg.getQuaternion().getW(), EPS);
    }",QuaternionRotationTest::testInverse_oe
commons-geometry_2363,"@Test
    void testInverse_apply_oe() {
        // act/assert

        // --- x axes
        assertRotationEquals(StandardRotations.IDENTITY, QuaternionRotation.fromAxisAngle(PLUS_X_DIR, 0.0).inverse());

        assertRotationEquals(StandardRotations.PLUS_X_HALF_PI, QuaternionRotation.fromAxisAngle(PLUS_X_DIR, -Angle.PI_OVER_TWO).inverse());
        assertRotationEquals(StandardRotations.PLUS_X_HALF_PI, QuaternionRotation.fromAxisAngle(MINUS_X_DIR, Angle.PI_OVER_TWO).inverse());

        assertRotationEquals(StandardRotations.MINUS_X_HALF_PI, QuaternionRotation.fromAxisAngle(MINUS_X_DIR, -Angle.PI_OVER_TWO).inverse());
        assertRotationEquals(StandardRotations.MINUS_X_HALF_PI, QuaternionRotation.fromAxisAngle(PLUS_X_DIR, Angle.PI_OVER_TWO).inverse());

        assertRotationEquals(StandardRotations.X_PI, QuaternionRotation.fromAxisAngle(PLUS_X_DIR, Math.PI).inverse());
        assertRotationEquals(StandardRotations.X_PI, QuaternionRotation.fromAxisAngle(MINUS_X_DIR, Math.PI).inverse());

        // --- y axes
        assertRotationEquals(StandardRotations.IDENTITY, QuaternionRotation.fromAxisAngle(PLUS_Y_DIR, 0.0).inverse());

        assertRotationEquals(StandardRotations.PLUS_Y_HALF_PI, QuaternionRotation.fromAxisAngle(PLUS_Y_DIR, -Angle.PI_OVER_TWO).inverse());
        assertRotationEquals(StandardRotations.PLUS_Y_HALF_PI, QuaternionRotation.fromAxisAngle(MINUS_Y_DIR, Angle.PI_OVER_TWO).inverse());

        assertRotationEquals(StandardRotations.MINUS_Y_HALF_PI, QuaternionRotation.fromAxisAngle(MINUS_Y_DIR, -Angle.PI_OVER_TWO).inverse());
        assertRotationEquals(StandardRotations.MINUS_Y_HALF_PI, QuaternionRotation.fromAxisAngle(PLUS_Y_DIR, Angle.PI_OVER_TWO).inverse());

        assertRotationEquals(StandardRotations.Y_PI, QuaternionRotation.fromAxisAngle(PLUS_Y_DIR, Math.PI).inverse());
        assertRotationEquals(StandardRotations.Y_PI, QuaternionRotation.fromAxisAngle(MINUS_Y_DIR, Math.PI).inverse());

        // --- z axes
        assertRotationEquals(StandardRotations.IDENTITY, QuaternionRotation.fromAxisAngle(PLUS_Z_DIR, 0.0).inverse());

        assertRotationEquals(StandardRotations.PLUS_Z_HALF_PI, QuaternionRotation.fromAxisAngle(PLUS_Z_DIR, -Angle.PI_OVER_TWO).inverse());
        assertRotationEquals(StandardRotations.PLUS_Z_HALF_PI, QuaternionRotation.fromAxisAngle(MINUS_Z_DIR, Angle.PI_OVER_TWO).inverse());

        assertRotationEquals(StandardRotations.MINUS_Z_HALF_PI, QuaternionRotation.fromAxisAngle(MINUS_Z_DIR, -Angle.PI_OVER_TWO).inverse());
        assertRotationEquals(StandardRotations.MINUS_Z_HALF_PI, QuaternionRotation.fromAxisAngle(PLUS_Z_DIR, Angle.PI_OVER_TWO).inverse());

        assertRotationEquals(StandardRotations.Z_PI, QuaternionRotation.fromAxisAngle(PLUS_Z_DIR, Math.PI).inverse());
        assertRotationEquals(StandardRotations.Z_PI, QuaternionRotation.fromAxisAngle(MINUS_Z_DIR, Math.PI).inverse());

        // --- diagonal
        assertRotationEquals(StandardRotations.PLUS_DIAGONAL_TWO_THIRDS_PI, QuaternionRotation.fromAxisAngle(PLUS_DIAGONAL, MINUS_TWO_THIRDS_PI).inverse());
        assertRotationEquals(StandardRotations.PLUS_DIAGONAL_TWO_THIRDS_PI, QuaternionRotation.fromAxisAngle(MINUS_DIAGONAL, TWO_THIRDS_PI).inverse());

        assertRotationEquals(StandardRotations.MINUS_DIAGONAL_TWO_THIRDS_PI, QuaternionRotation.fromAxisAngle(MINUS_DIAGONAL, MINUS_TWO_THIRDS_PI).inverse());
        assertRotationEquals(StandardRotations.MINUS_DIAGONAL_TWO_THIRDS_PI, QuaternionRotation.fromAxisAngle(PLUS_DIAGONAL, TWO_THIRDS_PI).inverse());
    }",QuaternionRotationTest::testInverse_apply_oe
commons-geometry_2364,"@Test
    void testInverse_undoesOriginalRotation_oe() {
        EuclideanTestUtils.permuteSkipZero(-5, 5, 1, (x, y, z) -> {
            // arrange
            final Vector3D vec = Vector3D.of(x, y, z);

            final QuaternionRotation rot = QuaternionRotation.fromAxisAngle(vec, 0.75 * Math.PI);
            final QuaternionRotation neg = rot.inverse();

            // act/assert
            EuclideanTestUtils.assertCoordinatesEqual(PLUS_DIAGONAL, neg.apply(rot.apply(PLUS_DIAGONAL)), EPS);
            EuclideanTestUtils.assertCoordinatesEqual(PLUS_DIAGONAL, rot.apply(neg.apply(PLUS_DIAGONAL)), EPS);
        });
    }",QuaternionRotationTest::testInverse_undoesOriginalRotation_oe
commons-geometry_2365,"@Test
    void testMultiply_sameAxis_simple_oe() {
        // arrange
        final QuaternionRotation q1 = QuaternionRotation.fromAxisAngle(Vector3D.Unit.PLUS_X, 0.1 * Math.PI);
        final QuaternionRotation q2 = QuaternionRotation.fromAxisAngle(Vector3D.Unit.PLUS_X, 0.4 * Math.PI);

        // act
        final QuaternionRotation result = q1.multiply(q2);

        // assert
        EuclideanTestUtils.assertCoordinatesEqual(Vector3D.Unit.PLUS_X, result.getAxis(), EPS);
        Assertions.assertEquals(Angle.PI_OVER_TWO, result.getAngle(), EPS);

        assertRotationEquals(StandardRotations.PLUS_X_HALF_PI, result);
    }",QuaternionRotationTest::testMultiply_sameAxis_simple_oe
commons-geometry_2366,"@Test
    void testMultiply_sameAxis_multiple_oe() {
        // arrange
        final double oneThird = 1.0 / 3.0;
        final QuaternionRotation q1 = QuaternionRotation.fromAxisAngle(PLUS_DIAGONAL, 0.1 * Math.PI);
        final QuaternionRotation q2 = QuaternionRotation.fromAxisAngle(PLUS_DIAGONAL, oneThird * Math.PI);
        final QuaternionRotation q3 = QuaternionRotation.fromAxisAngle(MINUS_DIAGONAL, 0.4 * Math.PI);
        final QuaternionRotation q4 = QuaternionRotation.fromAxisAngle(PLUS_DIAGONAL, 0.3 * Math.PI);
        final QuaternionRotation q5 = QuaternionRotation.fromAxisAngle(MINUS_DIAGONAL, -oneThird * Math.PI);

        // act
        final QuaternionRotation result = q1.multiply(q2).multiply(q3).multiply(q4).multiply(q5);

        // assert
        EuclideanTestUtils.assertCoordinatesEqual(PLUS_DIAGONAL.normalize(), result.getAxis(), EPS);
        Assertions.assertEquals(2.0 * Math.PI / 3.0, result.getAngle(), EPS);

        assertRotationEquals(StandardRotations.PLUS_DIAGONAL_TWO_THIRDS_PI, result);
    }",QuaternionRotationTest::testMultiply_sameAxis_multiple_oe
commons-geometry_2367,"@Test
    void testMultiply_differentAxes_oe() {
        // arrange
        final QuaternionRotation q1 = QuaternionRotation.fromAxisAngle(Vector3D.Unit.PLUS_X, Angle.PI_OVER_TWO);
        final QuaternionRotation q2 = QuaternionRotation.fromAxisAngle(Vector3D.Unit.PLUS_Y, Angle.PI_OVER_TWO);

        // act
        final QuaternionRotation result = q1.multiply(q2);

        // assert
        EuclideanTestUtils.assertCoordinatesEqual(PLUS_DIAGONAL.normalize(), result.getAxis(), EPS);
        Assertions.assertEquals(2.0 * Math.PI / 3.0, result.getAngle(), EPS);

        assertRotationEquals(StandardRotations.PLUS_DIAGONAL_TWO_THIRDS_PI, result);

        assertRotationEquals(v -> {
            final Vector3D temp = StandardRotations.PLUS_Y_HALF_PI.apply(v);
            return StandardRotations.PLUS_X_HALF_PI.apply(temp);
        }, result);
    }",QuaternionRotationTest::testMultiply_differentAxes_oe
commons-geometry_2368,"@Test
    void testMultiply_orderOfOperations_oe() {
        // arrange
        final QuaternionRotation q1 = QuaternionRotation.fromAxisAngle(Vector3D.Unit.PLUS_X, Angle.PI_OVER_TWO);
        final QuaternionRotation q2 = QuaternionRotation.fromAxisAngle(Vector3D.Unit.PLUS_Y, Math.PI);
        final QuaternionRotation q3 = QuaternionRotation.fromAxisAngle(Vector3D.Unit.MINUS_Z, Angle.PI_OVER_TWO);

        // act
        final QuaternionRotation result = q3.multiply(q2).multiply(q1);

        // assert
        assertRotationEquals(v -> {
            Vector3D temp = StandardRotations.PLUS_X_HALF_PI.apply(v);
            temp = StandardRotations.Y_PI.apply(temp);
            return StandardRotations.MINUS_Z_HALF_PI.apply(temp);
        }, result);
    }",QuaternionRotationTest::testMultiply_orderOfOperations_oe
commons-geometry_2369,"@Test
    void testMultiply_numericalStability_oe() {
        // arrange
        final int slices = 1024;
        final double delta = (8.0 * Math.PI / 3.0) / slices;

        QuaternionRotation q = QuaternionRotation.identity();

        final UniformRandomProvider rand = RandomSource.create(RandomSource.JDK, 2L);

        // act
        for (int i = 0; i < slices; ++i) {
            final double angle = rand.nextDouble();
            final QuaternionRotation forward = QuaternionRotation.fromAxisAngle(PLUS_DIAGONAL, angle);
            final QuaternionRotation backward = QuaternionRotation.fromAxisAngle(PLUS_DIAGONAL, delta - angle);

            q = q.multiply(forward).multiply(backward);
        }

        // assert
        Assertions.assertTrue(q.getQuaternion().getW() > 0);
        Assertions.assertEquals(1.0, q.getQuaternion().norm(), EPS);

        assertRotationEquals(StandardRotations.PLUS_DIAGONAL_TWO_THIRDS_PI, q);
    }",QuaternionRotationTest::testMultiply_numericalStability_oe
commons-geometry_2370,"@Test
    void testPremultiply_sameAxis_simple_oe() {
        // arrange
        final QuaternionRotation q1 = QuaternionRotation.fromAxisAngle(Vector3D.Unit.PLUS_X, 0.1 * Math.PI);
        final QuaternionRotation q2 = QuaternionRotation.fromAxisAngle(Vector3D.Unit.PLUS_X, 0.4 * Math.PI);

        // act
        final QuaternionRotation result = q1.premultiply(q2);

        // assert
        EuclideanTestUtils.assertCoordinatesEqual(Vector3D.Unit.PLUS_X, result.getAxis(), EPS);
        Assertions.assertEquals(Angle.PI_OVER_TWO, result.getAngle(), EPS);

        assertRotationEquals(StandardRotations.PLUS_X_HALF_PI, result);
    }",QuaternionRotationTest::testPremultiply_sameAxis_simple_oe
commons-geometry_2371,"@Test
    void testPremultiply_sameAxis_multiple_oe() {
        // arrange
        final double oneThird = 1.0 / 3.0;
        final QuaternionRotation q1 = QuaternionRotation.fromAxisAngle(PLUS_DIAGONAL, 0.1 * Math.PI);
        final QuaternionRotation q2 = QuaternionRotation.fromAxisAngle(PLUS_DIAGONAL, oneThird * Math.PI);
        final QuaternionRotation q3 = QuaternionRotation.fromAxisAngle(MINUS_DIAGONAL, 0.4 * Math.PI);
        final QuaternionRotation q4 = QuaternionRotation.fromAxisAngle(PLUS_DIAGONAL, 0.3 * Math.PI);
        final QuaternionRotation q5 = QuaternionRotation.fromAxisAngle(MINUS_DIAGONAL, -oneThird * Math.PI);

        // act
        final QuaternionRotation result = q1.premultiply(q2).premultiply(q3).premultiply(q4).premultiply(q5);

        // assert
        EuclideanTestUtils.assertCoordinatesEqual(PLUS_DIAGONAL.normalize(), result.getAxis(), EPS);
        Assertions.assertEquals(2.0 * Math.PI / 3.0, result.getAngle(), EPS);

        assertRotationEquals(StandardRotations.PLUS_DIAGONAL_TWO_THIRDS_PI, result);
    }",QuaternionRotationTest::testPremultiply_sameAxis_multiple_oe
commons-geometry_2372,"@Test
    void testPremultiply_differentAxes_oe() {
        // arrange
        final QuaternionRotation q1 = QuaternionRotation.fromAxisAngle(Vector3D.Unit.PLUS_X, Angle.PI_OVER_TWO);
        final QuaternionRotation q2 = QuaternionRotation.fromAxisAngle(Vector3D.Unit.PLUS_Y, Angle.PI_OVER_TWO);

        // act
        final QuaternionRotation result = q2.premultiply(q1);

        // assert
        EuclideanTestUtils.assertCoordinatesEqual(PLUS_DIAGONAL.normalize(), result.getAxis(), EPS);
        Assertions.assertEquals(2.0 * Math.PI / 3.0, result.getAngle(), EPS);

        assertRotationEquals(StandardRotations.PLUS_DIAGONAL_TWO_THIRDS_PI, result);

        assertRotationEquals(v -> {
            final Vector3D temp = StandardRotations.PLUS_Y_HALF_PI.apply(v);
            return StandardRotations.PLUS_X_HALF_PI.apply(temp);
        }, result);
    }",QuaternionRotationTest::testPremultiply_differentAxes_oe
commons-geometry_2373,"@Test
    void testPremultiply_orderOfOperations_oe() {
        // arrange
        final QuaternionRotation q1 = QuaternionRotation.fromAxisAngle(Vector3D.Unit.PLUS_X, Angle.PI_OVER_TWO);
        final QuaternionRotation q2 = QuaternionRotation.fromAxisAngle(Vector3D.Unit.PLUS_Y, Math.PI);
        final QuaternionRotation q3 = QuaternionRotation.fromAxisAngle(Vector3D.Unit.MINUS_Z, Angle.PI_OVER_TWO);

        // act
        final QuaternionRotation result = q1.premultiply(q2).premultiply(q3);

        // assert
        assertRotationEquals(v -> {
            Vector3D temp = StandardRotations.PLUS_X_HALF_PI.apply(v);
            temp = StandardRotations.Y_PI.apply(temp);
            return StandardRotations.MINUS_Z_HALF_PI.apply(temp);
        }, result);
    }",QuaternionRotationTest::testPremultiply_orderOfOperations_oe
commons-geometry_2374,"@Test
    void testSlerp_followsShortestPath_oe() {
        // arrange
        final QuaternionRotation q1 = QuaternionRotation.fromAxisAngle(Vector3D.Unit.PLUS_Z, 0.75 * Math.PI);
        final QuaternionRotation q2 = QuaternionRotation.fromAxisAngle(Vector3D.Unit.PLUS_Z, -0.75 * Math.PI);

        // act
        final QuaternionRotation result = q1.slerp(q2).apply(0.5);

        // assert
        // the slerp should have followed the path around the pi coordinate of the circle rather than
        // the one through the zero coordinate
        EuclideanTestUtils.assertCoordinatesEqual(Vector3D.Unit.MINUS_X, result.apply(Vector3D.Unit.PLUS_X), EPS);

        EuclideanTestUtils.assertCoordinatesEqual(Vector3D.Unit.PLUS_Z, result.getAxis(), EPS);
        Assertions.assertEquals(Math.PI, result.getAngle(), EPS);
    }",QuaternionRotationTest::testSlerp_followsShortestPath_oe
commons-geometry_2375,"@Test
    void testSlerp_inputQuaternionsHaveMinusOneDotProduct_oe() {
        // arrange
        final QuaternionRotation q1 = QuaternionRotation.of(1, 0, 0, 1); // pi/2 around +z
        final QuaternionRotation q2 = QuaternionRotation.of(-1, 0, 0, -1); // 3pi/2 around -z

        // act
        final QuaternionRotation result = q1.slerp(q2).apply(0.5);

        // assert
        EuclideanTestUtils.assertCoordinatesEqual(Vector3D.Unit.PLUS_Y, result.apply(Vector3D.Unit.PLUS_X), EPS);

        Assertions.assertEquals(Angle.PI_OVER_TWO, result.getAngle(), EPS);
        EuclideanTestUtils.assertCoordinatesEqual(Vector3D.Unit.PLUS_Z, result.getAxis(), EPS);
    }",QuaternionRotationTest::testSlerp_inputQuaternionsHaveMinusOneDotProduct_oe
commons-geometry_2376,"@Test
    void testSlerp_outputQuaternionIsNormalizedForAllT_oe() {
        // arrange
        final QuaternionRotation q1 = QuaternionRotation.fromAxisAngle(Vector3D.Unit.PLUS_Z, 0.25 * Math.PI);
        final QuaternionRotation q2 = QuaternionRotation.fromAxisAngle(Vector3D.Unit.PLUS_Z, 0.75 * Math.PI);

        final int numSteps = 200;
        final double delta = 1d / numSteps;
        for (int step = 0; step <= numSteps; step++) {
            final double t = -10 + step * delta;

            // act
            final QuaternionRotation result = q1.slerp(q2).apply(t);

            // assert
            Assertions.assertEquals(1.0, result.getQuaternion().norm(), EPS);
        }
    }",QuaternionRotationTest::testSlerp_outputQuaternionIsNormalizedForAllT_oe
commons-geometry_2377,"@Test
    void testSlerp_tOutsideOfZeroToOne_apply_oe() {
        // arrange
        final Vector3D vec = Vector3D.Unit.PLUS_X;

        final QuaternionRotation q1 = QuaternionRotation.fromAxisAngle(Vector3D.Unit.PLUS_Z, 0.25 * Math.PI);
        final QuaternionRotation q2 = QuaternionRotation.fromAxisAngle(Vector3D.Unit.PLUS_Z, 0.75 * Math.PI);

        // act/assert
        final DoubleFunction<QuaternionRotation> slerp12 = q1.slerp(q2);
        EuclideanTestUtils.assertCoordinatesEqual(Vector3D.Unit.PLUS_X, slerp12.apply(-4.5).apply(vec), EPS);
        EuclideanTestUtils.assertCoordinatesEqual(Vector3D.Unit.PLUS_X, slerp12.apply(-0.5).apply(vec), EPS);
        EuclideanTestUtils.assertCoordinatesEqual(Vector3D.Unit.MINUS_X, slerp12.apply(1.5).apply(vec), EPS);
        EuclideanTestUtils.assertCoordinatesEqual(Vector3D.Unit.MINUS_X, slerp12.apply(5.5).apply(vec), EPS);

        final DoubleFunction<QuaternionRotation> slerp21 = q2.slerp(q1);
        EuclideanTestUtils.assertCoordinatesEqual(Vector3D.Unit.MINUS_X, slerp21.apply(-4.5).apply(vec), EPS);
        EuclideanTestUtils.assertCoordinatesEqual(Vector3D.Unit.MINUS_X, slerp21.apply(-0.5).apply(vec), EPS);
        EuclideanTestUtils.assertCoordinatesEqual(Vector3D.Unit.PLUS_X, slerp21.apply(1.5).apply(vec), EPS);
        EuclideanTestUtils.assertCoordinatesEqual(Vector3D.Unit.PLUS_X, slerp21.apply(5.5).apply(vec), EPS);
    }",QuaternionRotationTest::testSlerp_tOutsideOfZeroToOne_apply_oe
commons-geometry_2378,"@Test
    void testToMatrix_oe() {
        // act/assert
        // --- x axes
        assertTransformEquals(StandardRotations.IDENTITY, QuaternionRotation.fromAxisAngle(PLUS_X_DIR, 0.0).toMatrix());

        assertTransformEquals(StandardRotations.PLUS_X_HALF_PI, QuaternionRotation.fromAxisAngle(PLUS_X_DIR, Angle.PI_OVER_TWO).toMatrix());
        assertTransformEquals(StandardRotations.PLUS_X_HALF_PI, QuaternionRotation.fromAxisAngle(MINUS_X_DIR, -Angle.PI_OVER_TWO).toMatrix());

        assertTransformEquals(StandardRotations.MINUS_X_HALF_PI, QuaternionRotation.fromAxisAngle(MINUS_X_DIR, Angle.PI_OVER_TWO).toMatrix());
        assertTransformEquals(StandardRotations.MINUS_X_HALF_PI, QuaternionRotation.fromAxisAngle(PLUS_X_DIR, -Angle.PI_OVER_TWO).toMatrix());

        assertTransformEquals(StandardRotations.X_PI, QuaternionRotation.fromAxisAngle(PLUS_X_DIR, Math.PI).toMatrix());
        assertTransformEquals(StandardRotations.X_PI, QuaternionRotation.fromAxisAngle(MINUS_X_DIR, Math.PI).toMatrix());

        // --- y axes
        assertTransformEquals(StandardRotations.IDENTITY, QuaternionRotation.fromAxisAngle(PLUS_Y_DIR, 0.0).toMatrix());

        assertTransformEquals(StandardRotations.PLUS_Y_HALF_PI, QuaternionRotation.fromAxisAngle(PLUS_Y_DIR, Angle.PI_OVER_TWO).toMatrix());
        assertTransformEquals(StandardRotations.PLUS_Y_HALF_PI, QuaternionRotation.fromAxisAngle(MINUS_Y_DIR, -Angle.PI_OVER_TWO).toMatrix());

        assertTransformEquals(StandardRotations.MINUS_Y_HALF_PI, QuaternionRotation.fromAxisAngle(MINUS_Y_DIR, Angle.PI_OVER_TWO).toMatrix());
        assertTransformEquals(StandardRotations.MINUS_Y_HALF_PI, QuaternionRotation.fromAxisAngle(PLUS_Y_DIR, -Angle.PI_OVER_TWO).toMatrix());

        assertTransformEquals(StandardRotations.Y_PI, QuaternionRotation.fromAxisAngle(PLUS_Y_DIR, Math.PI).toMatrix());
        assertTransformEquals(StandardRotations.Y_PI, QuaternionRotation.fromAxisAngle(MINUS_Y_DIR, Math.PI).toMatrix());

        // --- z axes
        assertTransformEquals(StandardRotations.IDENTITY, QuaternionRotation.fromAxisAngle(PLUS_Z_DIR, 0.0).toMatrix());

        assertTransformEquals(StandardRotations.PLUS_Z_HALF_PI, QuaternionRotation.fromAxisAngle(PLUS_Z_DIR, Angle.PI_OVER_TWO).toMatrix());
        assertTransformEquals(StandardRotations.PLUS_Z_HALF_PI, QuaternionRotation.fromAxisAngle(MINUS_Z_DIR, -Angle.PI_OVER_TWO).toMatrix());

        assertTransformEquals(StandardRotations.MINUS_Z_HALF_PI, QuaternionRotation.fromAxisAngle(MINUS_Z_DIR, Angle.PI_OVER_TWO).toMatrix());
        assertTransformEquals(StandardRotations.MINUS_Z_HALF_PI, QuaternionRotation.fromAxisAngle(PLUS_Z_DIR, -Angle.PI_OVER_TWO).toMatrix());

        assertTransformEquals(StandardRotations.Z_PI, QuaternionRotation.fromAxisAngle(PLUS_Z_DIR, Math.PI).toMatrix());
        assertTransformEquals(StandardRotations.Z_PI, QuaternionRotation.fromAxisAngle(MINUS_Z_DIR, Math.PI).toMatrix());

        // --- diagonal
        assertTransformEquals(StandardRotations.PLUS_DIAGONAL_TWO_THIRDS_PI, QuaternionRotation.fromAxisAngle(PLUS_DIAGONAL, TWO_THIRDS_PI).toMatrix());
        assertTransformEquals(StandardRotations.PLUS_DIAGONAL_TWO_THIRDS_PI, QuaternionRotation.fromAxisAngle(MINUS_DIAGONAL, MINUS_TWO_THIRDS_PI).toMatrix());

        assertTransformEquals(StandardRotations.MINUS_DIAGONAL_TWO_THIRDS_PI, QuaternionRotation.fromAxisAngle(MINUS_DIAGONAL, TWO_THIRDS_PI).toMatrix());
        assertTransformEquals(StandardRotations.MINUS_DIAGONAL_TWO_THIRDS_PI, QuaternionRotation.fromAxisAngle(PLUS_DIAGONAL, MINUS_TWO_THIRDS_PI).toMatrix());
    }",QuaternionRotationTest::testToMatrix_oe
commons-geometry_2379,"@Test
    void testAxisAngleSequenceConversion_relative_eulerSingularities_oe() {
        // arrange
        final double[] eulerSingularities = {
            0.0,
            Math.PI
        };

        final double angle1 = 0.1;
        final double angle2 = 0.3;

        final AxisReferenceFrame frame = AxisReferenceFrame.RELATIVE;

        for (final AxisSequence axes : getAxes(AxisSequenceType.EULER)) {
            for (final double singularityAngle : eulerSingularities) {

                final AxisAngleSequence inputSeq = new AxisAngleSequence(frame, axes, angle1, singularityAngle, angle2);
                final QuaternionRotation inputQuat = QuaternionRotation.fromAxisAngleSequence(inputSeq);

                // act
                final AxisAngleSequence resultSeq = inputQuat.toAxisAngleSequence(frame, axes);
                final QuaternionRotation resultQuat = QuaternionRotation.fromAxisAngleSequence(resultSeq);

                // assert
                Assertions.assertEquals(frame, resultSeq.getReferenceFrame());
                Assertions.assertEquals(axes, resultSeq.getAxisSequence());

                assertRadiansEquals(singularityAngle, resultSeq.getAngle2());
                assertRadiansEquals(0.0, resultSeq.getAngle3());

                checkQuaternion(resultQuat, inputQuat.getQuaternion().getW(), inputQuat.getQuaternion().getX(), inputQuat.getQuaternion().getY(), inputQuat.getQuaternion().getZ());
            }
        }
    }",QuaternionRotationTest::testAxisAngleSequenceConversion_relative_eulerSingularities_oe
commons-geometry_2380,"@Test
    void testAxisAngleSequenceConversion_absolute_eulerSingularities_oe() {
        // arrange
        final double[] eulerSingularities = {
            0.0,
            Math.PI
        };

        final double angle1 = 0.1;
        final double angle2 = 0.3;

        final AxisReferenceFrame frame = AxisReferenceFrame.ABSOLUTE;

        for (final AxisSequence axes : getAxes(AxisSequenceType.EULER)) {
            for (final double singularityAngle : eulerSingularities) {

                final AxisAngleSequence inputSeq = new AxisAngleSequence(frame, axes, angle1, singularityAngle, angle2);
                final QuaternionRotation inputQuat = QuaternionRotation.fromAxisAngleSequence(inputSeq);

                // act
                final AxisAngleSequence resultSeq = inputQuat.toAxisAngleSequence(frame, axes);
                final QuaternionRotation resultQuat = QuaternionRotation.fromAxisAngleSequence(resultSeq);

                // assert
                Assertions.assertEquals(frame, resultSeq.getReferenceFrame());
                Assertions.assertEquals(axes, resultSeq.getAxisSequence());

                assertRadiansEquals(0.0, resultSeq.getAngle1());
                assertRadiansEquals(singularityAngle, resultSeq.getAngle2());

                checkQuaternion(resultQuat, inputQuat.getQuaternion().getW(), inputQuat.getQuaternion().getX(), inputQuat.getQuaternion().getY(), inputQuat.getQuaternion().getZ());
            }
        }
    }",QuaternionRotationTest::testAxisAngleSequenceConversion_absolute_eulerSingularities_oe
commons-geometry_2381,"@Test
    void testAxisAngleSequenceConversion_relative_taitBryanSingularities_oe() {
        // arrange
        final double[] taitBryanSingularities = {
            -Angle.PI_OVER_TWO,
            Angle.PI_OVER_TWO
        };

        final double angle1 = 0.1;
        final double angle2 = 0.3;

        final AxisReferenceFrame frame = AxisReferenceFrame.RELATIVE;

        for (final AxisSequence axes : getAxes(AxisSequenceType.TAIT_BRYAN)) {
            for (final double singularityAngle : taitBryanSingularities) {

                final AxisAngleSequence inputSeq = new AxisAngleSequence(frame, axes, angle1, singularityAngle, angle2);
                final QuaternionRotation inputQuat = QuaternionRotation.fromAxisAngleSequence(inputSeq);

                // act
                final AxisAngleSequence resultSeq = inputQuat.toAxisAngleSequence(frame, axes);
                final QuaternionRotation resultQuat = QuaternionRotation.fromAxisAngleSequence(resultSeq);

                // assert
                Assertions.assertEquals(frame, resultSeq.getReferenceFrame());
                Assertions.assertEquals(axes, resultSeq.getAxisSequence());

                assertRadiansEquals(singularityAngle, resultSeq.getAngle2());
                assertRadiansEquals(0.0, resultSeq.getAngle3());

                checkQuaternion(resultQuat, inputQuat.getQuaternion().getW(), inputQuat.getQuaternion().getX(), inputQuat.getQuaternion().getY(), inputQuat.getQuaternion().getZ());
            }
        }
    }",QuaternionRotationTest::testAxisAngleSequenceConversion_relative_taitBryanSingularities_oe
commons-geometry_2382,"@Test
    void testAxisAngleSequenceConversion_absolute_taitBryanSingularities_oe() {
        // arrange
        final double[] taitBryanSingularities = {
            -Angle.PI_OVER_TWO,
            Angle.PI_OVER_TWO
        };

        final double angle1 = 0.1;
        final double angle2 = 0.3;

        final AxisReferenceFrame frame = AxisReferenceFrame.ABSOLUTE;

        for (final AxisSequence axes : getAxes(AxisSequenceType.TAIT_BRYAN)) {
            for (final double singularityAngle : taitBryanSingularities) {

                final AxisAngleSequence inputSeq = new AxisAngleSequence(frame, axes, angle1, singularityAngle, angle2);
                final QuaternionRotation inputQuat = QuaternionRotation.fromAxisAngleSequence(inputSeq);

                // act
                final AxisAngleSequence resultSeq = inputQuat.toAxisAngleSequence(frame, axes);
                final QuaternionRotation resultQuat = QuaternionRotation.fromAxisAngleSequence(resultSeq);

                // assert
                Assertions.assertEquals(frame, resultSeq.getReferenceFrame());
                Assertions.assertEquals(axes, resultSeq.getAxisSequence());

                assertRadiansEquals(0.0, resultSeq.getAngle1());
                assertRadiansEquals(singularityAngle, resultSeq.getAngle2());

                checkQuaternion(resultQuat, inputQuat.getQuaternion().getW(), inputQuat.getQuaternion().getX(), inputQuat.getQuaternion().getY(), inputQuat.getQuaternion().getZ());
            }
        }
    }",QuaternionRotationTest::testAxisAngleSequenceConversion_absolute_taitBryanSingularities_oe
commons-geometry_2383,"@Test
    void testToAxisAngleSequence_invalidArgs_oe() {
        // arrange
        final QuaternionRotation q = QuaternionRotation.identity();

        // act/assert
        Assertions.assertThrows(IllegalArgumentException.class, () -> q.toAxisAngleSequence(null, AxisSequence.XYZ));
        Assertions.assertThrows(IllegalArgumentException.class, () -> q.toAxisAngleSequence(AxisReferenceFrame.ABSOLUTE, null));
    }",QuaternionRotationTest::testToAxisAngleSequence_invalidArgs_oe
commons-geometry_2384,"@Test
    void testToRelativeAxisAngleSequence_oe() {
        // arrange
        final QuaternionRotation q = QuaternionRotation.fromAxisAngle(PLUS_DIAGONAL, TWO_THIRDS_PI);

        // act
        final AxisAngleSequence seq = q.toRelativeAxisAngleSequence(AxisSequence.YZX);

        // assert
        Assertions.assertEquals(AxisReferenceFrame.RELATIVE, seq.getReferenceFrame());
        Assertions.assertEquals(AxisSequence.YZX, seq.getAxisSequence());
        Assertions.assertEquals(Angle.PI_OVER_TWO, seq.getAngle1(), EPS);
        Assertions.assertEquals(Angle.PI_OVER_TWO, seq.getAngle2(), EPS);
        Assertions.assertEquals(0, seq.getAngle3(), EPS);
    }",QuaternionRotationTest::testToRelativeAxisAngleSequence_oe
commons-geometry_2385,"@Test
    void testToAbsoluteAxisAngleSequence_oe() {
        // arrange
        final QuaternionRotation q = QuaternionRotation.fromAxisAngle(PLUS_DIAGONAL, TWO_THIRDS_PI);

        // act
        final AxisAngleSequence seq = q.toAbsoluteAxisAngleSequence(AxisSequence.YZX);

        // assert
        Assertions.assertEquals(AxisReferenceFrame.ABSOLUTE, seq.getReferenceFrame());
        Assertions.assertEquals(AxisSequence.YZX, seq.getAxisSequence());
        Assertions.assertEquals(Angle.PI_OVER_TWO, seq.getAngle1(), EPS);
        Assertions.assertEquals(0, seq.getAngle2(), EPS);
        Assertions.assertEquals(Angle.PI_OVER_TWO, seq.getAngle3(), EPS);
    }",QuaternionRotationTest::testToAbsoluteAxisAngleSequence_oe
commons-geometry_2386,"@Test
    void testHashCode_oe() {
        // arrange
        final double delta = 100 * Precision.EPSILON;
        final QuaternionRotation q1 = QuaternionRotation.of(1, 2, 3, 4);
        final QuaternionRotation q2 = QuaternionRotation.of(1, 2, 3, 4);

        // act/assert
        Assertions.assertEquals(q1.hashCode(), q2.hashCode());

        Assertions.assertNotEquals(q1.hashCode(), QuaternionRotation.of(1 + delta, 2, 3, 4).hashCode());
        Assertions.assertNotEquals(q1.hashCode(), QuaternionRotation.of(1, 2 + delta, 3, 4).hashCode());
        Assertions.assertNotEquals(q1.hashCode(), QuaternionRotation.of(1, 2, 3 + delta, 4).hashCode());
        Assertions.assertNotEquals(q1.hashCode(), QuaternionRotation.of(1, 2, 3, 4 + delta).hashCode());
    }",QuaternionRotationTest::testHashCode_oe
commons-geometry_2387,"@Test
    void testEquals_oe() {
        // arrange
        final double delta = 100 * Precision.EPSILON;
        final QuaternionRotation q1 = QuaternionRotation.of(1, 2, 3, 4);
        final QuaternionRotation q2 = QuaternionRotation.of(1, 2, 3, 4);

        // act/assert
        GeometryTestUtils.assertSimpleEqualsCases(q1);
        Assertions.assertEquals(q1, q2);

        Assertions.assertNotEquals(q1, QuaternionRotation.of(-1, -2, -3, 4));
        Assertions.assertNotEquals(q1, QuaternionRotation.of(1, 2, 3, -4));

        Assertions.assertNotEquals(q1, QuaternionRotation.of(1 + delta, 2, 3, 4));
        Assertions.assertNotEquals(q1, QuaternionRotation.of(1, 2 + delta, 3, 4));
        Assertions.assertNotEquals(q1, QuaternionRotation.of(1, 2, 3 + delta, 4));
        Assertions.assertNotEquals(q1, QuaternionRotation.of(1, 2, 3, 4 + delta));
    }",QuaternionRotationTest::testEquals_oe
commons-geometry_2388,"@Test
    void testToString_oe() {
        // arrange
        final QuaternionRotation q = QuaternionRotation.of(1, 2, 3, 4);
        final Quaternion qField = q.getQuaternion();

        // assert
        Assertions.assertEquals(qField.toString(), q.toString());
    }",QuaternionRotationTest::testToString_oe
commons-geometry_2389,"@Test
    void testCreateVectorRotation_simple_oe() {
        // arrange
        final Vector3D u1 = Vector3D.Unit.PLUS_X;
        final Vector3D u2 = Vector3D.Unit.PLUS_Y;

        // act
        final QuaternionRotation q = QuaternionRotation.createVectorRotation(u1, u2);

        // assert
        final double val = Math.sqrt(2) * 0.5;

        checkQuaternion(q, val, 0, 0, val);

        EuclideanTestUtils.assertCoordinatesEqual(Vector3D.Unit.PLUS_Z, q.getAxis(), EPS);
        Assertions.assertEquals(Angle.PI_OVER_TWO, q.getAngle(), EPS);

        EuclideanTestUtils.assertCoordinatesEqual(u2, q.apply(u1), EPS);
        EuclideanTestUtils.assertCoordinatesEqual(u1, q.inverse().apply(u2), EPS);
    }",QuaternionRotationTest::testCreateVectorRotation_simple_oe
commons-geometry_2390,"@Test
    void testCreateVectorRotation_identity_oe() {
        // arrange
        final Vector3D u1 = Vector3D.of(0, 2, 0);

        // act
        final QuaternionRotation q = QuaternionRotation.createVectorRotation(u1, u1);

        // assert
        checkQuaternion(q, 1, 0, 0, 0);

        EuclideanTestUtils.assertCoordinatesEqual(Vector3D.Unit.PLUS_X, q.getAxis(), EPS);
        Assertions.assertEquals(0.0, q.getAngle(), EPS);

        EuclideanTestUtils.assertCoordinatesEqual(Vector3D.of(0, 2, 0), q.apply(u1), EPS);
        EuclideanTestUtils.assertCoordinatesEqual(Vector3D.of(0, 2, 0), q.inverse().apply(u1), EPS);
    }",QuaternionRotationTest::testCreateVectorRotation_identity_oe
commons-geometry_2391,"@Test
    void testCreateVectorRotation_parallel_oe() {
        // arrange
        final Vector3D u1 = Vector3D.of(0, 2, 0);
        final Vector3D u2 = Vector3D.of(0, 3, 0);

        // act
        final QuaternionRotation q = QuaternionRotation.createVectorRotation(u1, u2);

        // assert
        checkQuaternion(q, 1, 0, 0, 0);

        EuclideanTestUtils.assertCoordinatesEqual(Vector3D.Unit.PLUS_X, q.getAxis(), EPS);
        Assertions.assertEquals(0.0, q.getAngle(), EPS);

        EuclideanTestUtils.assertCoordinatesEqual(Vector3D.of(0, 2, 0), q.apply(u1), EPS);
        EuclideanTestUtils.assertCoordinatesEqual(Vector3D.of(0, 3, 0), q.inverse().apply(u2), EPS);
    }",QuaternionRotationTest::testCreateVectorRotation_parallel_oe
commons-geometry_2392,"@Test
    void testCreateVectorRotation_antiparallel_oe() {
        // arrange
        final Vector3D u1 = Vector3D.of(0, 2, 0);
        final Vector3D u2 = Vector3D.of(0, -3, 0);

        // act
        final QuaternionRotation q = QuaternionRotation.createVectorRotation(u1, u2);

        // assert
        final Vector3D axis = q.getAxis();
        Assertions.assertEquals(0.0, axis.dot(u1), EPS);
        Assertions.assertEquals(0.0, axis.dot(u2), EPS);
        Assertions.assertEquals(Math.PI, q.getAngle(), EPS);

        EuclideanTestUtils.assertCoordinatesEqual(Vector3D.of(0, -2, 0), q.apply(u1), EPS);
        EuclideanTestUtils.assertCoordinatesEqual(Vector3D.of(0, 3, 0), q.inverse().apply(u2), EPS);
    }",QuaternionRotationTest::testCreateVectorRotation_antiparallel_oe
commons-geometry_2393,"@Test
    void testCreateVectorRotation_permute_oe() {
        EuclideanTestUtils.permuteSkipZero(-5, 5, 0.1, (x, y, z) -> {
            // arrange
            final Vector3D u1 = Vector3D.of(x, y, z);
            final Vector3D u2 = PLUS_DIAGONAL;

            // act
            final QuaternionRotation q = QuaternionRotation.createVectorRotation(u1, u2);

            // assert
            Assertions.assertEquals(0.0, q.apply(u1).angle(u2), EPS);
            Assertions.assertEquals(0.0, q.inverse().apply(u2).angle(u1), EPS);

            final double angle = q.getAngle();
            Assertions.assertTrue(angle >= 0.0);
            Assertions.assertTrue(angle <= Math.PI);
        });
    }",QuaternionRotationTest::testCreateVectorRotation_permute_oe
commons-geometry_2394,"@Test
    void testCreateVectorRotation_invalidArgs_oe() {
        // act/assert
        Assertions.assertThrows(IllegalArgumentException.class, () -> QuaternionRotation.createVectorRotation(Vector3D.ZERO, Vector3D.Unit.PLUS_X));
        Assertions.assertThrows(IllegalArgumentException.class, () -> QuaternionRotation.createVectorRotation(Vector3D.Unit.PLUS_X, Vector3D.ZERO));
        Assertions.assertThrows(IllegalArgumentException.class, () -> QuaternionRotation.createVectorRotation(Vector3D.NaN, Vector3D.Unit.PLUS_X));
        Assertions.assertThrows(IllegalArgumentException.class, () -> QuaternionRotation.createVectorRotation(Vector3D.Unit.PLUS_X, Vector3D.POSITIVE_INFINITY));
        Assertions.assertThrows(IllegalArgumentException.class, () -> QuaternionRotation.createVectorRotation(Vector3D.Unit.PLUS_X, Vector3D.NEGATIVE_INFINITY));
    }",QuaternionRotationTest::testCreateVectorRotation_invalidArgs_oe
commons-geometry_2395,"@Test
    void testCreateBasisRotation_simple_oe() {
        // arrange
        final Vector3D u1 = Vector3D.Unit.PLUS_X;
        final Vector3D u2 = Vector3D.Unit.PLUS_Y;

        final Vector3D v1 = Vector3D.Unit.PLUS_Y;
        final Vector3D v2 = Vector3D.Unit.MINUS_X;

        // act
        final QuaternionRotation q = QuaternionRotation.createBasisRotation(u1, u2, v1, v2);

        // assert
        final QuaternionRotation qInv = q.inverse();

        EuclideanTestUtils.assertCoordinatesEqual(v1, q.apply(u1), EPS);
        EuclideanTestUtils.assertCoordinatesEqual(v2, q.apply(u2), EPS);

        EuclideanTestUtils.assertCoordinatesEqual(u1, qInv.apply(v1), EPS);
        EuclideanTestUtils.assertCoordinatesEqual(u2, qInv.apply(v2), EPS);

        assertRotationEquals(StandardRotations.PLUS_Z_HALF_PI, q);
    }",QuaternionRotationTest::testCreateBasisRotation_simple_oe
commons-geometry_2396,"@Test
    void testCreateBasisRotation_diagonalAxis_oe() {
        // arrange
        final Vector3D u1 = Vector3D.Unit.PLUS_X;
        final Vector3D u2 = Vector3D.Unit.PLUS_Y;

        final Vector3D v1 = Vector3D.Unit.PLUS_Y;
        final Vector3D v2 = Vector3D.Unit.PLUS_Z;

        // act
        final QuaternionRotation q = QuaternionRotation.createBasisRotation(u1, u2, v1, v2);

        // assert
        final QuaternionRotation qInv = q.inverse();

        EuclideanTestUtils.assertCoordinatesEqual(v1, q.apply(u1), EPS);
        EuclideanTestUtils.assertCoordinatesEqual(v2, q.apply(u2), EPS);

        EuclideanTestUtils.assertCoordinatesEqual(u1, qInv.apply(v1), EPS);
        EuclideanTestUtils.assertCoordinatesEqual(u2, qInv.apply(v2), EPS);

        assertRotationEquals(StandardRotations.PLUS_DIAGONAL_TWO_THIRDS_PI, q);
        assertRotationEquals(StandardRotations.MINUS_DIAGONAL_TWO_THIRDS_PI, q.inverse());
    }",QuaternionRotationTest::testCreateBasisRotation_diagonalAxis_oe
commons-geometry_2397,"@Test
    void testCreateBasisRotation_identity_oe() {
        // arrange
        final Vector3D u1 = Vector3D.Unit.PLUS_X;
        final Vector3D u2 = Vector3D.Unit.PLUS_Y;

        // act
        final QuaternionRotation q = QuaternionRotation.createBasisRotation(u1, u2, u1, u2);

        // assert
        final QuaternionRotation qInv = q.inverse();

        EuclideanTestUtils.assertCoordinatesEqual(u1, q.apply(u1), EPS);
        EuclideanTestUtils.assertCoordinatesEqual(u2, q.apply(u2), EPS);

        EuclideanTestUtils.assertCoordinatesEqual(u1, qInv.apply(u1), EPS);
        EuclideanTestUtils.assertCoordinatesEqual(u2, qInv.apply(u2), EPS);

        assertRotationEquals(StandardRotations.IDENTITY, q);
    }",QuaternionRotationTest::testCreateBasisRotation_identity_oe
commons-geometry_2398,"@Test
    void testCreateBasisRotation_equivalentBases_oe() {
        // arrange
        final Vector3D u1 = Vector3D.of(2, 0, 0);
        final Vector3D u2 = Vector3D.of(0, 3, 0);

        final Vector3D v1 = Vector3D.of(4, 0, 0);
        final Vector3D v2 = Vector3D.of(0, 5, 0);

        // act
        final QuaternionRotation q = QuaternionRotation.createBasisRotation(u1, u2, v1, v2);

        // assert
        final QuaternionRotation qInv = q.inverse();

        EuclideanTestUtils.assertCoordinatesEqual(u1, q.apply(u1), EPS);
        EuclideanTestUtils.assertCoordinatesEqual(u2, q.apply(u2), EPS);

        EuclideanTestUtils.assertCoordinatesEqual(v1, qInv.apply(v1), EPS);
        EuclideanTestUtils.assertCoordinatesEqual(v2, qInv.apply(v2), EPS);

        assertRotationEquals(StandardRotations.IDENTITY, q);
    }",QuaternionRotationTest::testCreateBasisRotation_equivalentBases_oe
commons-geometry_2399,"@Test
    void testCreateBasisRotation_nonOrthogonalVectors_oe() {
        // arrange
        final Vector3D u1 = Vector3D.of(2, 0, 0);
        final Vector3D u2 = Vector3D.of(1, 0.5, 0);

        final Vector3D v1 = Vector3D.of(0, 1.5, 0);
        final Vector3D v2 = Vector3D.of(-1, 1.5, 0);

        // act
        final QuaternionRotation q = QuaternionRotation.createBasisRotation(u1, u2, v1, v2);

        // assert
        final QuaternionRotation qInv = q.inverse();

        EuclideanTestUtils.assertCoordinatesEqual(Vector3D.of(0, 2, 0), q.apply(u1), EPS);
        EuclideanTestUtils.assertCoordinatesEqual(Vector3D.of(-0.5, 1, 0), q.apply(u2), EPS);

        EuclideanTestUtils.assertCoordinatesEqual(Vector3D.of(1.5, 0, 0), qInv.apply(v1), EPS);
        EuclideanTestUtils.assertCoordinatesEqual(Vector3D.of(1.5, 1, 0), qInv.apply(v2), EPS);

        assertRotationEquals(StandardRotations.PLUS_Z_HALF_PI, q);
    }",QuaternionRotationTest::testCreateBasisRotation_nonOrthogonalVectors_oe
commons-geometry_2400,"@Test
    void testCreateBasisRotation_permute_oe() {
        // arrange
        final Vector3D u1 = Vector3D.of(1, 2, 3);
        final Vector3D u2 = Vector3D.of(0, 4, 0);

        final Vector3D u1Dir = u1.normalize();
        final Vector3D u2Dir = u1Dir.orthogonal(u2);

        EuclideanTestUtils.permuteSkipZero(-5, 5, 0.2, (x, y, z) -> {
            final Vector3D v1 = Vector3D.of(x, y, z);
            final Vector3D v2 = v1.orthogonal();

            final Vector3D v1Dir = v1.normalize();
            final Vector3D v2Dir = v2.normalize();

            // act
            final QuaternionRotation q = QuaternionRotation.createBasisRotation(u1, u2, v1, v2);
            final QuaternionRotation qInv = q.inverse();

            // assert
            EuclideanTestUtils.assertCoordinatesEqual(v1Dir, q.apply(u1Dir), EPS);
            EuclideanTestUtils.assertCoordinatesEqual(v2Dir, q.apply(u2Dir), EPS);

            EuclideanTestUtils.assertCoordinatesEqual(u1Dir, qInv.apply(v1Dir), EPS);
            EuclideanTestUtils.assertCoordinatesEqual(u2Dir, qInv.apply(v2Dir), EPS);

            final double angle = q.getAngle();
            Assertions.assertTrue(angle >= 0.0);
            Assertions.assertTrue(angle <= Math.PI);

            final Vector3D transformedX = q.apply(Vector3D.Unit.PLUS_X);
            final Vector3D transformedY = q.apply(Vector3D.Unit.PLUS_Y);
            final Vector3D transformedZ = q.apply(Vector3D.Unit.PLUS_Z);

            Assertions.assertEquals(1.0, transformedX.norm(), EPS);
            Assertions.assertEquals(1.0, transformedY.norm(), EPS);
            Assertions.assertEquals(1.0, transformedZ.norm(), EPS);

            Assertions.assertEquals(0.0, transformedX.dot(transformedY), EPS);
            Assertions.assertEquals(0.0, transformedX.dot(transformedZ), EPS);
            Assertions.assertEquals(0.0, transformedY.dot(transformedZ), EPS);

            EuclideanTestUtils.assertCoordinatesEqual(transformedZ.normalize(),
                    transformedX.normalize().cross(transformedY.normalize()), EPS);

            Assertions.assertEquals(1.0, q.getQuaternion().norm(), EPS);
        });
    }",QuaternionRotationTest::testCreateBasisRotation_permute_oe
commons-geometry_2401,"@Test
    void testCreateBasisRotation_invalidArgs_oe() {
        // act/assert
        Assertions.assertThrows(IllegalArgumentException.class, () -> QuaternionRotation.createBasisRotation(
                Vector3D.ZERO, Vector3D.Unit.PLUS_Y, Vector3D.Unit.PLUS_Y, Vector3D.Unit.MINUS_X));
        Assertions.assertThrows(IllegalArgumentException.class, () -> QuaternionRotation.createBasisRotation(
                Vector3D.Unit.PLUS_X, Vector3D.NaN, Vector3D.Unit.PLUS_Y, Vector3D.Unit.MINUS_X));
        Assertions.assertThrows(IllegalArgumentException.class, () -> QuaternionRotation.createBasisRotation(
                Vector3D.Unit.PLUS_X, Vector3D.Unit.PLUS_Y, Vector3D.POSITIVE_INFINITY, Vector3D.Unit.MINUS_X));
        Assertions.assertThrows(IllegalArgumentException.class, () -> QuaternionRotation.createBasisRotation(
                Vector3D.Unit.PLUS_X, Vector3D.Unit.PLUS_Y, Vector3D.Unit.PLUS_Y, Vector3D.NEGATIVE_INFINITY));
        Assertions.assertThrows(IllegalArgumentException.class, () -> QuaternionRotation.createBasisRotation(
                Vector3D.Unit.PLUS_X, Vector3D.Unit.PLUS_X, Vector3D.Unit.PLUS_Y, Vector3D.Unit.MINUS_X));
        Assertions.assertThrows(IllegalArgumentException.class, () -> QuaternionRotation.createBasisRotation(
                Vector3D.Unit.PLUS_X, Vector3D.Unit.PLUS_Y, Vector3D.Unit.PLUS_Y, Vector3D.Unit.MINUS_Y));
    }",QuaternionRotationTest::testCreateBasisRotation_invalidArgs_oe
commons-geometry_2402,"@Test
    void testFromEulerAngles_identity_oe() {
        for (final AxisSequence axes : AxisSequence.values()) {

            // act/assert
            assertRotationEquals(StandardRotations.IDENTITY,
                    QuaternionRotation.fromAxisAngleSequence(AxisAngleSequence.createRelative(axes, 0, 0, 0)));
            assertRotationEquals(StandardRotations.IDENTITY,
                    QuaternionRotation.fromAxisAngleSequence(AxisAngleSequence.createRelative(axes, Angle.TWO_PI, Angle.TWO_PI, Angle.TWO_PI)));

            assertRotationEquals(StandardRotations.IDENTITY,
                    QuaternionRotation.fromAxisAngleSequence(AxisAngleSequence.createAbsolute(axes, 0, 0, 0)));
            assertRotationEquals(StandardRotations.IDENTITY,
                    QuaternionRotation.fromAxisAngleSequence(AxisAngleSequence.createAbsolute(axes, Angle.TWO_PI, Angle.TWO_PI, Angle.TWO_PI)));
        }
    }",QuaternionRotationTest::testFromEulerAngles_identity_oe
